260
oaoplv yufuna bbkjuv earqku knpgjt reyhyh kiruln veydda rapovz kpbkzr hcsyvi xlyqmf mivpct rpnphw lpdawl ydppfg
16 2 8 13 1 11 10 6 3 7 14 15 4 5 12 9
1 17 -1 -1 -1
3 17 1 -1 -1
6 16 X 3 1
14 15 X 6 1
51 13 X 14 6
75 12 X 1 51
66 12 X 1 6
138 10 X 75 66
26 14 X 1 14
20 14 X 1 6
61 13 X 26 20
80 12 X 1 61
120 11 X 75 80
69 12 X 1 20
108 11 X 66 69
144 10 X 120 108
225 6 X 138 144
2 17 0 -1 -1
7 16 X 3 2
17 15 X 7 6
31 14 X 6 17
73 12 X 1 31
118 11 X 73 66
139 10 X 75 118
10 15 X 2 6
30 14 X 6 10
72 12 X 1 30
117 11 X 72 69
145 10 X 120 117
226 6 X 139 145
240 5 X 225 226
67 12 X 1 14
159 9 X 67 75
182 8 X 67 159
71 12 X 1 26
110 11 X 67 71
168 9 X 110 120
230 6 X 182 168
250 4 X 240 230
37 14 X 14 6
56 13 X 14 37
78 12 X 1 56
47 13 X 6 37
74 12 X 1 47
140 10 X 78 74
176 9 X 138 140
123 11 X 78 80
119 11 X 74 69
146 10 X 123 119
180 9 X 144 146
203 8 X 180 144
229 6 X 176 203
162 9 X 67 78
183 8 X 67 162
171 9 X 110 123
198 8 X 171 168
232 6 X 183 198
248 4 X 229 232
256 3 X 250 248
4 16 X 1 2
12 15 X 4 1
41 13 X 1 12
55 13 X 14 31
91 12 X 41 55
130 11 X 91 75
83 12 X 12 31
148 10 X 130 83
25 14 X 1 12
60 13 X 25 12
100 12 X 60 31
125 11 X 83 100
149 10 X 130 125
184 8 X 148 149
44 13 X 1 25
96 12 X 44 55
132 11 X 96 75
86 12 X 25 31
127 11 X 86 66
151 10 X 132 127
210 7 X 184 151
9 15 X 2 1
33 14 X 12 9
45 13 X 1 33
54 13 X 14 30
97 12 X 45 54
29 14 X 1 17
64 13 X 26 29
92 12 X 41 64
133 11 X 97 92
88 12 X 33 30
99 12 X 60 29
128 11 X 88 99
152 10 X 133 128
40 13 X 1 9
89 12 X 40 54
23 14 X 1 10
62 13 X 26 23
90 12 X 40 62
129 11 X 89 90
82 12 X 9 30
5 16 X 2 1
13 15 X 5 1
34 14 X 13 9
65 13 X 34 9
101 12 X 65 23
124 11 X 82 101
147 10 X 129 124
181 9 X 152 147
22 14 X 1 9
43 13 X 1 22
95 12 X 43 54
131 11 X 95 80
85 12 X 22 30
126 11 X 85 69
150 10 X 131 126
209 7 X 181 150
235 6 X 210 209
241 5 X 225 235
223 6 X 67 110
251 4 X 241 223
18 14 X 1 2
42 13 X 1 18
15 15 X 6 2
38 14 X 14 15
57 13 X 14 38
93 12 X 42 57
114 11 X 67 93
136 10 X 67 114
174 9 X 136 67
204 7 X 67 174
27 14 X 1 15
63 13 X 26 27
94 12 X 42 63
115 11 X 67 94
143 10 X 110 115
179 9 X 143 110
202 8 X 179 110
207 7 X 110 202
234 6 X 204 207
8 15 X 1 5
16 15 X 6 5
39 14 X 14 16
81 12 X 8 39
111 11 X 67 81
134 10 X 67 111
172 9 X 134 67
21 14 X 1 8
58 13 X 21 8
98 12 X 58 39
116 11 X 67 98
137 10 X 67 116
175 9 X 137 67
199 8 X 172 175
32 14 X 8 2
35 14 X 14 2
87 12 X 32 35
113 11 X 67 87
135 10 X 67 113
173 9 X 135 67
220 7 X 199 173
28 14 X 1 16
84 12 X 21 28
112 11 X 67 84
142 10 X 110 112
178 9 X 142 110
201 8 X 178 110
109 11 X 67 18
141 10 X 110 109
177 9 X 141 110
200 8 X 177 110
221 7 X 201 200
239 6 X 220 221
245 5 X 234 239
249 4 X 229 245
257 3 X 251 249
259 2 X 256 257
205 7 X 108 66
222 6 X 66 205
208 7 X 168 159
231 6 X 182 208
247 4 X 222 231
157 9 X 66 74
165 9 X 108 119
193 8 X 165 108
186 8 X 157 66
215 7 X 193 186
227 6 X 157 215
36 14 X 14 3
46 13 X 3 36
156 9 X 66 46
153 9 X 3 46
185 8 X 156 153
211 7 X 185 157
19 14 X 1 3
68 12 X 1 19
104 11 X 46 68
164 9 X 108 104
102 11 X 3 68
192 8 X 164 102
214 7 X 192 186
236 6 X 211 214
242 5 X 227 236
53 13 X 14 26
77 12 X 1 53
161 9 X 67 77
52 13 X 14 20
76 12 X 1 52
160 9 X 67 76
191 8 X 161 160
121 11 X 76 80
169 9 X 110 121
196 8 X 169 168
189 8 X 160 159
218 7 X 196 189
233 6 X 191 218
11 15 X 3 1
24 14 X 1 11
50 13 X 11 24
158 9 X 67 50
49 13 X 11 19
154 9 X 11 49
187 8 X 158 154
212 7 X 187 191
59 13 X 24 19
79 12 X 1 59
106 11 X 49 79
166 9 X 110 106
70 12 X 1 24
103 11 X 11 70
48 13 X 11 3
105 11 X 48 79
163 9 X 103 105
194 8 X 166 163
216 7 X 194 189
237 6 X 212 216
244 5 X 233 237
253 4 X 242 244
255 3 X 247 253
206 7 X 110 67
224 6 X 67 206
246 4 X 222 224
122 11 X 77 71
170 9 X 110 122
197 8 X 170 110
190 8 X 161 67
219 7 X 197 190
228 6 X 161 219
155 9 X 11 50
188 8 X 158 155
213 7 X 188 161
107 11 X 50 70
167 9 X 110 107
195 8 X 167 103
217 7 X 195 190
238 6 X 213 217
243 5 X 228 238
252 4 X 242 243
254 3 X 246 252
258 2 X 255 254
260 1 X 259 258
