967
gxxjub ugdbsi deeink uajkcj fzzloz etbaur pkfrty zaxqtl uebons iwseda uaxhao efkgbi djndhg zqehxo bmlwlv daxqvh tcnbtz cqhfwr yuxtlc zmggoq
2 19 6 11 4 16 8 3 5 10 1 17 7 9 15 18 13 14 20 12
3 21 1 -1 -1
1 21 -1 -1 -1
10 19 X 1 3
34 18 X 3 10
4 21 2 -1 -1
16 19 X 4 3
36 18 X 3 16
277 12 X 36 34
551 10 X 34 277
14 19 X 3 1
46 18 X 14 1
27 18 X 3 1
80 17 X 46 27
122 16 X 80 27
15 19 X 3 4
48 18 X 15 4
29 18 X 3 4
84 17 X 48 29
128 16 X 84 29
316 12 X 128 122
553 10 X 122 316
713 9 X 551 553
696 9 X 10 1
809 8 X 713 696
875 7 X 3 809
274 12 X 29 27
550 10 X 27 274
712 9 X 551 550
808 8 X 712 696
874 7 X 3 808
922 6 X 875 874
697 9 X 34 122
794 8 X 697 696
860 7 X 3 794
2 21 0 -1 -1
28 18 X 3 2
51 17 X 3 28
100 16 X 51 28
202 13 X 3 100
356 12 X 202 3
298 12 X 100 3
522 11 X 356 298
145 14 X 3 51
206 13 X 3 145
362 12 X 206 3
324 12 X 145 3
528 11 X 362 324
682 10 X 522 528
585 10 X 356 362
778 9 X 682 585
13 19 X 2 3
35 18 X 3 13
53 17 X 3 35
102 16 X 53 35
179 14 X 100 102
217 13 X 3 179
375 12 X 217 3
523 11 X 356 375
146 14 X 3 53
207 13 X 3 146
363 12 X 207 3
529 11 X 362 363
683 10 X 523 529
7 20 X 2 3
20 19 X 7 3
38 18 X 3 20
54 17 X 3 38
103 16 X 54 38
180 14 X 100 103
218 13 X 3 180
377 12 X 218 3
524 11 X 356 377
147 14 X 3 54
208 13 X 3 147
365 12 X 208 3
530 11 X 362 365
684 10 X 524 530
779 9 X 683 684
853 8 X 778 779
70 17 X 34 28
115 16 X 70 28
234 13 X 34 115
390 12 X 234 34
303 12 X 115 34
537 11 X 390 303
165 14 X 34 70
235 13 X 34 165
391 12 X 235 34
333 12 X 165 34
538 11 X 391 333
690 10 X 537 538
61 17 X 27 28
109 16 X 61 28
228 13 X 27 109
387 12 X 228 27
160 14 X 27 61
230 13 X 27 160
389 12 X 230 27
588 10 X 387 389
784 9 X 690 588
39 18 X 10 2
56 17 X 10 39
105 16 X 56 39
221 13 X 10 105
379 12 X 221 10
40 18 X 10 13
57 17 X 10 40
106 16 X 57 40
182 14 X 105 106
226 13 X 10 182
384 12 X 226 10
534 11 X 379 384
153 14 X 10 56
222 13 X 10 153
380 12 X 222 10
154 14 X 10 57
223 13 X 10 154
381 12 X 223 10
535 11 X 380 381
688 10 X 534 535
22 18 X 1 2
49 17 X 1 22
98 16 X 49 22
190 13 X 1 98
344 12 X 190 1
6 20 X 2 1
17 19 X 6 1
26 18 X 1 17
50 17 X 1 26
99 16 X 50 26
178 14 X 98 99
199 13 X 1 178
353 12 X 199 1
515 11 X 344 353
136 14 X 1 49
194 13 X 1 136
347 12 X 194 1
137 14 X 1 50
195 13 X 1 137
348 12 X 195 1
517 11 X 347 348
677 10 X 515 517
782 9 X 688 677
855 8 X 784 782
908 7 X 853 855
911 6 X 860 908
942 5 X 922 911
68 17 X 34 1
79 17 X 46 1
59 17 X 27 1
119 16 X 79 59
699 9 X 68 119
796 8 X 699 696
862 7 X 3 796
698 9 X 68 59
795 8 X 698 696
861 7 X 3 795
912 6 X 862 861
69 17 X 34 22
63 17 X 28 22
114 16 X 69 63
242 13 X 68 114
398 12 X 242 68
302 12 X 114 68
539 11 X 398 302
171 14 X 68 69
243 13 X 68 171
400 12 X 243 68
337 12 X 171 68
541 11 X 400 337
691 10 X 539 541
60 17 X 27 22
108 16 X 60 63
237 13 X 59 108
393 12 X 237 59
168 14 X 59 60
238 13 X 59 168
395 12 X 238 59
590 10 X 393 395
785 9 X 691 590
856 8 X 785 782
909 7 X 853 856
913 6 X 862 909
938 5 X 912 913
953 4 X 942 938
86 16 X 3 28
418 11 X 3 86
600 10 X 418 3
201 13 X 3 86
424 11 X 3 201
605 10 X 424 3
729 9 X 600 605
267 12 X 3 201
431 11 X 3 267
610 10 X 431 3
822 8 X 729 610
94 16 X 34 28
450 11 X 34 94
623 10 X 450 277
123 16 X 80 28
257 13 X 122 123
463 11 X 122 257
636 10 X 463 316
739 9 X 623 636
91 16 X 10 39
220 13 X 10 91
270 12 X 10 220
445 11 X 10 270
618 10 X 445 10
85 16 X 1 22
189 13 X 1 85
263 12 X 1 189
413 11 X 1 263
593 10 X 413 1
736 9 X 618 593
825 8 X 739 736
892 7 X 822 825
419 11 X 3 100
421 11 X 3 145
601 10 X 419 421
425 11 X 3 202
427 11 X 3 206
606 10 X 425 427
731 9 X 601 606
376 12 X 217 202
442 11 X 3 376
364 12 X 207 206
438 11 X 3 364
615 10 X 442 438
378 12 X 218 202
443 11 X 3 378
366 12 X 208 206
439 11 X 3 366
616 10 X 443 439
734 9 X 615 616
824 8 X 731 734
451 11 X 34 115
624 10 X 451 277
448 11 X 27 228
621 10 X 448 274
740 9 X 624 621
385 12 X 226 221
447 11 X 10 385
620 10 X 447 10
354 12 X 199 190
416 11 X 1 354
598 10 X 416 1
738 9 X 620 598
826 8 X 740 738
896 7 X 824 826
930 6 X 892 896
264 12 X 3 86
493 11 X 267 264
658 10 X 493 3
9 20 X 3 2
33 18 X 3 9
87 16 X 3 33
173 14 X 87 86
216 13 X 3 173
268 12 X 3 216
494 11 X 268 267
659 10 X 494 3
767 9 X 658 659
566 10 X 267 3
843 8 X 767 566
233 13 X 34 94
276 12 X 34 233
275 12 X 34 94
495 11 X 276 275
660 10 X 495 34
5 20 X 1 2
30 18 X 3 5
124 16 X 80 30
186 14 X 124 123
258 13 X 122 186
311 12 X 122 258
310 12 X 122 257
511 11 X 311 310
675 10 X 511 122
768 9 X 660 675
569 10 X 270 10
563 10 X 263 1
717 9 X 569 563
844 8 X 768 717
905 7 X 843 844
475 11 X 202 100
481 11 X 206 145
646 10 X 475 481
52 17 X 3 33
101 16 X 52 33
181 14 X 101 100
219 13 X 3 181
484 11 X 219 202
649 10 X 484 206
757 9 X 646 649
476 11 X 202 376
482 11 X 206 364
647 10 X 476 482
477 11 X 202 378
483 11 X 206 366
648 10 X 477 483
758 9 X 647 648
836 8 X 757 758
487 11 X 234 115
652 10 X 487 538
62 17 X 27 30
110 16 X 62 30
183 14 X 110 109
232 13 X 27 183
486 11 X 232 228
651 10 X 486 389
760 9 X 652 651
485 11 X 221 385
650 10 X 485 535
471 11 X 190 354
642 10 X 471 517
759 9 X 650 642
837 8 X 760 759
901 7 X 836 837
937 6 X 905 901
949 5 X 930 937
112 16 X 68 63
454 11 X 68 112
627 10 X 454 68
120 16 X 79 63
256 13 X 119 120
462 11 X 119 256
635 10 X 462 119
741 9 X 627 635
827 8 X 741 736
893 7 X 822 827
455 11 X 68 114
628 10 X 455 68
453 11 X 59 237
626 10 X 453 59
742 9 X 628 626
828 8 X 742 738
897 7 X 824 828
931 6 X 893 897
765 9 X 658 566
841 8 X 765 566
241 13 X 68 112
286 12 X 68 241
283 12 X 68 112
499 11 X 286 283
667 10 X 499 68
309 12 X 119 256
577 10 X 309 119
773 9 X 667 577
849 8 X 773 717
902 7 X 841 849
557 10 X 202 206
756 9 X 646 557
835 8 X 756 758
488 11 X 242 114
653 10 X 488 541
561 10 X 237 395
761 9 X 653 561
838 8 X 761 759
900 7 X 835 838
934 6 X 902 900
950 5 X 931 934
959 4 X 949 950
961 3 X 953 959
93 16 X 34 27
95 16 X 36 29
297 12 X 95 93
552 10 X 93 297
715 9 X 552 553
89 16 X 10 1
700 9 X 89 1
811 8 X 715 700
877 7 X 3 811
714 9 X 552 550
810 8 X 714 700
876 7 X 3 810
923 6 X 877 876
705 9 X 93 122
797 8 X 705 700
863 7 X 3 797
200 13 X 3 28
355 12 X 200 3
272 12 X 28 3
519 11 X 355 272
142 14 X 3 28
203 13 X 3 142
357 12 X 203 3
323 12 X 142 3
525 11 X 357 323
679 10 X 519 525
584 10 X 355 357
776 9 X 679 584
161 14 X 28 35
213 13 X 3 161
371 12 X 213 3
520 11 X 355 371
143 14 X 3 35
204 13 X 3 143
358 12 X 204 3
526 11 X 357 358
680 10 X 520 526
162 14 X 28 38
214 13 X 3 162
373 12 X 214 3
521 11 X 355 373
144 14 X 3 38
205 13 X 3 144
360 12 X 205 3
527 11 X 357 360
681 10 X 521 527
777 9 X 680 681
852 8 X 776 777
250 13 X 93 28
407 12 X 250 93
273 12 X 28 93
545 11 X 407 273
176 14 X 93 28
252 13 X 93 176
408 12 X 252 93
340 12 X 176 93
546 11 X 408 340
694 10 X 545 546
227 13 X 27 28
386 12 X 227 27
159 14 X 27 28
229 13 X 27 159
388 12 X 229 27
587 10 X 386 388
788 9 X 694 587
96 16 X 39 22
246 13 X 89 96
402 12 X 246 89
12 19 X 2 1
25 18 X 1 12
97 16 X 40 25
177 14 X 96 97
249 13 X 89 177
405 12 X 249 89
543 11 X 402 405
174 14 X 89 96
247 13 X 89 174
403 12 X 247 89
175 14 X 89 97
248 13 X 89 175
404 12 X 248 89
544 11 X 403 404
693 10 X 543 544
188 13 X 1 22
343 12 X 188 1
158 14 X 22 26
198 13 X 1 158
351 12 X 198 1
514 11 X 343 351
134 14 X 1 22
192 13 X 1 134
345 12 X 192 1
135 14 X 1 26
193 13 X 1 135
346 12 X 193 1
516 11 X 345 346
676 10 X 514 516
787 9 X 693 676
858 8 X 788 787
906 7 X 852 858
914 6 X 863 906
943 5 X 923 914
111 16 X 68 59
707 9 X 111 119
799 8 X 707 700
865 7 X 3 799
706 9 X 111 59
798 8 X 706 700
864 7 X 3 798
915 6 X 865 864
253 13 X 111 63
409 12 X 253 111
279 12 X 63 111
547 11 X 409 279
184 14 X 111 63
255 13 X 111 184
410 12 X 255 111
341 12 X 184 111
548 11 X 410 341
695 10 X 547 548
236 13 X 59 63
392 12 X 236 59
169 14 X 59 63
239 13 X 59 169
396 12 X 239 59
589 10 X 392 396
789 9 X 695 589
859 8 X 789 787
907 7 X 852 859
916 6 X 865 907
939 5 X 915 916
954 4 X 943 939
429 11 X 3 216
608 10 X 429 3
730 9 X 600 608
823 8 X 730 610
459 11 X 93 94
632 10 X 459 297
464 11 X 122 258
47 18 X 14 4
82 17 X 47 29
126 16 X 82 29
313 12 X 126 122
637 10 X 464 313
748 9 X 632 637
90 16 X 10 22
245 13 X 89 90
294 12 X 89 245
456 11 X 89 294
629 10 X 456 89
23 18 X 1 4
271 12 X 23 1
594 10 X 413 271
744 9 X 629 594
830 8 X 748 744
895 7 X 823 830
417 11 X 3 28
420 11 X 3 142
599 10 X 417 420
164 14 X 33 28
215 13 X 3 164
428 11 X 3 215
426 11 X 3 203
607 10 X 428 426
728 9 X 599 607
372 12 X 213 200
440 11 X 3 372
359 12 X 204 203
436 11 X 3 359
613 10 X 440 436
374 12 X 214 200
441 11 X 3 374
361 12 X 205 203
437 11 X 3 361
614 10 X 441 437
733 9 X 613 614
821 8 X 728 733
458 11 X 93 28
631 10 X 458 297
163 14 X 30 28
231 13 X 27 163
449 11 X 27 231
622 10 X 449 274
747 9 X 631 622
406 12 X 249 246
457 11 X 89 406
630 10 X 457 89
352 12 X 198 188
415 11 X 1 352
597 10 X 415 271
746 9 X 630 597
829 8 X 747 746
891 7 X 821 829
933 6 X 895 891
567 10 X 268 3
766 9 X 658 567
842 8 X 766 566
251 13 X 93 94
296 12 X 93 251
295 12 X 93 94
509 11 X 296 295
673 10 X 509 93
578 10 X 311 122
774 9 X 673 578
574 10 X 294 89
11 19 X 1 4
43 18 X 11 4
77 17 X 43 1
130 15 X 11 77
42 18 X 11 2
92 16 X 11 42
76 17 X 42 22
118 16 X 77 76
133 15 X 92 118
260 13 X 130 133
319 12 X 130 260
581 10 X 319 1
721 9 X 574 581
850 8 X 774 721
904 7 X 842 850
472 11 X 200 28
478 11 X 203 142
643 10 X 472 478
558 10 X 215 203
754 9 X 643 558
473 11 X 200 372
479 11 X 203 359
644 10 X 473 479
474 11 X 200 374
480 11 X 203 361
645 10 X 474 480
755 9 X 644 645
834 8 X 754 755
490 11 X 250 28
655 10 X 490 546
559 10 X 231 388
763 9 X 655 559
489 11 X 246 406
654 10 X 489 544
131 15 X 42 76
259 13 X 130 131
18 19 X 6 4
44 18 X 11 18
8 20 X 2 4
21 19 X 8 4
45 18 X 11 21
78 17 X 45 26
132 15 X 44 78
187 14 X 131 132
261 13 X 130 187
411 12 X 261 259
492 11 X 259 411
657 10 X 492 516
762 9 X 654 657
839 8 X 763 762
899 7 X 834 839
936 6 X 904 899
952 5 X 933 936
461 11 X 111 112
634 10 X 461 111
750 9 X 634 635
743 9 X 629 593
832 8 X 750 743
894 7 X 822 832
423 11 X 3 200
604 10 X 423 426
727 9 X 599 604
820 8 X 727 733
460 11 X 111 63
633 10 X 460 111
452 11 X 59 236
625 10 X 452 59
749 9 X 633 625
596 10 X 415 1
745 9 X 630 596
831 8 X 749 745
890 7 X 820 831
932 6 X 894 890
254 13 X 111 112
301 12 X 111 254
300 12 X 111 112
510 11 X 301 300
674 10 X 510 111
775 9 X 674 577
851 8 X 775 721
903 7 X 841 851
556 10 X 200 203
753 9 X 643 556
833 8 X 753 755
491 11 X 253 63
656 10 X 491 548
560 10 X 236 396
764 9 X 656 560
840 8 X 764 762
898 7 X 833 840
935 6 X 903 898
951 5 X 932 935
960 4 X 952 951
962 3 X 954 960
965 2 X 961 962
55 17 X 10 1
282 12 X 68 55
71 17 X 36 4
287 12 X 71 55
572 10 X 282 287
289 12 X 79 1
306 12 X 119 1
501 11 X 289 306
83 17 X 48 4
293 12 X 83 1
64 17 X 29 4
127 16 X 83 64
314 12 X 127 1
507 11 X 293 314
669 10 X 501 507
719 9 X 572 669
813 8 X 719 696
879 7 X 3 813
278 12 X 59 1
280 12 X 64 1
570 10 X 278 280
718 9 X 572 570
812 8 X 718 696
878 7 X 3 812
924 6 X 879 878
709 9 X 282 501
801 8 X 709 696
867 7 X 3 801
32 18 X 3 7
67 17 X 32 3
88 16 X 3 67
149 14 X 3 88
209 13 X 3 149
367 12 X 209 3
327 12 X 149 3
531 11 X 367 327
685 10 X 531 528
586 10 X 367 362
780 9 X 685 586
150 14 X 3 100
210 13 X 3 150
368 12 X 210 3
151 14 X 3 102
211 13 X 3 151
369 12 X 211 3
532 11 X 368 369
686 10 X 532 529
152 14 X 3 103
212 13 X 3 152
370 12 X 212 3
533 11 X 368 370
687 10 X 533 530
781 9 X 686 687
854 8 X 780 781
19 19 X 6 7
37 18 X 3 19
73 17 X 37 1
113 16 X 68 73
172 14 X 68 113
244 13 X 68 172
401 12 X 244 55
338 12 X 172 55
542 11 X 401 338
399 12 X 243 55
336 12 X 171 55
540 11 X 399 336
692 10 X 542 540
31 18 X 3 6
66 17 X 31 1
107 16 X 59 66
170 14 X 59 107
240 13 X 59 170
397 12 X 240 1
394 12 X 238 1
591 10 X 397 394
786 9 X 692 591
156 14 X 10 105
224 13 X 10 156
382 12 X 224 10
157 14 X 10 106
225 13 X 10 157
383 12 X 225 10
536 11 X 382 383
689 10 X 536 535
140 14 X 1 98
196 13 X 1 140
349 12 X 196 1
141 14 X 1 99
197 13 X 1 141
350 12 X 197 1
518 11 X 349 350
678 10 X 518 517
783 9 X 689 678
857 8 X 786 783
910 7 X 854 857
918 6 X 867 910
944 5 X 924 918
708 9 X 282 278
800 8 X 708 696
866 7 X 3 800
917 6 X 867 866
940 5 X 917 918
955 4 X 944 940
422 11 X 3 149
602 10 X 422 3
148 14 X 3 86
265 12 X 3 148
430 11 X 3 265
609 10 X 430 3
792 8 X 602 609
41 18 X 10 19
75 17 X 41 1
167 14 X 55 75
339 12 X 172 167
498 11 X 282 339
74 17 X 39 22
166 14 X 55 74
288 12 X 71 166
500 11 X 287 288
666 10 X 498 500
121 16 X 79 66
185 14 X 119 121
24 18 X 1 6
58 17 X 24 1
138 14 X 1 58
342 12 X 185 138
503 11 X 289 342
315 12 X 127 134
508 11 X 293 315
671 10 X 503 508
772 9 X 666 671
155 14 X 10 91
269 12 X 10 155
444 11 X 10 269
617 10 X 444 10
139 14 X 1 85
262 12 X 1 139
412 11 X 1 262
592 10 X 412 1
735 9 X 617 592
848 8 X 772 735
887 7 X 792 848
603 10 X 422 421
328 12 X 151 150
434 11 X 3 328
325 12 X 146 145
432 11 X 3 325
611 10 X 434 432
329 12 X 152 150
435 11 X 3 329
326 12 X 147 145
433 11 X 3 326
612 10 X 435 433
732 9 X 611 612
793 8 X 603 732
664 10 X 498 287
335 12 X 170 138
496 11 X 278 335
662 10 X 496 280
770 9 X 664 662
332 12 X 157 156
446 11 X 10 332
619 10 X 446 10
322 12 X 141 140
414 11 X 1 322
595 10 X 414 1
737 9 X 619 595
846 8 X 770 737
889 7 X 793 846
929 6 X 887 889
266 12 X 3 149
565 10 X 266 3
564 10 X 265 3
791 8 X 565 564
285 12 X 68 167
284 12 X 68 166
573 10 X 285 284
291 12 X 79 138
308 12 X 119 138
505 11 X 291 308
290 12 X 79 134
307 12 X 119 134
504 11 X 290 307
672 10 X 505 504
720 9 X 573 672
568 10 X 269 10
562 10 X 262 1
716 9 X 568 562
814 8 X 720 716
885 7 X 791 814
555 10 X 149 145
468 11 X 150 328
466 11 X 145 325
639 10 X 468 466
469 11 X 150 329
467 11 X 145 326
640 10 X 469 467
751 9 X 639 640
790 8 X 555 751
583 10 X 339 336
334 12 X 168 1
582 10 X 335 334
726 9 X 583 582
470 11 X 156 332
330 12 X 153 10
331 12 X 154 10
513 11 X 330 331
641 10 X 470 513
465 11 X 140 322
320 12 X 136 1
321 12 X 137 1
512 11 X 320 321
638 10 X 465 512
752 9 X 641 638
819 8 X 726 752
884 7 X 790 819
927 6 X 885 884
948 5 X 929 927
497 11 X 282 284
665 10 X 498 497
502 11 X 289 307
670 10 X 503 502
771 9 X 665 670
847 8 X 771 735
886 7 X 792 847
663 10 X 498 282
661 10 X 496 278
769 9 X 663 661
845 8 X 769 737
888 7 X 793 845
928 6 X 886 888
947 5 X 928 927
958 4 X 948 947
963 3 X 955 958
104 16 X 55 1
299 12 X 111 104
116 16 X 71 64
304 12 X 116 104
575 10 X 299 304
723 9 X 575 669
816 8 X 723 700
881 7 X 3 816
722 9 X 575 570
815 8 X 722 700
880 7 X 3 815
925 6 X 881 880
711 9 X 299 501
805 8 X 711 700
871 7 X 3 805
710 9 X 299 278
802 8 X 710 700
868 7 X 3 802
919 6 X 871 868
945 5 X 925 919
956 4 X 945 919
72 17 X 36 23
65 17 X 29 23
117 16 X 72 65
305 12 X 117 104
576 10 X 299 305
81 17 X 47 23
292 12 X 81 1
125 16 X 81 65
312 12 X 125 1
506 11 X 292 312
668 10 X 501 506
725 9 X 576 668
549 10 X 1 271
701 9 X 89 549
818 8 X 725 701
883 7 X 3 818
281 12 X 65 1
571 10 X 278 281
724 9 X 576 571
817 8 X 724 701
882 7 X 3 817
926 6 X 883 882
129 15 X 11 43
191 13 X 1 129
318 12 X 129 191
580 10 X 318 1
704 9 X 89 580
807 8 X 711 704
873 7 X 3 807
554 10 X 129 1
702 9 X 89 554
803 8 X 710 702
869 7 X 3 803
921 6 X 873 869
946 5 X 926 921
317 12 X 129 1
579 10 X 317 1
703 9 X 89 579
806 8 X 711 703
872 7 X 3 806
804 8 X 710 703
870 7 X 3 804
920 6 X 872 870
941 5 X 919 920
957 4 X 946 941
964 3 X 956 957
966 2 X 963 964
967 1 X 965 966
