1279
zwleas kabkni kyllsy gjspvx ojzjqt nsuxjc wukxyl tlfbho asplhp xfvnfl meohte xexymf fmiyeb etzsch fcesqd mayqqo xskgyj prdtnt xiptha cwgfie kthmvi eohcdo cmkblz fxsghn zyeqxp vjswcg msqxre cpldbi ouefxr xulfij
2 26 22 13 1 29 21 24 10 11 5 30 16 15 17 7 14 27 4 28 18 25 6 23 8 9 20 3 19 12
4 31 2 -1 -1
3 31 1 -1 -1
15 28 X 3 4
44 27 X 4 15
84 26 X 44 4
53 26 X 3 4
207 23 X 84 53
182 23 X 44 3
352 22 X 207 182
262 22 X 4 182
544 20 X 352 262
39 27 X 4 3
79 26 X 39 4
109 25 X 79 39
105 25 X 53 3
225 23 X 109 105
181 23 X 39 3
359 22 X 225 181
93 25 X 4 39
92 25 X 4 3
213 23 X 93 92
356 22 X 213 181
554 20 X 359 356
866 16 X 544 554
154 23 X 4 53
151 23 X 4 3
307 22 X 154 151
258 22 X 4 151
473 20 X 307 258
158 23 X 4 105
312 22 X 158 151
157 23 X 4 92
311 22 X 157 151
482 20 X 312 311
858 16 X 473 482
958 15 X 866 858
1062 12 X 958 858
110 25 X 79 84
226 23 X 110 53
101 25 X 39 44
218 23 X 101 3
360 22 X 226 218
269 22 X 4 218
555 20 X 360 269
705 19 X 544 555
882 16 X 705 554
971 15 X 882 858
1066 12 X 971 858
1118 11 X 1062 1066
1165 9 X 1118 1066
450 21 X 352 4
379 21 X 262 4
612 20 X 450 379
745 19 X 612 4
453 21 X 359 4
452 21 X 356 4
614 20 X 453 452
747 19 X 614 4
900 16 X 745 747
981 15 X 900 858
405 21 X 307 4
369 21 X 258 4
574 20 X 405 369
726 19 X 574 4
409 21 X 312 4
408 21 X 311 4
580 20 X 409 408
732 19 X 580 4
896 16 X 726 732
977 15 X 896 858
1074 12 X 981 977
1203 8 X 1165 1074
69 26 X 15 4
197 23 X 69 53
167 23 X 15 3
335 22 X 197 167
259 22 X 4 167
488 20 X 335 259
294 22 X 105 3
291 22 X 92 3
467 20 X 294 291
864 16 X 488 467
2 31 0 -1 -1
7 29 X 2 3
24 28 X 7 4
49 27 X 15 24
135 24 X 49 15
23 28 X 7 3
36 27 X 3 23
134 24 X 36 3
233 23 X 135 134
341 22 X 197 233
8 29 X 2 4
25 28 X 7 8
50 27 X 15 25
136 24 X 50 15
31 27 X 3 7
133 24 X 31 3
234 23 X 136 133
342 22 X 197 234
437 21 X 341 342
590 20 X 437 259
436 21 X 341 335
589 20 X 436 259
742 19 X 590 589
791 18 X 742 488
808 17 X 488 791
296 22 X 105 134
295 22 X 105 133
398 21 X 296 295
572 20 X 398 291
397 21 X 296 294
570 20 X 397 291
723 19 X 572 570
784 18 X 723 467
798 17 X 467 784
905 16 X 808 798
955 15 X 864 905
1028 14 X 955 864
1035 13 X 864 1028
106 25 X 53 69
224 23 X 106 53
89 25 X 3 15
211 23 X 89 3
357 22 X 224 211
267 22 X 4 211
552 20 X 357 267
624 19 X 488 552
879 16 X 624 467
94 25 X 15 50
146 24 X 94 15
90 25 X 3 31
145 24 X 90 3
237 23 X 146 145
343 22 X 197 237
435 21 X 335 343
588 20 X 435 259
740 19 X 588 552
789 18 X 740 624
813 17 X 624 789
297 22 X 105 145
396 21 X 294 297
569 20 X 396 291
721 19 X 569 467
782 18 X 721 467
796 17 X 467 782
910 16 X 813 796
964 15 X 879 910
1033 14 X 964 879
1040 13 X 879 1033
1094 11 X 1035 1040
1080 11 X 864 879
1142 10 X 1094 1080
1170 9 X 1142 879
1162 9 X 1080 879
1208 8 X 1170 1162
1235 7 X 1203 1208
155 23 X 4 79
152 23 X 4 39
308 22 X 155 152
1 31 -1 -1 -1
26 27 X 1 3
147 23 X 1 26
242 22 X 1 147
474 20 X 308 242
159 23 X 4 109
313 22 X 159 152
87 25 X 1 26
149 23 X 1 87
304 22 X 149 147
483 20 X 313 304
859 16 X 474 483
406 21 X 308 4
37 27 X 4 1
177 23 X 37 39
245 22 X 1 177
240 22 X 1 37
368 21 X 245 240
576 20 X 406 368
456 20 X 4 240
728 19 X 576 456
410 21 X 313 4
305 22 X 149 177
403 21 X 305 240
582 20 X 410 403
734 19 X 582 456
898 16 X 728 734
273 22 X 37 177
476 20 X 308 273
99 25 X 37 39
179 23 X 37 99
333 22 X 179 177
485 20 X 313 333
861 16 X 476 485
979 15 X 898 861
366 21 X 242 1
575 20 X 406 366
454 20 X 4 1
727 19 X 575 454
402 21 X 304 1
581 20 X 410 402
733 19 X 581 454
897 16 X 727 733
978 15 X 897 859
1072 12 X 979 978
390 21 X 273 37
577 20 X 406 390
455 20 X 4 37
729 19 X 577 455
432 21 X 333 37
583 20 X 410 432
735 19 X 583 455
899 16 X 729 735
980 15 X 899 861
1073 12 X 980 978
1137 10 X 1072 1073
1188 8 X 859 1137
208 23 X 84 79
183 23 X 44 39
354 22 X 208 183
14 28 X 3 1
43 27 X 4 14
28 27 X 1 14
83 26 X 43 28
80 26 X 39 26
206 23 X 83 80
249 22 X 1 206
547 20 X 354 249
300 22 X 109 39
289 22 X 87 80
469 20 X 300 289
869 16 X 547 469
77 26 X 37 1
281 22 X 77 206
548 20 X 354 281
107 25 X 77 80
298 22 X 107 80
470 20 X 300 298
870 16 X 548 470
960 15 X 869 870
176 23 X 28 26
244 22 X 1 176
546 20 X 354 244
288 22 X 87 26
468 20 X 300 288
868 16 X 546 468
1064 12 X 960 868
227 23 X 110 79
219 23 X 101 39
362 22 X 227 219
112 25 X 80 83
229 23 X 112 80
255 22 X 1 229
558 20 X 362 255
710 19 X 547 558
887 16 X 710 469
283 22 X 77 229
559 20 X 362 283
712 19 X 548 559
889 16 X 712 470
974 15 X 887 889
95 25 X 26 28
214 23 X 95 26
250 22 X 1 214
557 20 X 362 250
708 19 X 546 557
885 16 X 708 468
1069 12 X 974 885
1121 11 X 1064 1069
1051 12 X 870 868
1056 12 X 889 885
1108 11 X 1051 1056
1155 10 X 1121 1108
1131 10 X 1069 1056
1181 9 X 1155 1131
1190 8 X 859 1181
1225 7 X 1188 1190
1252 6 X 1235 1225
85 26 X 44 39
209 23 X 85 3
353 22 X 207 209
266 22 X 4 209
545 20 X 353 266
867 16 X 545 554
959 15 X 867 858
1063 12 X 959 858
102 25 X 39 85
220 23 X 102 3
361 22 X 226 220
270 22 X 4 220
556 20 X 361 270
706 19 X 545 556
883 16 X 706 554
972 15 X 883 858
1067 12 X 972 858
1119 11 X 1063 1067
1166 9 X 1119 1067
451 21 X 353 4
388 21 X 266 4
613 20 X 451 388
746 19 X 613 4
901 16 X 746 747
982 15 X 901 858
1075 12 X 982 977
1204 8 X 1166 1075
68 26 X 15 3
186 23 X 68 3
338 22 X 197 186
263 22 X 4 186
503 20 X 338 263
865 16 X 503 467
91 25 X 3 68
212 23 X 91 3
358 22 X 224 212
268 22 X 4 212
553 20 X 358 268
638 19 X 503 553
881 16 X 638 467
1082 11 X 865 881
1164 9 X 1082 881
1236 7 X 1204 1164
210 23 X 85 39
355 22 X 208 210
82 26 X 43 26
205 23 X 82 80
248 22 X 1 205
550 20 X 355 248
872 16 X 550 469
280 22 X 77 205
551 20 X 355 280
873 16 X 551 470
961 15 X 872 873
72 26 X 28 26
202 23 X 72 26
247 22 X 1 202
549 20 X 355 247
871 16 X 549 468
1065 12 X 961 871
221 23 X 102 39
363 22 X 227 221
111 25 X 80 82
228 23 X 111 80
254 22 X 1 228
561 20 X 363 254
716 19 X 550 561
893 16 X 716 469
282 22 X 77 228
562 20 X 363 282
718 19 X 551 562
895 16 X 718 470
976 15 X 893 895
96 25 X 26 72
215 23 X 96 26
251 22 X 1 215
560 20 X 363 251
714 19 X 549 560
891 16 X 714 468
1071 12 X 976 891
1123 11 X 1065 1071
1052 12 X 873 871
1058 12 X 895 891
1112 11 X 1052 1058
1159 10 X 1123 1112
1135 10 X 1071 1058
1185 9 X 1159 1135
1192 8 X 859 1185
1226 7 X 1188 1192
1253 6 X 1236 1226
1266 5 X 1252 1253
434 21 X 335 342
586 20 X 434 259
738 19 X 586 552
787 18 X 738 624
812 17 X 624 787
395 21 X 294 295
567 20 X 395 291
719 19 X 567 467
780 18 X 719 467
794 17 X 467 780
909 16 X 812 794
963 15 X 879 909
1032 14 X 963 879
1039 13 X 879 1032
1093 11 X 1035 1039
1141 10 X 1093 1080
1169 9 X 1141 879
1207 8 X 1169 1162
1234 7 X 1203 1207
1251 6 X 1234 1225
1265 5 X 1251 1253
1272 4 X 1266 1265
1231 7 X 1203 1162
16 28 X 4 3
45 27 X 4 16
86 26 X 45 4
156 23 X 4 86
153 23 X 4 45
309 22 X 156 153
11 28 X 1 3
27 27 X 1 11
148 23 X 1 27
243 22 X 1 148
477 20 X 309 243
803 17 X 474 477
116 25 X 86 45
160 23 X 4 116
314 22 X 160 153
88 25 X 1 27
150 23 X 1 88
306 22 X 150 148
486 20 X 314 306
805 17 X 483 486
902 16 X 803 805
1078 11 X 859 902
1126 10 X 859 1078
407 21 X 309 4
41 27 X 4 11
178 23 X 37 41
274 22 X 37 178
391 21 X 274 37
579 20 X 407 391
731 19 X 579 455
835 17 X 729 731
411 21 X 314 4
100 25 X 37 41
180 23 X 37 100
334 22 X 180 178
433 21 X 334 37
585 20 X 411 433
737 19 X 585 455
837 17 X 735 737
932 16 X 835 837
478 20 X 309 274
804 17 X 476 478
487 20 X 314 334
806 17 X 485 487
903 16 X 804 806
990 15 X 932 903
367 21 X 243 1
578 20 X 407 367
730 19 X 578 454
834 17 X 727 730
404 21 X 306 1
584 20 X 411 404
736 19 X 584 454
836 17 X 733 736
931 16 X 834 836
989 15 X 931 902
1076 12 X 990 989
1124 11 X 1073 1076
1138 10 X 1072 1124
1196 8 X 1126 1138
81 26 X 41 27
203 23 X 77 81
278 22 X 77 203
479 20 X 309 278
115 25 X 86 4
232 23 X 115 86
103 25 X 45 4
222 23 X 103 45
364 22 X 232 222
113 25 X 81 77
230 23 X 113 81
284 22 X 77 230
564 20 X 364 284
618 19 X 479 564
831 17 X 712 618
301 22 X 116 45
108 25 X 77 81
299 22 X 108 81
472 20 X 301 299
802 17 X 470 472
928 16 X 831 802
97 25 X 27 1
216 23 X 97 27
252 22 X 1 216
563 20 X 364 252
616 19 X 477 563
830 17 X 708 616
290 22 X 88 27
471 20 X 301 290
801 17 X 468 471
927 16 X 830 801
1059 12 X 928 927
1109 11 X 1051 1059
1156 10 X 1121 1109
1115 11 X 1056 1059
1132 10 X 1069 1115
1182 9 X 1156 1132
1197 8 X 1126 1182
1229 7 X 1196 1197
1248 6 X 1231 1229
66 26 X 4 45
185 23 X 66 45
310 22 X 156 185
78 26 X 37 27
204 23 X 78 81
279 22 X 77 204
481 20 X 310 279
104 25 X 45 66
223 23 X 104 45
365 22 X 232 223
114 25 X 81 78
231 23 X 114 81
285 22 X 77 231
566 20 X 365 285
622 19 X 481 566
833 17 X 718 622
930 16 X 833 802
51 26 X 1 27
184 23 X 51 27
246 22 X 1 184
480 20 X 310 246
98 25 X 27 51
217 23 X 98 27
253 22 X 1 217
565 20 X 365 253
620 19 X 480 565
832 17 X 714 620
929 16 X 832 801
1060 12 X 930 929
1113 11 X 1052 1060
1160 10 X 1123 1113
1117 11 X 1058 1060
1136 10 X 1071 1117
1186 9 X 1160 1136
1198 8 X 1126 1186
1230 7 X 1196 1198
1254 6 X 1236 1230
1262 5 X 1248 1254
1276 3 X 1272 1262
741 19 X 590 488
790 18 X 741 488
807 17 X 488 790
722 19 X 572 467
783 18 X 722 467
797 17 X 467 783
904 16 X 807 797
954 15 X 864 904
1027 14 X 954 864
1034 13 X 864 1027
1092 11 X 1034 1040
1140 10 X 1092 1080
1168 9 X 1140 879
1206 8 X 1168 1162
1233 7 X 1203 1206
1250 6 X 1233 1225
1264 5 X 1250 1253
1091 11 X 1034 1039
1139 10 X 1091 1080
1167 9 X 1139 879
1205 8 X 1167 1162
1232 7 X 1203 1205
1249 6 X 1232 1225
1263 5 X 1249 1253
1271 4 X 1264 1263
1275 3 X 1271 1262
1278 2 X 1276 1275
70 26 X 15 49
143 24 X 70 15
60 26 X 3 36
142 24 X 60 3
235 23 X 143 142
271 22 X 4 235
71 26 X 15 50
144 24 X 71 15
58 26 X 3 31
141 24 X 58 3
236 23 X 144 141
272 22 X 4 236
389 21 X 271 272
591 20 X 437 389
744 19 X 591 589
793 18 X 744 488
810 17 X 488 793
293 22 X 92 142
292 22 X 92 141
394 21 X 293 292
573 20 X 398 394
393 21 X 293 291
571 20 X 397 393
725 19 X 573 571
786 18 X 725 467
800 17 X 467 786
907 16 X 810 800
957 15 X 864 907
1030 14 X 957 864
1037 13 X 864 1030
275 22 X 53 3
256 22 X 4 3
457 20 X 275 256
623 19 X 488 457
878 16 X 623 467
370 21 X 259 272
587 20 X 434 370
739 19 X 587 457
788 18 X 739 623
811 17 X 623 788
392 21 X 291 292
568 20 X 395 392
720 19 X 568 467
781 18 X 720 467
795 17 X 467 781
908 16 X 811 795
962 15 X 878 908
1031 14 X 962 878
1038 13 X 878 1031
1096 11 X 1037 1038
1079 11 X 864 878
1144 10 X 1096 1079
1172 9 X 1144 878
61 26 X 4 2
127 24 X 4 61
161 23 X 4 127
315 22 X 161 167
371 21 X 259 315
493 20 X 335 371
633 19 X 493 488
6 30 X 4 2
20 28 X 6 2
63 26 X 4 20
129 24 X 4 63
163 23 X 4 129
323 22 X 163 167
375 21 X 259 323
495 20 X 335 375
635 19 X 495 488
752 18 X 633 635
489 20 X 335 315
412 21 X 315 259
497 20 X 335 412
626 19 X 489 497
491 20 X 335 323
422 21 X 323 259
499 20 X 335 422
630 19 X 491 499
749 18 X 626 630
839 17 X 752 749
934 16 X 839 467
29 27 X 3 2
38 27 X 4 2
73 26 X 29 38
137 24 X 53 73
198 23 X 69 137
117 24 X 3 29
168 23 X 15 117
344 22 X 198 168
52 26 X 3 2
121 24 X 3 52
172 23 X 15 121
316 22 X 161 172
372 21 X 259 316
529 20 X 344 372
438 21 X 344 335
592 20 X 438 259
670 19 X 529 592
5 30 X 3 2
17 28 X 5 2
33 27 X 3 17
46 27 X 4 20
75 26 X 33 46
139 24 X 53 75
200 23 X 69 139
119 24 X 3 33
170 23 X 15 119
348 22 X 200 170
55 26 X 3 17
123 24 X 3 55
174 23 X 15 123
324 22 X 163 174
376 21 X 259 324
537 20 X 348 376
444 21 X 348 335
602 20 X 444 259
690 19 X 537 602
765 18 X 670 690
528 20 X 344 316
413 21 X 316 259
593 20 X 438 413
667 19 X 528 593
536 20 X 348 324
423 21 X 324 259
603 20 X 444 423
687 19 X 536 603
762 18 X 667 687
848 17 X 765 762
943 16 X 848 467
993 15 X 934 943
1005 14 X 864 993
13 28 X 2 8
62 26 X 4 13
128 24 X 4 62
162 23 X 4 128
319 22 X 162 167
373 21 X 259 319
494 20 X 335 373
634 19 X 494 488
21 28 X 6 8
64 26 X 4 21
130 24 X 4 64
164 23 X 4 130
327 22 X 164 167
377 21 X 259 327
496 20 X 335 377
636 19 X 496 488
753 18 X 634 636
490 20 X 335 319
418 21 X 319 259
498 20 X 335 418
628 19 X 490 498
492 20 X 335 327
428 21 X 327 259
500 20 X 335 428
632 19 X 492 500
751 18 X 628 632
841 17 X 753 751
936 16 X 841 467
12 28 X 2 7
32 27 X 3 12
42 27 X 4 13
74 26 X 32 42
138 24 X 53 74
199 23 X 69 138
118 24 X 3 32
169 23 X 15 118
346 22 X 199 169
54 26 X 3 12
122 24 X 3 54
173 23 X 15 122
320 22 X 162 173
374 21 X 259 320
533 20 X 346 374
442 21 X 346 335
598 20 X 442 259
680 19 X 533 598
18 28 X 5 7
34 27 X 3 18
47 27 X 4 21
76 26 X 34 47
140 24 X 53 76
201 23 X 69 140
120 24 X 3 34
171 23 X 15 120
350 22 X 201 171
56 26 X 3 18
124 24 X 3 56
175 23 X 15 124
328 22 X 164 175
378 21 X 259 328
541 20 X 350 378
448 21 X 350 335
608 20 X 448 259
700 19 X 541 608
775 18 X 680 700
532 20 X 346 320
419 21 X 320 259
599 20 X 442 419
678 19 X 532 599
540 20 X 350 328
429 21 X 328 259
609 20 X 448 429
698 19 X 540 609
773 18 X 678 698
855 17 X 775 773
950 16 X 855 467
996 15 X 936 950
1008 14 X 864 996
1042 13 X 1005 1008
1098 11 X 1042 878
336 22 X 197 168
439 21 X 344 336
260 22 X 4 172
414 21 X 316 260
594 20 X 439 414
668 19 X 528 594
337 22 X 197 170
445 21 X 348 337
261 22 X 4 174
424 21 X 324 261
604 20 X 445 424
688 19 X 536 604
763 18 X 668 688
849 17 X 765 763
944 16 X 849 467
994 15 X 934 944
1006 14 X 864 994
1084 11 X 1006 878
1146 10 X 1098 1084
1174 9 X 1146 878
1212 8 X 1172 1174
1222 7 X 858 1212
475 20 X 308 245
484 20 X 313 305
860 16 X 475 484
953 15 X 860 861
1061 12 X 953 859
1049 12 X 861 859
1127 10 X 1061 1049
1187 8 X 859 1127
286 22 X 79 39
241 22 X 1 80
463 20 X 286 241
709 19 X 547 463
886 16 X 709 469
276 22 X 77 80
464 20 X 286 276
711 19 X 548 464
888 16 X 711 470
973 15 X 886 888
238 22 X 1 26
462 20 X 286 238
707 19 X 546 462
884 16 X 707 468
1068 12 X 973 884
1120 11 X 1064 1068
1055 12 X 888 884
1107 11 X 1051 1055
1154 10 X 1120 1107
1129 10 X 1068 1055
1180 9 X 1154 1129
1189 8 X 859 1180
1223 7 X 1187 1189
1247 6 X 1222 1223
637 19 X 503 457
880 16 X 637 467
1081 11 X 865 880
1163 9 X 1081 880
317 22 X 161 186
380 21 X 263 317
513 20 X 338 380
659 19 X 513 503
325 22 X 163 186
384 21 X 263 325
517 20 X 338 384
663 19 X 517 503
758 18 X 659 663
505 20 X 338 317
415 21 X 317 263
519 20 X 338 415
640 19 X 505 519
509 20 X 338 325
425 21 X 325 263
524 20 X 338 425
650 19 X 509 524
755 18 X 640 650
843 17 X 758 755
938 16 X 843 467
187 23 X 68 117
345 22 X 198 187
191 23 X 68 121
318 22 X 161 191
381 21 X 263 318
531 20 X 345 381
440 21 X 345 338
595 20 X 440 263
676 19 X 531 595
189 23 X 68 119
349 22 X 200 189
193 23 X 68 123
326 22 X 163 193
385 21 X 263 326
539 20 X 349 385
446 21 X 349 338
605 20 X 446 263
696 19 X 539 605
771 18 X 676 696
530 20 X 345 318
416 21 X 318 263
596 20 X 440 416
673 19 X 530 596
538 20 X 349 326
426 21 X 326 263
606 20 X 446 426
693 19 X 538 606
768 18 X 673 693
852 17 X 771 768
947 16 X 852 467
999 15 X 938 947
1017 14 X 865 999
321 22 X 162 186
382 21 X 263 321
515 20 X 338 382
661 19 X 515 503
329 22 X 164 186
386 21 X 263 329
518 20 X 338 386
664 19 X 518 503
759 18 X 661 664
507 20 X 338 321
420 21 X 321 263
522 20 X 338 420
646 19 X 507 522
510 20 X 338 329
430 21 X 329 263
525 20 X 338 430
652 19 X 510 525
757 18 X 646 652
845 17 X 759 757
940 16 X 845 467
188 23 X 68 118
347 22 X 199 188
192 23 X 68 122
322 22 X 162 192
383 21 X 263 322
535 20 X 347 383
443 21 X 347 338
600 20 X 443 263
684 19 X 535 600
190 23 X 68 120
351 22 X 201 190
194 23 X 68 124
330 22 X 164 194
387 21 X 263 330
543 20 X 351 387
449 21 X 351 338
610 20 X 449 263
704 19 X 543 610
779 18 X 684 704
534 20 X 347 322
421 21 X 322 263
601 20 X 443 421
682 19 X 534 601
542 20 X 351 330
431 21 X 330 263
611 20 X 449 431
702 19 X 542 611
777 18 X 682 702
857 17 X 779 777
952 16 X 857 467
1002 15 X 940 952
1020 14 X 865 1002
1046 13 X 1017 1020
1102 11 X 1046 880
339 22 X 197 187
441 21 X 345 339
264 22 X 4 191
417 21 X 318 264
597 20 X 441 417
674 19 X 530 597
340 22 X 197 189
447 21 X 349 340
265 22 X 4 193
427 21 X 326 265
607 20 X 447 427
694 19 X 538 607
769 18 X 674 694
853 17 X 771 769
948 16 X 853 467
1000 15 X 938 948
1018 14 X 865 1000
1088 11 X 1018 880
1150 10 X 1102 1088
40 27 X 4 6
65 26 X 4 40
131 24 X 4 65
165 23 X 4 131
30 27 X 3 5
57 26 X 3 30
125 24 X 3 57
195 23 X 68 125
331 22 X 165 195
511 20 X 338 331
302 22 X 131 125
399 21 X 302 256
459 20 X 275 399
655 19 X 511 459
816 17 X 637 655
913 16 X 816 467
967 15 X 880 913
1023 14 X 880 967
10 29 X 6 4
22 28 X 6 10
48 27 X 4 22
67 26 X 4 48
132 24 X 4 67
166 23 X 4 132
9 29 X 5 3
19 28 X 5 9
35 27 X 3 19
59 26 X 3 35
126 24 X 3 59
196 23 X 68 126
332 22 X 166 196
512 20 X 338 332
303 22 X 132 126
401 21 X 303 256
461 20 X 275 401
658 19 X 512 461
819 17 X 637 658
916 16 X 819 467
970 15 X 880 916
1026 14 X 880 970
1048 13 X 1023 1026
1104 11 X 1048 880
257 22 X 4 125
400 21 X 302 257
460 20 X 275 400
656 19 X 511 460
817 17 X 637 656
914 16 X 817 467
968 15 X 880 914
1024 14 X 880 968
1090 11 X 1024 880
1152 10 X 1104 1090
1178 9 X 1150 1152
1202 8 X 1163 1178
1218 7 X 858 1202
715 19 X 550 463
892 16 X 715 469
717 19 X 551 464
894 16 X 717 470
975 15 X 892 894
713 19 X 549 462
890 16 X 713 468
1070 12 X 975 890
1122 11 X 1065 1070
1057 12 X 894 890
1111 11 X 1052 1057
1158 10 X 1122 1111
1133 10 X 1070 1057
1184 9 X 1158 1133
1191 8 X 859 1184
1224 7 X 1187 1191
1243 6 X 1218 1224
1261 5 X 1247 1243
1161 9 X 1079 878
1211 8 X 1172 1161
1221 7 X 858 1211
1246 6 X 1221 1223
1214 7 X 858 1163
1238 6 X 1214 1224
1260 5 X 1246 1238
1270 4 X 1261 1260
1213 7 X 858 1161
862 16 X 477 486
1077 11 X 859 862
1125 10 X 859 1077
863 16 X 478 487
1050 12 X 863 862
1105 11 X 1049 1050
1128 10 X 1061 1105
1193 8 X 1125 1128
287 22 X 86 45
277 22 X 77 81
466 20 X 287 277
617 19 X 479 466
875 16 X 617 472
239 22 X 1 27
465 20 X 287 239
615 19 X 477 465
874 16 X 615 471
1053 12 X 875 874
1106 11 X 1051 1053
1153 10 X 1120 1106
1114 11 X 1055 1053
1130 10 X 1068 1114
1179 9 X 1153 1130
1194 8 X 1125 1179
1227 7 X 1193 1194
1237 6 X 1213 1227
821 17 X 659 640
918 16 X 821 467
514 20 X 338 381
660 19 X 514 503
506 20 X 338 318
520 20 X 338 416
643 19 X 506 520
824 17 X 660 643
921 16 X 824 467
985 15 X 918 921
1011 14 X 865 985
827 17 X 661 646
924 16 X 827 467
516 20 X 338 383
662 19 X 516 503
508 20 X 338 322
523 20 X 338 421
648 19 X 508 523
829 17 X 662 648
926 16 X 829 467
988 15 X 924 926
1014 14 X 865 988
1044 13 X 1011 1014
1100 11 X 1044 880
521 20 X 338 417
644 19 X 506 521
825 17 X 660 644
922 16 X 825 467
986 15 X 918 922
1012 14 X 865 986
1086 11 X 1012 880
1148 10 X 1100 1086
1176 9 X 1148 1152
1200 8 X 1163 1176
1216 7 X 858 1200
621 19 X 481 466
877 16 X 621 472
619 19 X 480 465
876 16 X 619 471
1054 12 X 877 876
1110 11 X 1052 1054
1157 10 X 1122 1110
1116 11 X 1057 1054
1134 10 X 1070 1116
1183 9 X 1157 1134
1195 8 X 1125 1183
1228 7 X 1193 1195
1241 6 X 1216 1228
1257 5 X 1237 1241
1239 6 X 1214 1228
1255 5 X 1237 1239
1268 4 X 1257 1255
1274 3 X 1270 1268
743 19 X 591 488
792 18 X 743 488
809 17 X 488 792
724 19 X 573 467
785 18 X 724 467
799 17 X 467 785
906 16 X 809 799
956 15 X 864 906
1029 14 X 956 864
1036 13 X 864 1029
1095 11 X 1036 1038
1143 10 X 1095 1079
1171 9 X 1143 878
625 19 X 489 488
629 19 X 491 488
748 18 X 625 629
838 17 X 752 748
933 16 X 838 467
669 19 X 529 488
689 19 X 537 488
764 18 X 669 689
665 19 X 528 488
685 19 X 536 488
760 18 X 665 685
846 17 X 764 760
941 16 X 846 467
991 15 X 933 941
1003 14 X 864 991
627 19 X 490 488
631 19 X 492 488
750 18 X 627 631
840 17 X 753 750
935 16 X 840 467
679 19 X 533 488
699 19 X 541 488
774 18 X 679 699
677 19 X 532 488
697 19 X 540 488
772 18 X 677 697
854 17 X 774 772
949 16 X 854 467
995 15 X 935 949
1007 14 X 864 995
1041 13 X 1003 1007
1097 11 X 1041 878
501 20 X 336 260
666 19 X 528 501
502 20 X 337 261
686 19 X 536 502
761 18 X 666 686
847 17 X 764 761
942 16 X 847 467
992 15 X 933 942
1004 14 X 864 992
1083 11 X 1004 878
1145 10 X 1097 1083
1173 9 X 1145 878
1210 8 X 1171 1173
1220 7 X 858 1210
1245 6 X 1220 1223
639 19 X 505 503
649 19 X 509 503
754 18 X 639 649
842 17 X 758 754
937 16 X 842 467
675 19 X 531 503
695 19 X 539 503
770 18 X 675 695
671 19 X 530 503
691 19 X 538 503
766 18 X 671 691
850 17 X 770 766
945 16 X 850 467
997 15 X 937 945
1015 14 X 865 997
645 19 X 507 503
651 19 X 510 503
756 18 X 645 651
844 17 X 759 756
939 16 X 844 467
683 19 X 535 503
703 19 X 543 503
778 18 X 683 703
681 19 X 534 503
701 19 X 542 503
776 18 X 681 701
856 17 X 778 776
951 16 X 856 467
1001 15 X 939 951
1019 14 X 865 1001
1045 13 X 1015 1019
1101 11 X 1045 880
526 20 X 339 264
672 19 X 530 526
527 20 X 340 265
692 19 X 538 527
767 18 X 672 692
851 17 X 770 767
946 16 X 851 467
998 15 X 937 946
1016 14 X 865 998
1087 11 X 1016 880
1149 10 X 1101 1087
653 19 X 511 457
814 17 X 637 653
911 16 X 814 467
965 15 X 880 911
1021 14 X 880 965
657 19 X 512 457
818 17 X 637 657
915 16 X 818 467
969 15 X 880 915
1025 14 X 880 969
1047 13 X 1021 1025
1103 11 X 1047 880
458 20 X 275 257
654 19 X 511 458
815 17 X 637 654
912 16 X 815 467
966 15 X 880 912
1022 14 X 880 966
1089 11 X 1022 880
1151 10 X 1103 1089
1177 9 X 1149 1151
1201 8 X 1163 1177
1217 7 X 858 1201
1242 6 X 1217 1224
1259 5 X 1245 1242
1209 8 X 1171 1161
1219 7 X 858 1209
1244 6 X 1219 1223
1258 5 X 1244 1238
1269 4 X 1259 1258
820 17 X 659 639
917 16 X 820 467
641 19 X 506 503
822 17 X 660 641
919 16 X 822 467
983 15 X 917 919
1009 14 X 865 983
826 17 X 661 645
923 16 X 826 467
647 19 X 508 503
828 17 X 662 647
925 16 X 828 467
987 15 X 923 925
1013 14 X 865 987
1043 13 X 1009 1013
1099 11 X 1043 880
504 20 X 338 264
642 19 X 506 504
823 17 X 660 642
920 16 X 823 467
984 15 X 917 920
1010 14 X 865 984
1085 11 X 1010 880
1147 10 X 1099 1085
1175 9 X 1147 1151
1199 8 X 1163 1175
1215 7 X 858 1199
1240 6 X 1215 1228
1256 5 X 1237 1240
1267 4 X 1256 1255
1273 3 X 1269 1267
1277 2 X 1274 1273
1279 1 X 1278 1277
