198
yzxtqm rpswwl bzasqb uthxra ztsbcs eiktvl qdnugx lqtfmc wkfnev okpoas ahtyjg nctyxf lckabq dlpupj zsaypy htudjz
2 16 12 10 7 8 6 11 9 5 3 1 4 15 14 13
2 17 0 -1 -1
3 17 1 -1 -1
1 17 -1 -1 -1
10 15 X 3 1
46 12 X 2 10
73 11 X 46 10
6 16 X 3 2
4 16 X 1 2
16 15 X 6 4
37 13 X 10 16
58 12 X 37 10
80 11 X 58 10
99 10 X 73 80
124 9 X 99 1
103 9 X 10 1
140 8 X 124 103
7 15 X 1 4
30 13 X 1 7
55 12 X 30 1
65 11 X 1 55
92 10 X 65 1
105 9 X 10 92
5 16 X 1 3
11 15 X 3 5
49 12 X 11 3
82 10 X 10 49
107 9 X 82 1
130 8 X 105 107
157 7 X 140 130
128 8 X 103 107
144 7 X 103 128
170 6 X 157 144
19 14 X 1 10
106 9 X 19 1
20 14 X 1 11
18 14 X 1 3
51 12 X 20 18
83 10 X 19 51
109 9 X 83 1
131 8 X 106 109
145 7 X 106 131
48 12 X 10 19
13 15 X 5 1
26 14 X 13 10
54 12 X 26 19
69 11 X 19 54
88 10 X 48 69
115 9 X 88 1
21 14 X 5 11
53 12 X 21 18
77 11 X 51 53
89 10 X 48 77
116 9 X 89 1
135 8 X 115 116
152 7 X 115 135
164 6 X 145 152
181 5 X 170 164
108 9 X 82 19
146 7 X 108 107
110 9 X 83 19
150 7 X 110 109
176 5 X 146 150
188 4 X 181 176
8 15 X 2 1
35 13 X 10 8
56 12 X 35 10
78 11 X 56 10
14 15 X 6 1
36 13 X 10 14
57 12 X 36 10
79 11 X 57 10
100 10 X 78 79
125 9 X 100 1
141 8 X 124 125
158 7 X 141 130
171 6 X 158 144
182 5 X 171 164
70 11 X 35 10
17 15 X 6 5
40 13 X 11 17
15 15 X 6 3
33 13 X 3 15
59 12 X 40 33
81 11 X 59 49
96 10 X 70 81
120 9 X 96 19
66 11 X 10 36
50 12 X 11 33
74 11 X 49 50
93 10 X 66 74
12 15 X 4 1
31 13 X 1 12
61 11 X 1 31
45 12 X 1 31
63 11 X 1 45
90 10 X 61 63
117 9 X 93 90
136 8 X 117 107
153 7 X 120 136
166 6 X 153 146
43 13 X 19 8
86 10 X 43 51
113 9 X 86 1
132 8 X 109 113
151 7 X 110 132
165 6 X 150 151
177 5 X 166 165
189 4 X 182 177
194 3 X 188 189
175 5 X 144 164
174 5 X 107 109
185 4 X 175 174
23 14 X 8 10
38 13 X 10 23
27 14 X 14 10
39 13 X 10 27
72 11 X 38 39
29 14 X 17 11
41 13 X 11 29
28 14 X 15 3
34 13 X 3 28
60 12 X 41 34
98 10 X 72 60
24 14 X 12 1
32 13 X 1 24
62 11 X 1 32
123 9 X 98 62
122 9 X 98 1
139 8 X 123 122
156 7 X 139 136
169 6 X 156 107
67 11 X 19 43
9 15 X 2 3
22 14 X 8 9
42 13 X 18 22
52 12 X 20 42
76 11 X 51 52
94 10 X 67 76
118 9 X 94 1
137 8 X 118 113
148 7 X 109 137
162 6 X 109 148
180 5 X 169 162
187 4 X 175 180
193 3 X 185 187
196 2 X 194 193
102 10 X 80 10
127 9 X 102 1
142 8 X 127 103
47 12 X 7 1
64 11 X 1 47
91 10 X 64 1
104 9 X 10 91
129 8 X 104 107
159 7 X 142 129
172 6 X 159 144
183 5 X 172 164
190 4 X 183 174
101 10 X 79 10
126 9 X 101 1
143 8 X 127 126
160 7 X 143 129
173 6 X 160 144
184 5 X 173 164
71 11 X 36 10
97 10 X 71 49
121 9 X 97 1
154 7 X 121 136
167 6 X 154 107
25 14 X 12 14
44 13 X 19 25
87 10 X 44 51
114 9 X 87 1
133 8 X 109 114
147 7 X 109 133
161 6 X 109 147
178 5 X 167 161
191 4 X 184 178
195 3 X 190 191
75 11 X 49 60
85 10 X 39 75
112 9 X 85 62
84 10 X 39 49
111 9 X 84 1
134 8 X 112 111
155 7 X 134 136
168 6 X 155 107
68 11 X 19 44
95 10 X 68 51
119 9 X 95 1
138 8 X 119 114
149 7 X 109 138
163 6 X 109 149
179 5 X 168 163
186 4 X 175 179
192 3 X 185 186
197 2 X 195 192
198 1 X 196 197
