165
oxjslt ksqijh bhmhil adandd jltoep oeluuj hhvooi ievawb pdgcjm kroztb zkvxes dqhvcl phmsvm dqfrmn tejowt kbrwrn
1 2 15 13 14 6 12 7 8 16 5 9 4 10 11 3
2 17 0 -1 -1
3 17 1 -1 -1
6 16 X 2 3
16 14 X 6 3
34 12 X 16 3
50 11 X 34 3
93 8 X 50 3
117 7 X 93 3
134 6 X 117 3
48 11 X 16 3
31 12 X 3 16
49 11 X 31 3
92 8 X 48 49
116 7 X 92 3
133 6 X 116 3
150 5 X 134 133
25 13 X 3 16
35 12 X 16 25
113 7 X 35 3
130 6 X 113 3
112 7 X 16 3
129 6 X 112 3
149 5 X 130 129
157 4 X 150 149
1 17 -1 -1 -1
8 15 X 3 1
46 11 X 3 8
56 10 X 8 46
68 10 X 48 3
98 8 X 56 68
55 10 X 8 3
94 8 X 55 3
121 7 X 98 94
95 8 X 56 3
118 7 X 95 94
136 6 X 121 118
145 5 X 3 136
11 15 X 3 6
17 14 X 6 11
58 10 X 17 3
97 8 X 56 58
4 16 X 1 2
10 15 X 3 4
28 13 X 8 10
47 11 X 8 28
67 10 X 47 3
79 9 X 55 67
57 10 X 11 3
9 15 X 3 2
29 13 X 11 9
59 10 X 29 3
80 9 X 57 59
105 8 X 79 80
120 7 X 97 105
96 8 X 56 57
119 7 X 96 105
135 6 X 120 119
144 5 X 3 135
155 4 X 145 144
161 3 X 157 155
13 14 X 3 11
22 13 X 3 13
33 12 X 3 22
61 10 X 33 3
89 8 X 3 61
12 14 X 3 9
21 13 X 3 12
32 12 X 3 21
60 10 X 32 3
81 9 X 61 60
90 8 X 3 81
115 7 X 89 90
132 6 X 115 3
143 5 X 3 132
153 4 X 3 143
159 3 X 3 153
163 2 X 161 159
5 16 X 2 1
14 14 X 5 1
30 13 X 16 14
43 12 X 30 3
18 13 X 3 1
36 12 X 18 3
53 11 X 43 36
77 9 X 53 36
23 13 X 3 14
39 12 X 23 3
51 11 X 39 36
75 9 X 51 1
103 8 X 77 75
70 9 X 36 1
91 8 X 36 70
124 7 X 103 91
71 9 X 36 18
100 8 X 71 70
139 6 X 124 100
44 12 X 30 16
54 11 X 44 36
78 9 X 54 1
40 12 X 23 25
52 11 X 40 36
76 9 X 52 1
104 8 X 78 76
125 7 X 104 70
140 6 X 125 70
152 5 X 139 140
45 12 X 30 25
74 9 X 45 1
72 9 X 40 1
102 8 X 74 72
123 7 X 102 70
138 6 X 123 70
73 9 X 44 1
101 8 X 73 72
122 7 X 101 70
137 6 X 122 70
151 5 X 138 137
158 4 X 152 151
62 10 X 36 3
82 9 X 62 1
99 8 X 62 82
83 9 X 62 18
106 8 X 83 82
128 6 X 99 106
27 13 X 8 1
42 12 X 27 8
66 10 X 42 3
87 9 X 66 1
69 10 X 52 3
88 9 X 69 1
111 8 X 87 88
108 8 X 87 82
127 7 X 111 108
142 6 X 127 108
148 5 X 128 142
7 15 X 1 5
15 14 X 5 7
24 13 X 3 15
26 13 X 3 17
41 12 X 24 26
65 10 X 41 3
86 9 X 65 1
110 8 X 87 86
19 13 X 3 7
20 13 X 3 11
38 12 X 19 20
64 10 X 38 3
85 9 X 64 1
109 8 X 87 85
126 7 X 110 109
141 6 X 126 109
147 5 X 82 141
156 4 X 148 147
162 3 X 158 156
37 12 X 18 22
63 10 X 37 3
84 9 X 63 62
114 7 X 62 84
107 8 X 84 62
131 6 X 114 107
146 5 X 62 131
154 4 X 62 146
160 3 X 36 154
164 2 X 162 160
165 1 X 163 164
