890
xpseqd zamwkd jqnhte jwtier tnqrcc uvceny ytdpda usppcq itcpnp gqiqpn zmlrcj aelxjl iddnxk miiuyw mxshbt hyqwah dianec fpvatf opbssx uzarrf
19 3 13 5 8 11 4 16 12 10 15 9 2 14 20 18 1 17 7 6
1 21 -1 -1 -1
2 21 0 -1 -1
8 19 X 2 1
23 17 X 1 8
4 20 X 2 1
12 19 X 4 1
18 18 X 8 12
28 17 X 1 18
84 16 X 23 28
144 15 X 1 84
218 14 X 1 144
328 13 X 1 218
80 16 X 23 1
142 15 X 1 80
216 14 X 1 142
326 13 X 1 216
478 12 X 328 326
73 16 X 8 1
137 15 X 1 73
212 14 X 1 137
325 13 X 1 212
477 12 X 328 325
607 11 X 478 477
17 18 X 8 1
27 17 X 1 17
83 16 X 23 27
143 15 X 1 83
217 14 X 1 143
327 13 X 1 217
476 12 X 327 326
475 12 X 327 325
605 11 X 476 475
684 10 X 607 605
772 9 X 684 1
822 8 X 772 1
849 7 X 822 1
26 17 X 1 12
21 18 X 12 1
30 17 X 1 21
95 16 X 26 30
150 15 X 1 95
224 14 X 1 150
384 13 X 224 217
78 16 X 12 21
140 15 X 1 78
215 14 X 1 140
74 16 X 8 17
138 15 X 1 74
213 14 X 1 138
383 13 X 215 213
525 12 X 384 383
587 11 X 384 525
657 10 X 1 587
759 9 X 657 1
812 8 X 759 1
843 7 X 812 1
865 6 X 849 843
868 5 X 1 865
878 4 X 1 868
7 19 X 1 4
41 17 X 7 1
64 16 X 1 41
245 14 X 64 1
389 13 X 245 1
528 12 X 389 1
167 15 X 64 41
288 14 X 167 1
425 13 X 288 1
31 17 X 4 1
97 16 X 31 1
261 14 X 97 1
409 13 X 261 1
553 12 X 425 409
636 11 X 528 553
693 10 X 636 1
728 9 X 1 693
47 16 X 1 7
158 15 X 47 7
282 14 X 158 1
5 19 X 1 2
14 18 X 5 1
36 17 X 5 14
59 16 X 1 36
70 16 X 5 36
164 15 X 59 70
284 14 X 158 164
424 13 X 282 284
72 16 X 7 1
251 14 X 72 1
69 16 X 5 1
252 14 X 72 69
395 13 X 251 252
552 12 X 424 395
45 16 X 1 5
156 15 X 45 5
279 14 X 156 164
422 13 X 282 279
393 13 X 251 69
550 12 X 422 393
650 11 X 552 550
32 17 X 5 1
56 16 X 1 32
162 15 X 56 32
289 14 X 167 162
355 13 X 1 289
106 16 X 41 1
98 16 X 32 1
264 14 X 106 98
346 13 X 1 264
503 12 X 355 346
304 13 X 1 162
301 13 X 1 98
454 12 X 304 301
626 11 X 503 454
708 10 X 650 626
738 9 X 1 708
793 8 X 728 738
834 7 X 793 1
283 14 X 158 156
423 13 X 282 283
234 14 X 7 1
235 14 X 7 5
386 13 X 234 235
551 12 X 423 386
421 13 X 282 156
385 13 X 234 5
549 12 X 421 385
649 11 X 551 549
352 13 X 1 283
343 13 X 1 235
500 12 X 352 343
302 13 X 1 156
298 13 X 1 5
451 12 X 302 298
624 11 X 500 451
706 10 X 649 624
736 9 X 1 706
792 8 X 728 736
44 17 X 12 1
262 14 X 97 44
410 13 X 262 1
554 12 X 425 410
637 11 X 528 554
111 16 X 44 1
274 14 X 111 44
415 13 X 274 1
450 12 X 1 415
570 11 X 1 450
694 10 X 637 570
729 9 X 1 694
794 8 X 729 736
833 7 X 792 794
857 6 X 834 833
155 15 X 1 106
277 14 X 155 1
420 13 X 277 1
263 14 X 106 1
411 13 X 263 1
546 12 X 420 411
545 12 X 420 409
648 11 X 546 545
705 10 X 648 1
735 9 X 1 705
136 15 X 1 72
275 14 X 136 1
417 13 X 275 282
541 12 X 417 251
278 14 X 156 1
416 13 X 275 278
250 14 X 69 1
394 13 X 251 250
539 12 X 416 394
644 11 X 541 539
701 10 X 644 1
732 9 X 1 701
797 8 X 735 732
544 12 X 420 1
273 14 X 111 1
414 13 X 273 1
547 12 X 420 414
646 11 X 544 547
703 10 X 646 1
734 9 X 1 703
540 12 X 417 1
538 12 X 416 1
643 11 X 540 538
700 10 X 643 1
731 9 X 1 700
796 8 X 734 731
836 7 X 797 796
16 18 X 7 1
79 16 X 16 1
141 15 X 1 79
276 14 X 141 1
50 16 X 1 16
161 15 X 50 16
287 14 X 161 1
419 13 X 276 287
256 14 X 79 1
237 14 X 16 1
400 13 X 256 237
543 12 X 419 400
48 16 X 1 14
159 15 X 48 14
285 14 X 159 1
418 13 X 276 285
236 14 X 14 1
399 13 X 256 236
542 12 X 418 399
645 11 X 543 542
702 10 X 645 1
733 9 X 1 702
798 8 X 735 733
126 15 X 1 44
202 14 X 1 126
379 13 X 202 1
441 12 X 1 379
565 11 X 1 441
548 12 X 420 415
647 11 X 544 548
183 14 X 1 44
368 13 X 183 1
440 12 X 1 368
564 11 X 1 440
704 10 X 647 564
742 9 X 565 704
800 8 X 742 733
837 7 X 798 800
859 6 X 836 837
874 5 X 857 859
42 17 X 7 4
65 16 X 1 42
246 14 X 65 1
107 16 X 41 42
168 15 X 65 107
13 18 X 2 1
35 17 X 5 13
58 16 X 1 35
99 16 X 32 35
163 15 X 58 99
290 14 X 168 163
390 13 X 246 290
529 12 X 390 346
96 16 X 26 42
178 15 X 96 42
294 14 X 178 1
33 17 X 5 2
85 16 X 23 33
171 15 X 85 33
86 16 X 23 35
101 16 X 33 35
173 15 X 86 101
291 14 X 171 173
428 13 X 294 291
68 16 X 4 1
248 14 X 68 1
66 16 X 2 1
391 13 X 248 66
559 12 X 428 391
638 11 X 529 559
10 19 X 2 4
34 17 X 5 10
104 16 X 34 35
174 15 X 86 104
297 14 X 178 174
358 13 X 1 297
108 16 X 42 1
102 16 X 34 1
269 14 X 108 102
347 13 X 1 269
506 12 X 358 347
356 13 X 1 291
299 13 X 1 66
504 12 X 356 299
627 11 X 506 504
695 10 X 638 627
730 9 X 1 695
353 13 X 1 284
345 13 X 1 252
501 12 X 353 345
349 13 X 1 279
300 13 X 1 69
495 12 X 349 300
625 11 X 501 495
707 10 X 650 625
737 9 X 1 707
795 8 X 730 737
835 7 X 795 1
103 16 X 34 33
172 15 X 85 103
296 14 X 178 172
362 13 X 26 296
94 16 X 26 1
258 14 X 94 26
270 14 X 108 103
407 13 X 258 270
511 12 X 362 407
359 13 X 26 171
77 16 X 12 1
255 14 X 77 12
3 20 X 1 2
67 16 X 2 3
247 14 X 67 2
397 13 X 255 247
507 12 X 359 397
629 11 X 511 507
659 10 X 1 629
712 9 X 1 659
658 10 X 1 624
711 9 X 1 658
781 8 X 712 711
858 6 X 835 781
118 15 X 1 23
194 14 X 1 118
311 13 X 1 194
461 12 X 311 326
460 12 X 311 325
599 11 X 461 460
177 15 X 94 108
293 14 X 177 1
295 14 X 178 171
427 13 X 293 295
265 14 X 108 1
100 16 X 33 1
268 14 X 108 100
412 13 X 265 268
558 12 X 427 412
426 13 X 293 171
555 12 X 426 391
652 11 X 558 555
22 17 X 1 2
117 15 X 1 22
193 14 X 1 117
310 13 X 1 193
152 15 X 1 100
226 14 X 1 152
335 13 X 1 226
459 12 X 310 335
132 15 X 1 66
208 14 X 1 132
321 13 X 1 208
457 12 X 310 321
596 11 X 459 457
710 10 X 652 596
750 9 X 599 710
804 8 X 750 732
257 14 X 94 1
260 14 X 94 80
403 13 X 257 260
557 12 X 427 403
254 14 X 77 1
396 13 X 254 73
556 12 X 426 396
651 11 X 557 556
81 16 X 23 22
169 15 X 81 22
232 14 X 1 169
341 13 X 1 232
187 14 X 1 80
307 13 X 1 187
491 12 X 341 307
186 14 X 1 73
306 13 X 1 186
490 12 X 341 306
621 11 X 491 490
709 10 X 651 621
749 9 X 599 709
803 8 X 749 731
839 7 X 804 803
121 15 X 1 26
197 14 X 1 121
374 13 X 197 194
116 15 X 1 12
192 14 X 1 116
115 15 X 1 8
191 14 X 1 115
371 13 X 192 191
519 12 X 374 371
580 11 X 374 519
655 10 X 1 580
373 13 X 197 193
123 15 X 1 33
199 14 X 1 123
376 13 X 197 199
518 12 X 373 376
112 15 X 1 2
188 14 X 1 112
370 13 X 192 188
517 12 X 373 370
633 11 X 518 517
661 10 X 1 633
757 9 X 655 661
810 8 X 757 1
181 14 X 1 26
366 13 X 181 232
182 14 X 1 33
365 13 X 181 182
514 12 X 366 365
180 14 X 1 12
179 14 X 1 2
364 13 X 180 179
513 12 X 366 364
631 11 X 514 513
660 10 X 1 631
756 9 X 655 660
809 8 X 756 1
842 7 X 810 809
860 6 X 839 842
875 5 X 858 860
883 4 X 874 875
886 3 X 878 883
11 19 X 3 1
25 17 X 1 11
92 16 X 25 28
148 15 X 1 92
222 14 X 1 148
332 13 X 1 222
89 16 X 25 1
145 15 X 1 89
219 14 X 1 145
329 13 X 1 219
481 12 X 332 329
614 11 X 481 477
91 16 X 25 27
147 15 X 1 91
221 14 X 1 147
331 13 X 1 221
480 12 X 331 329
613 11 X 480 475
687 10 X 614 613
775 9 X 687 1
825 8 X 775 1
851 7 X 825 1
52 16 X 1 26
128 15 X 1 52
204 14 X 1 128
381 13 X 204 222
378 13 X 197 218
75 16 X 8 18
139 15 X 1 75
214 14 X 1 139
372 13 X 192 214
524 12 X 378 372
585 11 X 381 524
55 16 X 1 30
131 15 X 1 55
207 14 X 1 131
382 13 X 207 221
586 11 X 382 525
674 10 X 585 586
767 9 X 674 1
817 8 X 767 1
845 7 X 817 1
867 6 X 851 845
869 5 X 1 867
879 4 X 1 869
446 12 X 1 409
567 11 X 1 446
665 10 X 567 1
714 9 X 1 665
6 19 X 1 3
15 18 X 6 1
39 17 X 6 15
62 16 X 1 39
71 16 X 6 39
166 15 X 62 71
231 14 X 1 166
340 13 X 1 231
489 12 X 340 395
46 16 X 1 6
157 15 X 46 6
281 14 X 157 166
351 13 X 1 281
499 12 X 351 393
620 11 X 489 499
37 17 X 6 1
60 16 X 1 37
165 15 X 60 37
230 14 X 1 165
339 13 X 1 230
487 12 X 339 346
305 13 X 1 165
455 12 X 305 301
618 11 X 487 455
689 10 X 620 618
724 9 X 1 689
785 8 X 714 724
444 12 X 1 395
443 12 X 1 393
593 11 X 444 443
438 12 X 1 346
432 12 X 1 301
591 11 X 438 432
677 10 X 593 591
720 9 X 1 677
783 8 X 714 720
829 7 X 785 783
229 14 X 1 157
338 13 X 1 229
486 12 X 338 386
303 13 X 1 157
453 12 X 303 385
617 11 X 486 453
485 12 X 338 343
452 12 X 303 298
616 11 X 485 452
688 10 X 617 616
723 9 X 1 688
784 8 X 714 723
447 12 X 1 410
568 11 X 1 447
666 10 X 568 570
715 9 X 1 666
786 8 X 715 723
828 7 X 784 786
854 6 X 829 828
448 12 X 1 411
595 11 X 448 446
679 10 X 595 1
722 9 X 1 679
429 12 X 1 251
280 14 X 157 1
350 13 X 1 280
497 12 X 350 394
588 11 X 429 497
675 10 X 588 1
718 9 X 1 675
788 8 X 722 718
449 12 X 1 414
569 11 X 1 449
667 10 X 569 1
716 9 X 1 667
496 12 X 350 1
576 11 X 1 496
671 10 X 576 1
717 9 X 1 671
787 8 X 716 717
830 7 X 788 787
445 12 X 1 400
49 16 X 1 15
160 15 X 49 15
286 14 X 160 1
354 13 X 1 286
502 12 X 354 399
594 11 X 445 502
678 10 X 594 1
721 9 X 1 678
789 8 X 722 721
668 10 X 570 564
741 9 X 565 668
799 8 X 741 721
831 7 X 789 799
855 6 X 830 831
872 5 X 854 855
242 14 X 52 1
9 19 X 2 3
19 18 X 9 1
40 17 X 6 19
63 16 X 1 40
244 14 X 52 63
388 13 X 242 244
527 12 X 388 1
238 14 X 26 1
38 17 X 6 9
87 16 X 23 38
175 15 X 87 38
88 16 X 23 40
105 16 X 38 40
176 15 X 88 105
292 14 X 175 176
387 13 X 238 292
526 12 X 387 391
635 11 X 527 526
240 14 X 26 88
344 13 X 1 240
43 17 X 7 10
109 16 X 43 1
271 14 X 108 109
348 13 X 1 271
494 12 X 344 348
357 13 X 1 292
505 12 X 357 299
623 11 X 494 505
692 10 X 635 623
727 9 X 1 692
488 12 X 340 345
498 12 X 351 300
619 11 X 488 498
690 10 X 620 619
725 9 X 1 690
791 8 X 727 725
442 12 X 1 391
566 11 X 1 442
439 12 X 1 348
430 12 X 1 299
592 11 X 439 430
664 10 X 566 592
713 9 X 1 664
437 12 X 1 345
431 12 X 1 300
590 11 X 437 431
676 10 X 593 590
719 9 X 1 676
782 8 X 713 719
832 7 X 791 782
61 16 X 1 38
243 14 X 52 61
363 13 X 52 243
184 14 X 1 52
57 16 X 1 33
185 14 X 1 57
369 13 X 184 185
512 12 X 363 369
360 13 X 26 175
249 14 X 68 12
392 13 X 249 247
508 12 X 360 392
630 11 X 512 508
239 14 X 26 87
361 13 X 26 239
110 16 X 43 33
272 14 X 108 110
408 13 X 258 272
510 12 X 361 408
509 12 X 360 397
628 11 X 510 509
691 10 X 630 628
726 9 X 1 691
790 8 X 726 723
856 6 X 832 790
90 16 X 25 23
146 15 X 1 90
220 14 X 1 146
330 13 X 1 220
479 12 X 330 329
608 11 X 479 460
241 14 X 26 175
402 13 X 257 241
533 12 X 402 412
401 13 X 257 175
530 12 X 401 391
640 11 X 533 530
24 17 X 1 9
119 15 X 1 24
195 14 X 1 119
312 13 X 1 195
464 12 X 312 335
462 12 X 312 321
602 11 X 464 462
697 10 X 640 602
752 9 X 608 697
806 8 X 752 718
532 12 X 402 403
531 12 X 401 396
639 11 X 532 531
82 16 X 23 24
170 15 X 82 24
233 14 X 1 170
342 13 X 1 233
493 12 X 342 307
492 12 X 342 306
622 11 X 493 492
696 10 X 639 622
751 9 X 608 696
805 8 X 751 717
840 7 X 806 805
380 13 X 204 220
582 11 X 380 519
405 13 X 258 241
266 14 X 108 26
267 14 X 108 33
413 13 X 266 267
537 12 X 405 413
404 13 X 258 175
534 12 X 404 392
642 11 X 537 534
375 13 X 197 195
521 12 X 375 376
520 12 X 375 370
634 11 X 521 520
699 10 X 642 634
748 9 X 582 699
802 8 X 748 721
259 14 X 94 33
406 13 X 258 259
536 12 X 405 406
76 16 X 9 3
253 14 X 76 2
398 13 X 255 253
535 12 X 404 398
641 11 X 536 535
367 13 X 181 233
516 12 X 367 365
515 12 X 367 364
632 11 X 516 515
698 10 X 641 632
747 9 X 582 698
801 8 X 747 721
838 7 X 802 801
861 6 X 840 838
873 5 X 856 861
882 4 X 872 873
887 3 X 879 882
889 2 X 886 887
134 15 X 1 70
210 14 X 1 134
323 13 X 1 210
133 15 X 1 69
209 14 X 1 133
322 13 X 1 209
473 12 X 323 322
574 11 X 1 473
122 15 X 1 32
198 14 X 1 122
314 13 X 1 198
151 15 X 1 98
225 14 X 1 151
334 13 X 1 225
465 12 X 314 334
572 11 X 1 465
669 10 X 574 572
762 9 X 669 1
779 8 X 1 762
826 7 X 779 1
113 15 X 1 5
189 14 X 1 113
308 13 X 1 189
560 11 X 1 308
739 9 X 560 1
776 8 X 1 739
852 6 X 826 776
870 5 X 852 1
53 16 X 1 27
129 15 X 1 53
205 14 X 1 129
319 13 X 1 205
471 12 X 319 1
153 15 X 1 101
227 14 X 1 153
336 13 X 1 227
483 12 X 336 321
603 11 X 471 483
606 11 X 476 483
682 10 X 603 606
770 9 X 682 695
745 9 X 574 707
820 8 X 770 745
847 7 X 820 1
522 12 X 376 370
581 11 X 374 522
656 10 X 1 581
758 9 X 656 659
653 10 X 1 560
753 9 X 653 658
811 8 X 758 753
863 6 X 847 811
315 13 X 1 199
466 12 X 315 321
600 11 X 461 466
597 11 X 461 457
680 10 X 600 597
768 9 X 680 710
818 8 X 768 1
467 12 X 315 325
601 11 X 461 467
458 12 X 310 325
598 11 X 461 458
681 10 X 601 598
769 9 X 681 709
819 8 X 769 1
846 7 X 818 819
579 11 X 374 517
654 10 X 1 579
755 9 X 654 661
808 8 X 755 1
754 9 X 654 660
807 8 X 754 1
841 7 X 808 807
862 6 X 846 841
876 5 X 863 862
880 4 X 870 876
884 3 X 1 880
135 15 X 1 71
211 14 X 1 135
324 13 X 1 211
474 12 X 324 322
575 11 X 1 474
124 15 X 1 37
200 14 X 1 124
316 13 X 1 200
468 12 X 316 334
573 11 X 1 468
670 10 X 575 573
763 9 X 670 1
780 8 X 1 763
434 12 X 1 322
562 11 X 1 434
436 12 X 1 334
563 11 X 1 436
663 10 X 562 563
761 9 X 663 1
778 8 X 1 761
827 7 X 780 778
114 15 X 1 6
190 14 X 1 114
309 13 X 1 190
456 12 X 309 308
571 11 X 1 456
743 9 X 571 1
777 8 X 1 743
853 6 X 827 777
871 5 X 853 1
20 18 X 11 1
29 17 X 1 20
54 16 X 1 29
130 15 X 1 54
206 14 X 1 130
320 13 X 1 206
472 12 X 320 1
154 15 X 1 105
228 14 X 1 154
337 13 X 1 228
484 12 X 337 321
604 11 X 472 484
93 16 X 25 29
149 15 X 1 93
223 14 X 1 149
333 13 X 1 223
482 12 X 333 329
615 11 X 482 484
683 10 X 604 615
771 9 X 683 692
746 9 X 575 690
821 8 X 771 746
433 12 X 1 321
561 11 X 1 433
435 12 X 1 329
589 11 X 435 433
662 10 X 561 589
760 9 X 662 664
740 9 X 562 676
813 8 X 760 740
848 7 X 821 813
51 16 X 1 25
127 15 X 1 51
203 14 X 1 127
318 13 X 1 203
125 15 X 1 38
201 14 X 1 125
377 13 X 197 201
523 12 X 377 370
578 11 X 318 523
120 15 X 1 25
196 14 X 1 120
313 13 X 1 196
577 11 X 313 523
672 10 X 578 577
764 9 X 672 691
744 9 X 571 688
814 8 X 764 744
864 6 X 848 814
317 13 X 1 201
469 12 X 317 321
611 11 X 479 469
609 11 X 479 462
685 10 X 611 609
773 9 X 685 697
823 8 X 773 1
470 12 X 317 325
612 11 X 479 470
463 12 X 312 325
610 11 X 479 463
686 10 X 612 610
774 9 X 686 696
824 8 X 774 1
850 7 X 823 824
584 11 X 380 523
583 11 X 380 520
673 10 X 584 583
766 9 X 673 699
816 8 X 766 1
765 9 X 673 698
815 8 X 765 1
844 7 X 816 815
866 6 X 850 844
877 5 X 864 866
881 4 X 871 877
885 3 X 1 881
888 2 X 884 885
890 1 X 889 888
