307
lvmwoc ehcabe cektcj zgiugd jgmmzu ozxsou azuiog ysprpx wkijtg fyiyzc fonzzq naasfo trvhfm asxetk dbhyas luftja
14 7 4 12 16 11 2 1 15 9 6 10 8 3 5 13
3 17 1 -1 -1
1 17 -1 -1 -1
10 15 X 3 1
23 14 X 3 10
50 13 X 23 3
106 11 X 50 3
2 17 0 -1 -1
7 16 X 3 2
14 15 X 3 7
36 14 X 14 3
57 13 X 23 36
91 12 X 57 50
42 13 X 3 36
85 12 X 42 3
133 11 X 91 85
172 10 X 106 133
212 9 X 172 106
11 15 X 3 2
34 14 X 11 3
56 13 X 23 34
90 12 X 56 50
41 13 X 3 34
84 12 X 41 3
132 11 X 90 84
171 10 X 106 132
211 9 X 171 106
242 8 X 212 211
263 7 X 106 242
276 6 X 106 263
290 5 X 276 106
298 4 X 290 106
302 3 X 298 106
305 2 X 106 302
20 14 X 2 10
69 12 X 20 23
9 15 X 2 3
33 14 X 9 10
82 12 X 33 23
112 11 X 69 82
173 10 X 112 23
51 13 X 23 20
89 12 X 51 23
169 10 X 89 23
213 9 X 173 169
129 11 X 89 23
4 16 X 1 2
18 15 X 7 4
32 14 X 7 18
55 13 X 23 32
75 12 X 23 55
120 11 X 75 23
187 10 X 129 120
195 9 X 23 187
243 8 X 213 195
130 11 X 89 69
188 10 X 130 23
214 9 X 173 188
45 13 X 20 23
88 12 X 45 23
131 11 X 89 88
60 13 X 32 23
76 12 X 23 60
122 11 X 75 76
190 10 X 131 122
196 9 X 23 190
245 8 X 214 196
268 7 X 243 245
29 14 X 3 18
53 13 X 23 29
73 12 X 23 53
140 10 X 23 73
191 9 X 23 140
231 8 X 23 191
71 12 X 23 32
121 11 X 75 71
156 10 X 23 121
194 9 X 23 156
232 8 X 23 194
264 7 X 231 232
282 6 X 268 264
64 13 X 33 23
93 12 X 64 23
113 11 X 69 93
40 13 X 2 23
95 11 X 2 40
176 10 X 113 95
49 13 X 23 2
104 11 X 49 23
186 10 X 129 104
219 9 X 176 186
244 8 X 213 219
105 11 X 49 40
189 10 X 131 105
220 9 X 176 189
246 8 X 214 220
269 7 X 244 246
21 14 X 3 2
6 16 X 2 3
5 16 X 2 1
16 15 X 6 5
28 14 X 3 16
47 13 X 21 28
136 10 X 23 47
198 9 X 136 23
233 8 X 23 198
283 6 X 269 233
294 5 X 282 283
281 6 X 268 23
293 5 X 281 283
300 4 X 294 293
128 11 X 88 93
183 10 X 128 23
225 9 X 183 23
30 14 X 7 10
54 13 X 23 30
74 12 X 23 54
118 11 X 74 23
154 10 X 23 118
192 9 X 23 154
252 8 X 225 192
100 11 X 23 88
170 10 X 100 23
226 9 X 183 170
119 11 X 74 76
155 10 X 23 119
193 9 X 23 155
254 8 X 226 193
271 7 X 252 254
285 6 X 271 23
107 11 X 51 23
149 10 X 23 107
251 8 X 225 149
108 11 X 51 40
150 10 X 23 108
253 8 X 226 150
270 7 X 251 253
52 13 X 23 28
99 11 X 23 52
145 10 X 23 99
204 9 X 145 23
235 8 X 23 204
98 11 X 23 47
144 10 X 23 98
203 9 X 144 23
234 8 X 23 203
265 7 X 235 234
284 6 X 270 265
295 5 X 285 284
304 3 X 300 295
174 10 X 112 32
163 10 X 69 71
216 9 X 174 163
35 14 X 11 10
83 12 X 35 23
125 11 X 83 23
68 12 X 11 2
43 13 X 11 23
110 11 X 68 43
177 10 X 125 110
65 13 X 35 23
94 12 X 65 23
126 11 X 83 94
12 15 X 3 4
37 14 X 14 12
66 13 X 37 23
80 12 X 23 66
117 11 X 71 80
182 10 X 126 117
222 9 X 177 182
248 8 X 216 222
61 13 X 32 29
138 10 X 23 61
77 12 X 23 61
141 10 X 23 77
200 9 X 138 141
24 14 X 3 11
44 13 X 11 24
39 13 X 2 21
87 12 X 44 39
127 11 X 87 44
159 10 X 23 127
25 14 X 3 12
67 13 X 37 25
81 12 X 23 67
123 11 X 77 81
157 10 X 23 123
209 9 X 159 157
241 8 X 200 209
135 10 X 23 32
139 10 X 23 71
197 9 X 135 139
109 11 X 68 11
151 10 X 23 109
72 12 X 23 37
115 11 X 71 72
153 10 X 23 115
208 9 X 151 153
236 8 X 197 208
267 7 X 241 236
278 6 X 248 267
161 10 X 69 32
215 9 X 174 161
96 11 X 2 43
180 10 X 126 96
221 9 X 177 180
247 8 X 215 221
59 13 X 29 23
137 10 X 23 59
199 9 X 137 23
13 15 X 3 5
26 14 X 3 13
58 13 X 24 26
92 12 X 58 47
134 11 X 92 58
160 10 X 23 134
210 9 X 160 23
240 8 X 199 210
277 6 X 247 240
291 5 X 278 277
62 13 X 32 30
175 10 X 112 62
78 12 X 23 62
164 10 X 69 78
218 9 X 175 164
86 12 X 43 40
111 11 X 68 86
178 10 X 125 111
116 11 X 71 76
181 10 X 126 116
224 9 X 178 181
250 8 X 218 224
142 10 X 23 92
201 9 X 142 23
237 8 X 199 201
280 6 X 250 237
162 10 X 69 62
217 9 X 175 162
179 10 X 126 95
223 9 X 178 179
249 8 X 217 223
279 6 X 249 237
292 5 X 280 279
299 4 X 291 292
184 10 X 128 32
167 10 X 88 71
228 9 X 184 167
8 15 X 2 1
19 14 X 2 8
38 13 X 2 19
101 11 X 38 40
146 10 X 23 101
17 15 X 7 1
31 14 X 7 17
63 13 X 32 31
79 12 X 23 63
124 11 X 79 76
158 10 X 23 124
205 9 X 146 158
258 8 X 228 205
97 11 X 19 40
143 10 X 23 97
70 12 X 23 31
114 11 X 70 76
152 10 X 23 114
202 9 X 143 152
257 8 X 228 202
273 7 X 258 257
15 15 X 6 1
27 14 X 3 15
46 13 X 21 27
102 11 X 46 47
147 10 X 23 102
206 9 X 147 23
238 8 X 199 206
22 14 X 3 8
48 13 X 22 27
103 11 X 48 47
148 10 X 23 103
207 9 X 148 23
239 8 X 199 207
266 7 X 238 239
287 6 X 273 266
165 10 X 88 32
227 9 X 184 165
256 8 X 227 146
255 8 X 227 143
272 7 X 256 255
286 6 X 272 266
296 5 X 287 286
185 10 X 128 62
168 10 X 88 78
230 9 X 185 168
262 8 X 230 205
261 8 X 230 202
275 7 X 262 261
289 6 X 275 266
166 10 X 88 62
229 9 X 185 166
260 8 X 229 146
259 8 X 229 143
274 7 X 260 259
288 6 X 274 266
297 5 X 289 288
301 4 X 296 297
303 3 X 299 301
306 2 X 304 303
307 1 X 305 306
