627
mvtseg smllof wkvgao gcvnsl aqyrov rsaxxr ikrlxu hfozdc tagjas uyirgd ancrer nzprsg gfpmde kaktnc wihtcb jgzedp tlgnhd ogozdm ooyzil kcduaz
1 4 16 12 6 3 5 18 14 17 13 11 19 9 2 10 8 20 7 15
4 21 2 -1 -1
1 21 -1 -1 -1
15 19 X 4 1
49 17 X 15 4
271 12 X 49 4
349 10 X 4 271
434 9 X 4 349
501 8 X 4 434
543 7 X 501 434
3 21 1 -1 -1
43 17 X 4 3
9 20 X 4 3
30 18 X 9 3
46 17 X 4 30
81 16 X 43 46
14 19 X 3 4
44 17 X 4 14
198 13 X 81 44
255 12 X 4 198
345 10 X 4 255
80 16 X 43 4
82 16 X 44 4
197 13 X 80 82
254 12 X 4 197
276 12 X 49 198
369 10 X 254 276
439 9 X 345 369
190 13 X 43 44
247 12 X 4 190
343 10 X 4 247
273 12 X 49 190
368 10 X 254 273
436 9 X 343 368
504 8 X 439 436
66 16 X 3 4
136 14 X 4 66
242 12 X 4 136
67 16 X 3 30
137 14 X 4 67
132 14 X 4 3
206 13 X 137 132
260 12 X 4 206
356 10 X 242 260
42 17 X 3 14
79 16 X 42 4
158 14 X 79 66
193 13 X 66 158
250 12 X 4 193
156 14 X 42 3
194 13 X 67 156
275 12 X 49 194
361 10 X 250 275
451 9 X 356 361
241 12 X 4 132
354 10 X 242 241
179 13 X 3 156
272 12 X 49 179
360 10 X 250 272
449 9 X 354 360
513 8 X 451 449
546 7 X 504 513
599 5 X 543 546
25 18 X 4 14
45 17 X 4 25
69 16 X 4 45
180 13 X 4 69
244 12 X 4 180
340 10 X 4 244
431 9 X 4 340
23 18 X 4 3
51 17 X 23 25
70 16 X 4 51
68 16 X 4 23
157 14 X 70 68
189 13 X 4 157
246 12 X 4 189
342 10 X 4 246
433 9 X 4 342
541 7 X 431 433
196 13 X 80 44
253 12 X 4 196
344 10 X 4 253
366 10 X 254 253
437 9 X 344 366
365 10 X 254 247
435 9 X 343 365
502 8 X 437 435
205 13 X 136 132
259 12 X 4 205
355 10 X 242 259
192 13 X 66 156
249 12 X 4 192
358 10 X 250 249
450 9 X 355 358
243 12 X 4 179
357 10 X 250 243
448 9 X 354 357
512 8 X 450 448
544 7 X 502 512
597 5 X 541 544
613 4 X 599 597
2 21 0 -1 -1
22 18 X 2 4
50 17 X 22 4
65 16 X 2 50
109 15 X 65 50
148 14 X 4 109
215 13 X 148 4
8 20 X 4 2
12 19 X 2 8
35 18 X 12 2
77 16 X 35 4
116 15 X 77 4
152 14 X 4 116
219 13 X 152 4
314 11 X 215 219
402 10 X 314 4
41 17 X 2 8
10 19 X 2 4
31 18 X 10 4
60 17 X 31 4
78 16 X 41 60
117 15 X 78 4
171 14 X 117 4
231 13 X 171 4
319 11 X 231 219
318 11 X 231 4
406 10 X 319 318
483 9 X 402 406
531 8 X 483 434
571 7 X 531 434
6 20 X 2 4
17 19 X 6 4
34 18 X 10 17
75 16 X 34 60
115 15 X 75 60
151 14 X 4 115
218 13 X 151 4
316 11 X 218 4
404 10 X 316 4
20 19 X 8 4
38 18 X 20 4
63 17 X 34 38
94 16 X 63 60
131 15 X 94 4
178 14 X 131 4
239 13 X 178 4
320 11 X 239 4
487 9 X 404 320
535 8 X 487 434
575 7 X 535 434
592 6 X 571 575
24 18 X 4 9
72 16 X 24 4
21 19 X 9 4
26 18 X 4 21
55 17 X 24 26
89 16 X 55 4
195 13 X 72 89
252 12 X 4 195
52 17 X 24 3
56 17 X 24 30
87 16 X 52 56
53 17 X 24 14
202 13 X 87 53
258 12 X 4 202
364 10 X 252 258
86 16 X 52 4
88 16 X 53 4
200 13 X 86 88
257 12 X 4 200
277 12 X 49 202
373 10 X 257 277
457 9 X 364 373
191 13 X 52 53
248 12 X 4 191
362 10 X 252 248
274 12 X 49 191
372 10 X 257 274
454 9 X 362 372
516 8 X 457 454
556 7 X 516 513
609 5 X 592 556
54 17 X 24 25
71 16 X 4 54
232 13 X 171 71
295 12 X 231 232
181 13 X 4 71
245 12 X 4 181
336 11 X 295 245
407 10 X 319 336
484 9 X 402 407
341 10 X 4 245
432 9 X 4 341
532 8 X 484 432
572 7 X 532 433
240 13 X 178 71
298 12 X 239 240
339 11 X 298 245
408 10 X 320 339
488 9 X 404 408
536 8 X 488 432
576 7 X 536 433
593 6 X 572 576
199 13 X 86 53
256 12 X 4 199
363 10 X 252 256
371 10 X 257 256
455 9 X 363 371
370 10 X 257 248
453 9 X 362 370
514 8 X 455 453
554 7 X 514 512
5 20 X 2 3
16 19 X 5 9
33 18 X 10 16
7 20 X 3 2
18 19 X 7 3
36 18 X 18 3
62 17 X 33 36
93 16 X 62 60
130 15 X 93 86
177 14 X 130 86
238 13 X 177 88
297 12 X 239 238
338 11 X 297 257
237 13 X 177 53
296 12 X 239 237
337 11 X 296 256
430 10 X 338 337
456 9 X 363 430
515 8 X 456 453
555 7 X 515 512
586 6 X 554 555
610 5 X 593 586
619 4 X 609 610
621 3 X 613 619
367 10 X 254 255
438 9 X 345 367
503 8 X 438 439
251 12 X 4 194
359 10 X 250 251
452 9 X 359 361
545 7 X 503 452
600 5 X 545 546
542 7 X 437 358
598 5 X 542 544
614 4 X 600 598
11 19 X 2 6
39 18 X 20 11
29 18 X 8 4
59 17 X 29 4
99 15 X 39 59
143 14 X 4 99
212 13 X 143 4
98 15 X 39 4
142 14 X 4 98
211 13 X 142 4
311 11 X 212 211
397 10 X 311 255
28 18 X 8 2
73 16 X 28 4
113 15 X 73 4
149 14 X 4 113
216 13 X 149 4
27 18 X 7 2
57 17 X 28 27
90 16 X 57 4
126 15 X 90 80
159 14 X 80 126
222 13 X 159 82
294 12 X 216 222
327 11 X 254 294
420 10 X 327 255
478 9 X 397 420
526 8 X 478 439
566 7 X 526 452
40 18 X 20 17
64 17 X 38 4
101 15 X 40 64
145 14 X 4 101
214 13 X 145 4
313 11 X 214 4
401 10 X 313 255
482 9 X 401 367
530 8 X 482 439
570 7 X 530 452
591 6 X 566 570
608 5 X 591 546
396 10 X 311 253
419 10 X 327 253
477 9 X 396 419
525 8 X 477 437
565 7 X 525 358
400 10 X 313 253
481 9 X 400 366
529 8 X 481 437
569 7 X 529 358
590 6 X 565 569
607 5 X 590 544
618 4 X 608 607
622 3 X 614 618
625 2 X 621 622
47 17 X 10 2
83 16 X 47 4
121 15 X 83 4
153 14 X 4 121
186 13 X 4 153
48 17 X 10 35
84 16 X 48 4
122 15 X 84 4
154 14 X 4 122
187 13 X 4 154
309 11 X 186 187
393 10 X 309 4
300 11 X 4 187
379 10 X 300 4
473 9 X 393 379
76 16 X 35 2
105 15 X 47 76
146 14 X 4 105
183 13 X 4 146
134 14 X 4 34
182 13 X 4 134
282 12 X 183 182
106 15 X 48 35
147 14 X 4 106
184 13 X 4 147
283 12 X 184 4
334 11 X 282 283
427 10 X 334 4
123 15 X 84 77
155 14 X 4 123
188 13 X 4 155
287 12 X 188 4
303 11 X 4 287
385 10 X 303 271
498 9 X 427 385
523 8 X 473 498
563 7 X 523 434
74 16 X 34 4
114 15 X 74 4
150 14 X 4 114
185 13 X 4 150
308 11 X 185 4
392 10 X 308 4
471 9 X 392 4
307 11 X 182 4
391 10 X 307 4
470 9 X 391 349
521 8 X 471 470
561 7 X 521 434
588 6 X 563 561
112 15 X 72 4
170 14 X 112 72
229 13 X 170 89
266 12 X 4 229
322 11 X 252 266
125 15 X 87 4
176 14 X 125 87
108 15 X 53 54
167 14 X 108 53
236 13 X 176 167
270 12 X 4 236
330 11 X 258 270
410 10 X 322 330
492 9 X 410 373
107 15 X 52 4
166 14 X 107 52
225 13 X 166 167
262 12 X 4 225
321 11 X 248 262
409 10 X 322 321
491 9 X 409 372
539 8 X 492 491
579 7 X 539 513
605 5 X 588 579
380 10 X 300 245
474 9 X 393 380
384 10 X 303 245
497 9 X 427 384
524 8 X 474 497
564 7 X 524 433
472 9 X 392 341
469 9 X 391 341
522 8 X 472 469
562 7 X 522 433
589 6 X 564 562
13 19 X 2 9
32 18 X 10 13
61 17 X 32 35
92 16 X 61 4
129 15 X 92 89
162 14 X 89 129
230 13 X 170 162
286 12 X 187 230
332 11 X 266 286
124 15 X 86 4
175 14 X 124 86
235 13 X 175 167
269 12 X 4 235
424 10 X 332 269
128 15 X 92 88
161 14 X 88 128
201 13 X 86 161
285 12 X 187 201
328 11 X 257 285
421 10 X 328 256
494 9 X 424 421
284 12 X 184 229
331 11 X 266 284
423 10 X 331 262
288 12 X 188 200
329 11 X 257 288
422 10 X 329 248
493 9 X 423 422
540 8 X 494 493
580 7 X 540 512
377 10 X 266 269
461 9 X 377 371
376 10 X 266 262
460 9 X 376 370
517 8 X 461 460
557 7 X 517 512
596 6 X 580 557
606 5 X 589 596
617 4 X 605 606
220 13 X 153 4
221 13 X 154 4
317 11 X 220 221
405 10 X 317 4
301 11 X 4 221
381 10 X 301 4
489 9 X 405 381
537 8 X 489 434
577 7 X 537 434
217 13 X 150 4
315 11 X 217 4
403 10 X 315 4
485 9 X 403 4
533 8 X 485 434
573 7 X 533 434
594 6 X 577 573
611 5 X 594 579
382 10 X 301 245
490 9 X 405 382
538 8 X 490 432
578 7 X 538 433
486 9 X 403 341
534 8 X 486 432
574 7 X 534 433
595 6 X 578 574
612 5 X 595 557
620 4 X 611 612
624 3 X 617 620
97 15 X 28 4
141 14 X 4 97
120 15 X 81 4
174 14 X 120 81
104 15 X 44 45
165 14 X 104 44
234 13 X 174 165
268 12 X 4 234
351 10 X 141 268
19 19 X 7 8
37 18 X 19 2
58 17 X 28 37
91 16 X 58 4
127 15 X 91 82
160 14 X 82 127
223 13 X 159 160
281 12 X 149 223
324 11 X 254 281
415 10 X 324 255
445 9 X 351 415
133 14 X 4 28
135 14 X 4 40
279 12 X 133 135
278 12 X 133 4
333 11 X 279 278
426 10 X 333 268
138 14 X 4 73
280 12 X 138 197
323 11 X 254 280
413 10 X 323 276
496 9 X 426 413
509 8 X 445 496
110 15 X 66 4
168 14 X 110 66
85 16 X 51 4
118 15 X 79 85
172 14 X 118 66
227 13 X 168 172
264 12 X 4 227
111 15 X 67 4
169 14 X 111 67
102 15 X 42 51
163 14 X 102 3
228 13 X 169 163
265 12 X 4 228
375 10 X 264 265
459 9 X 375 361
551 7 X 509 459
100 15 X 40 4
144 14 X 4 100
306 11 X 144 4
390 10 X 306 268
468 9 X 390 367
305 11 X 135 4
388 10 X 305 268
466 9 X 388 369
520 8 X 468 466
560 7 X 520 459
583 6 X 551 560
348 10 X 4 268
443 9 X 348 369
103 15 X 43 4
164 14 X 103 43
224 13 X 164 165
261 12 X 4 224
346 10 X 4 261
441 9 X 346 368
507 8 X 443 441
549 7 X 507 513
602 5 X 583 549
119 15 X 80 4
173 14 X 119 80
233 13 X 173 165
267 12 X 4 233
350 10 X 141 267
414 10 X 324 253
444 9 X 350 414
425 10 X 333 267
412 10 X 323 253
495 9 X 425 412
508 8 X 444 495
226 13 X 168 163
263 12 X 4 226
374 10 X 264 263
458 9 X 374 358
550 7 X 508 458
389 10 X 306 267
467 9 X 389 366
387 10 X 305 267
465 9 X 387 366
519 8 X 467 465
559 7 X 519 458
582 6 X 550 559
299 11 X 4 141
378 10 X 299 267
462 9 X 378 414
302 11 X 4 278
383 10 X 302 261
411 10 X 323 247
463 9 X 383 411
518 8 X 462 463
558 7 X 518 512
347 10 X 4 267
442 9 X 347 366
440 9 X 346 365
505 8 X 442 440
547 7 X 505 512
587 6 X 558 547
601 5 X 582 587
615 4 X 602 601
210 13 X 141 4
353 10 X 210 268
447 9 X 353 420
203 13 X 133 4
204 13 X 135 4
290 12 X 203 204
289 12 X 203 4
335 11 X 290 289
429 10 X 335 268
207 13 X 138 4
291 12 X 207 197
325 11 X 254 291
417 10 X 325 276
500 9 X 429 417
511 8 X 447 500
553 7 X 511 459
213 13 X 144 4
312 11 X 213 4
399 10 X 312 268
480 9 X 399 367
310 11 X 204 4
395 10 X 310 268
476 9 X 395 369
528 8 X 480 476
568 7 X 528 459
585 6 X 553 568
604 5 X 585 549
352 10 X 210 267
446 9 X 352 419
428 10 X 335 267
416 10 X 325 253
499 9 X 428 416
510 8 X 446 499
552 7 X 510 458
398 10 X 312 267
479 9 X 398 366
394 10 X 310 267
475 9 X 394 366
527 8 X 479 475
567 7 X 527 458
584 6 X 552 567
95 15 X 4 28
139 14 X 4 95
208 13 X 139 4
292 12 X 208 4
304 11 X 4 292
386 10 X 304 261
96 15 X 4 73
140 14 X 4 96
209 13 X 140 4
293 12 X 209 197
326 11 X 254 293
418 10 X 326 247
464 9 X 386 418
506 8 X 442 464
548 7 X 506 512
581 6 X 548 547
603 5 X 584 581
616 4 X 604 603
623 3 X 615 616
626 2 X 624 623
627 1 X 625 626
