178
mcuttz wgbrlm vsryiy hsrmaf jwpnpa uvidnf vsynkf jfloap xvcurg usbsnm yboguh jembvt aozopq yfqdzm pibwym proebb
11 7 1 5 9 4 14 16 6 8 13 15 3 2 10 12
3 17 1 -1 -1
1 17 -1 -1 -1
5 16 X 3 1
24 13 X 5 3
37 12 X 24 3
126 7 X 3 37
165 4 X 3 126
2 17 0 -1 -1
7 15 X 3 2
25 13 X 7 3
38 12 X 25 3
56 10 X 3 38
54 10 X 3 25
89 9 X 56 54
111 8 X 3 89
144 6 X 3 111
101 8 X 3 56
143 6 X 3 101
161 5 X 144 143
167 4 X 3 161
172 3 X 165 167
14 14 X 3 7
30 13 X 14 3
42 12 X 30 3
48 11 X 3 42
61 10 X 3 48
57 10 X 3 42
95 9 X 61 57
117 8 X 3 95
10 15 X 5 2
18 14 X 5 10
31 13 X 18 3
43 12 X 31 3
65 10 X 37 43
86 9 X 37 65
118 8 X 37 86
138 7 X 117 118
149 6 X 126 138
159 5 X 126 149
166 4 X 3 159
4 16 X 2 3
8 15 X 3 4
26 13 X 8 3
39 12 X 26 3
47 11 X 3 39
60 10 X 3 47
55 10 X 3 26
93 9 X 60 55
115 8 X 3 93
135 7 X 115 3
147 6 X 3 135
46 11 X 3 38
59 10 X 3 46
92 9 X 59 56
114 8 X 3 92
134 7 X 114 3
146 6 X 3 134
162 5 X 147 146
168 4 X 3 162
174 3 X 166 168
176 2 X 172 174
20 13 X 3 14
33 12 X 3 20
62 10 X 33 3
96 9 X 62 3
50 11 X 33 3
70 10 X 50 3
99 9 X 70 3
123 8 X 96 99
6 16 X 3 2
12 15 X 6 3
17 14 X 3 12
23 13 X 3 17
36 12 X 3 23
64 10 X 36 3
97 9 X 62 64
9 15 X 3 6
15 14 X 3 9
21 13 X 3 15
34 12 X 3 21
51 11 X 34 3
71 10 X 51 3
53 11 X 36 3
73 10 X 53 3
100 9 X 71 73
124 8 X 97 100
141 7 X 123 124
11 15 X 6 2
16 14 X 3 11
22 13 X 3 16
35 12 X 3 22
63 10 X 35 3
77 9 X 3 63
52 11 X 35 3
72 10 X 52 3
84 9 X 3 72
120 8 X 77 84
13 14 X 3 6
19 13 X 3 13
32 12 X 3 19
49 11 X 32 3
69 10 X 49 3
81 9 X 3 69
119 8 X 77 81
140 7 X 120 119
154 6 X 141 140
157 5 X 3 154
87 9 X 54 3
109 8 X 3 87
75 9 X 3 54
102 8 X 3 75
148 6 X 109 102
88 9 X 56 3
110 8 X 3 88
78 9 X 3 64
121 8 X 78 88
131 7 X 110 121
76 9 X 3 56
103 8 X 3 76
27 13 X 11 3
28 13 X 11 16
40 12 X 27 28
66 10 X 40 27
79 9 X 3 66
29 13 X 12 3
41 12 X 27 29
74 9 X 3 41
122 8 X 79 74
129 7 X 103 122
150 6 X 131 129
163 5 X 148 150
170 4 X 157 163
173 3 X 165 170
82 9 X 3 70
106 8 X 3 82
83 9 X 3 71
107 8 X 3 83
130 7 X 106 107
145 6 X 3 130
156 5 X 3 145
94 9 X 61 3
116 8 X 3 94
136 7 X 116 37
137 7 X 117 86
153 6 X 136 137
160 5 X 126 153
169 4 X 156 160
45 11 X 3 33
68 10 X 45 3
98 9 X 68 3
125 8 X 98 3
85 9 X 3 73
108 8 X 3 85
142 7 X 125 108
105 8 X 3 81
139 7 X 120 105
155 6 X 142 139
158 5 X 3 155
44 11 X 3 25
58 10 X 3 44
90 9 X 58 3
112 8 X 3 90
132 7 X 112 3
127 7 X 102 3
151 6 X 132 127
91 9 X 59 3
113 8 X 3 91
133 7 X 113 3
67 10 X 41 3
80 9 X 3 67
104 8 X 3 80
128 7 X 103 104
152 6 X 133 128
164 5 X 151 152
171 4 X 158 164
175 3 X 169 171
177 2 X 173 175
178 1 X 176 177
