626
ycvbit fmwnyr iedwpl mgtfgq nzbdtu cvwigr xyyijy uybrfk jidgkh davbjn naeion rhabol wrmnad gcumxl icubli ldyqys vfserc tbninh lbwfnu idnybs
14 8 1 9 13 20 17 2 3 16 5 19 18 11 10 7 6 12 15 4
1 21 -1 -1 -1
3 21 1 -1 -1
7 20 X 3 1
55 16 X 1 7
21 18 X 1 7
59 16 X 1 21
141 14 X 55 59
15 19 X 7 1
56 16 X 1 15
27 18 X 1 15
61 16 X 1 27
142 14 X 56 61
200 13 X 141 142
250 12 X 141 200
179 13 X 59 61
242 12 X 59 179
339 11 X 250 242
99 15 X 1 55
101 15 X 1 59
147 14 X 99 101
100 15 X 1 56
102 15 X 1 61
148 14 X 100 102
204 13 X 147 148
253 12 X 147 204
345 11 X 253 1
447 9 X 339 345
515 8 X 447 1
18 18 X 1 3
58 16 X 1 18
177 13 X 59 58
12 19 X 3 1
25 18 X 1 12
60 16 X 1 25
178 13 X 59 60
268 12 X 177 178
341 11 X 250 268
409 10 X 341 339
497 9 X 409 345
549 8 X 497 1
567 7 X 515 549
32 18 X 7 1
65 16 X 1 32
115 15 X 65 55
161 14 X 115 101
36 18 X 15 1
67 16 X 1 36
116 15 X 67 56
162 14 X 116 102
219 13 X 161 162
254 12 X 147 219
346 11 X 254 1
448 9 X 339 346
516 8 X 448 1
498 9 X 409 346
550 8 X 498 1
568 7 X 516 550
595 6 X 567 568
302 11 X 141 59
310 11 X 147 1
387 10 X 310 1
439 9 X 302 387
282 11 X 1 59
435 9 X 282 1
509 8 X 439 435
305 11 X 141 177
382 10 X 305 302
474 9 X 382 387
561 7 X 509 474
252 12 X 147 161
343 11 X 252 1
145 14 X 65 1
232 12 X 1 145
326 11 X 232 1
413 10 X 343 326
442 9 X 302 413
513 8 X 442 435
479 9 X 382 413
565 7 X 513 479
591 6 X 561 565
608 5 X 595 591
311 11 X 147 59
443 9 X 311 387
510 8 X 439 443
562 7 X 510 474
105 15 X 1 65
151 14 X 105 1
233 12 X 1 151
330 11 X 233 1
392 10 X 310 330
445 9 X 311 392
514 8 X 442 445
566 7 X 514 479
592 6 X 562 566
609 5 X 595 592
620 3 X 608 609
2 21 0 -1 -1
31 18 X 2 7
42 17 X 7 31
68 16 X 1 42
108 15 X 55 68
154 14 X 108 59
209 13 X 154 142
259 12 X 154 209
354 11 X 259 242
64 16 X 1 31
107 15 X 55 64
112 15 X 59 64
153 14 X 107 112
207 13 X 153 142
258 12 X 153 207
352 11 X 258 242
423 10 X 354 352
104 15 X 1 64
186 13 X 104 148
247 12 X 104 186
336 11 X 247 1
418 10 X 345 336
503 9 X 423 418
4 20 X 1 2
9 19 X 1 4
23 18 X 1 9
40 17 X 1 23
79 16 X 40 1
19 18 X 1 4
39 17 X 1 19
78 16 X 39 1
124 15 X 79 78
164 14 X 124 1
234 12 X 1 164
289 11 X 1 234
368 10 X 1 289
432 9 X 1 368
555 8 X 503 432
356 11 X 259 268
425 10 X 356 352
505 9 X 425 418
557 8 X 505 432
589 7 X 555 557
606 6 X 589 568
208 13 X 154 141
320 11 X 208 59
152 14 X 107 59
206 13 X 152 141
257 12 X 152 206
350 11 X 257 59
400 10 X 320 350
29 18 X 2 1
63 16 X 1 29
103 15 X 1 63
149 14 X 103 1
205 13 X 149 1
255 12 X 149 205
349 11 X 255 1
393 10 X 310 349
489 9 X 400 393
436 9 X 282 368
541 8 X 489 436
321 11 X 208 177
401 10 X 321 350
490 9 X 401 393
389 10 X 310 289
476 9 X 382 389
542 8 X 490 476
585 7 X 541 542
604 6 X 585 565
616 5 X 606 604
449 9 X 339 418
517 8 X 449 432
499 9 X 409 418
551 8 X 499 432
569 7 X 517 551
596 6 X 569 568
441 9 X 302 393
512 8 X 441 436
477 9 X 382 393
536 8 X 477 476
564 7 X 512 536
594 6 X 564 565
610 5 X 596 594
618 4 X 616 610
47 17 X 21 31
70 16 X 1 47
113 15 X 59 70
160 14 X 113 59
214 13 X 160 61
264 12 X 160 214
355 11 X 259 264
16 19 X 7 2
28 18 X 1 16
62 16 X 1 28
53 16 X 1 2
114 15 X 62 53
159 14 X 112 114
188 13 X 112 61
263 12 X 159 188
353 11 X 258 263
424 10 X 355 353
98 15 X 1 53
150 14 X 103 98
185 13 X 103 1
256 12 X 150 185
337 11 X 247 256
419 10 X 345 337
504 9 X 424 419
8 19 X 1 2
22 18 X 1 8
74 16 X 22 1
17 18 X 1 2
73 16 X 17 1
119 15 X 74 73
48 17 X 22 1
90 16 X 48 22
44 17 X 17 1
83 16 X 44 17
131 15 X 90 83
163 14 X 119 131
265 12 X 163 119
294 11 X 1 265
87 16 X 48 1
82 16 X 44 1
128 15 X 87 82
140 14 X 1 128
231 12 X 1 140
288 11 X 1 231
229 12 X 1 128
286 11 X 1 229
372 10 X 288 286
437 9 X 294 372
556 8 X 504 437
30 18 X 2 3
45 17 X 18 30
69 16 X 1 45
110 15 X 58 69
155 14 X 110 58
215 13 X 160 155
213 13 X 160 60
279 12 X 215 213
357 11 X 259 279
426 10 X 357 353
506 9 X 426 419
6 20 X 2 1
10 19 X 1 6
24 18 X 1 10
49 17 X 24 1
91 16 X 49 1
20 18 X 1 6
46 17 X 20 1
86 16 X 46 1
132 15 X 91 86
169 14 X 132 128
222 13 X 169 140
241 12 X 1 222
291 11 X 1 241
373 10 X 291 286
438 9 X 294 373
558 8 X 506 438
590 7 X 556 558
57 16 X 1 17
109 15 X 57 53
157 14 X 112 109
261 12 X 157 188
340 11 X 250 261
407 10 X 339 340
348 11 X 254 256
422 10 X 346 348
495 9 X 407 422
139 14 X 1 83
137 14 X 1 73
249 12 X 139 137
292 11 X 1 249
146 14 X 73 83
251 12 X 146 73
293 11 X 1 251
374 10 X 292 293
138 14 X 1 82
230 12 X 1 138
287 11 X 1 230
225 12 X 1 82
285 11 X 1 225
371 10 X 287 285
467 9 X 374 371
547 8 X 495 467
410 10 X 341 340
501 9 X 410 422
553 8 X 501 467
587 7 X 547 553
607 6 X 590 587
212 13 X 160 59
323 11 X 208 212
156 14 X 112 59
210 13 X 156 59
260 12 X 156 210
351 11 X 257 260
403 10 X 323 351
388 10 X 310 255
492 9 X 403 388
89 16 X 48 21
85 16 X 44 21
130 15 X 89 85
167 14 X 130 59
314 11 X 147 167
165 14 X 128 1
235 12 X 1 165
290 11 X 1 235
390 10 X 310 290
446 9 X 314 390
544 8 X 492 446
211 13 X 160 58
322 11 X 208 211
402 10 X 322 351
491 9 X 402 388
88 16 X 48 18
84 16 X 44 18
129 15 X 88 84
166 14 X 129 58
220 13 X 167 166
308 11 X 141 220
304 11 X 141 167
386 10 X 308 304
168 14 X 132 1
221 13 X 168 1
240 12 X 1 221
316 11 X 147 240
396 10 X 316 290
483 9 X 386 396
543 8 X 491 483
586 7 X 544 543
111 15 X 59 53
158 14 X 112 111
187 13 X 112 59
262 12 X 158 187
309 11 X 141 262
381 10 X 302 309
329 11 X 232 256
415 10 X 343 329
473 9 X 381 415
144 14 X 59 85
313 11 X 147 144
312 11 X 147 85
394 10 X 313 312
315 11 X 147 230
331 11 X 233 225
395 10 X 315 331
484 9 X 394 395
534 8 X 473 484
384 10 X 305 309
481 9 X 384 415
143 14 X 58 84
201 13 X 144 143
307 11 X 141 201
303 11 X 141 85
385 10 X 307 303
344 11 X 252 230
328 11 X 232 225
416 10 X 344 328
482 9 X 385 416
538 8 X 481 482
584 7 X 534 538
605 6 X 586 584
617 5 X 607 605
450 9 X 339 419
433 9 X 1 372
518 8 X 450 433
500 9 X 409 419
434 9 X 1 373
552 8 X 500 434
570 7 X 518 552
271 12 X 187 188
342 11 X 250 271
408 10 X 339 342
347 11 X 254 185
421 10 X 346 347
496 9 X 408 421
548 8 X 496 1
411 10 X 341 342
502 9 X 411 421
554 8 X 502 1
588 7 X 548 554
597 6 X 570 588
440 9 X 302 388
444 9 X 311 390
511 8 X 440 444
475 9 X 382 388
478 9 X 382 396
535 8 X 475 478
563 7 X 511 535
306 11 X 141 187
380 10 X 302 306
327 11 X 232 185
414 10 X 343 327
472 9 X 380 414
533 8 X 472 445
383 10 X 305 306
480 9 X 383 414
537 8 X 480 479
583 7 X 533 537
593 6 X 563 583
611 5 X 597 593
619 4 X 617 611
623 3 X 618 619
624 2 X 620 623
11 19 X 1 7
43 17 X 11 7
81 16 X 43 7
127 15 X 81 7
38 17 X 1 15
77 16 X 38 15
123 15 X 77 15
191 13 X 127 123
248 12 X 127 191
364 10 X 1 248
95 15 X 1 7
96 15 X 1 15
184 13 X 95 96
244 12 X 95 184
333 11 X 244 1
417 10 X 345 333
457 9 X 364 417
529 8 X 457 1
199 13 X 141 127
198 13 X 141 123
274 12 X 199 198
5 20 X 1 3
14 19 X 5 3
35 18 X 11 14
33 18 X 7 3
52 17 X 35 33
94 16 X 52 33
136 15 X 94 33
183 13 X 59 136
13 19 X 5 1
26 18 X 1 13
37 18 X 15 12
50 17 X 26 37
92 16 X 50 37
133 15 X 92 37
182 13 X 59 133
270 12 X 183 182
358 11 X 274 270
427 10 X 358 248
202 13 X 147 95
203 13 X 147 96
275 12 X 202 203
359 11 X 275 1
428 10 X 359 333
507 9 X 427 428
559 8 X 507 1
581 7 X 529 559
34 18 X 11 1
51 17 X 34 32
93 16 X 51 32
134 15 X 93 7
41 17 X 1 36
80 16 X 41 36
125 15 X 80 15
194 13 X 134 125
245 12 X 95 194
135 15 X 93 32
126 15 X 80 36
195 13 X 135 126
239 12 X 1 195
334 11 X 245 239
420 10 X 346 334
458 9 X 364 420
530 8 X 458 1
218 13 X 161 125
278 12 X 202 218
172 13 X 1 126
238 12 X 1 172
362 11 X 278 238
431 10 X 362 334
508 9 X 427 431
560 8 X 508 1
582 7 X 530 560
603 6 X 581 582
71 16 X 11 7
117 15 X 71 7
363 10 X 1 117
452 9 X 363 387
280 11 X 1 7
365 10 X 1 280
459 9 X 365 1
521 8 X 452 459
197 13 X 141 117
72 16 X 14 3
118 15 X 72 3
180 13 X 59 118
76 16 X 35 33
122 15 X 76 33
181 13 X 59 122
269 12 X 180 181
318 11 X 197 269
398 10 X 318 117
319 11 X 202 1
399 10 X 319 1
487 9 X 398 399
196 13 X 141 7
175 13 X 59 3
176 13 X 59 33
267 12 X 175 176
317 11 X 196 267
397 10 X 317 7
485 9 X 397 399
539 8 X 487 485
573 7 X 521 539
75 16 X 34 32
121 15 X 75 32
228 12 X 1 121
412 10 X 343 228
454 9 X 363 412
223 12 X 1 32
283 11 X 1 223
367 10 X 1 283
460 9 X 365 367
525 8 X 454 460
120 15 X 75 7
217 13 X 161 120
277 12 X 202 217
171 13 X 1 121
237 12 X 1 171
361 11 X 277 237
430 10 X 361 228
488 9 X 398 430
106 15 X 32 7
216 13 X 161 106
276 12 X 202 216
170 13 X 1 32
236 12 X 1 170
360 11 X 276 236
429 10 X 360 223
486 9 X 397 429
540 8 X 488 486
577 7 X 525 540
600 6 X 573 577
614 5 X 603 600
297 11 X 95 7
369 10 X 1 297
463 9 X 369 387
522 8 X 452 463
574 7 X 522 539
97 15 X 1 32
226 12 X 1 97
324 11 X 226 223
391 10 X 310 324
464 9 X 369 391
526 8 X 454 464
578 7 X 526 540
601 6 X 574 578
615 5 X 603 601
622 3 X 614 615
455 9 X 364 333
527 8 X 455 1
193 13 X 127 136
192 13 X 127 133
273 12 X 193 192
338 11 X 248 273
406 10 X 338 248
493 9 X 406 333
545 8 X 493 1
579 7 X 527 545
456 9 X 364 334
528 8 X 456 1
494 9 X 406 334
546 8 X 494 1
580 7 X 528 546
602 6 X 579 580
296 11 X 95 1
376 10 X 296 1
451 9 X 363 376
281 11 X 1 55
366 10 X 1 281
461 9 X 366 1
519 8 X 451 461
189 13 X 117 118
190 13 X 117 122
272 12 X 189 190
301 11 X 117 272
379 10 X 301 117
470 9 X 379 376
54 16 X 1 3
173 13 X 55 54
66 16 X 1 33
174 13 X 55 66
266 12 X 173 174
295 11 X 55 266
375 10 X 295 55
298 11 X 99 1
377 10 X 298 1
468 9 X 375 377
531 8 X 470 468
571 7 X 519 531
243 12 X 95 120
332 11 X 243 228
404 10 X 332 228
453 9 X 363 404
224 12 X 1 65
284 11 X 1 224
462 9 X 366 284
523 8 X 453 462
471 9 X 379 404
246 12 X 99 115
335 11 X 246 224
405 10 X 335 224
469 9 X 375 405
532 8 X 471 469
575 7 X 523 532
598 6 X 571 575
612 5 X 602 598
299 11 X 99 55
370 10 X 1 299
465 9 X 370 377
520 8 X 451 465
572 7 X 520 531
300 11 X 99 224
227 12 X 1 105
325 11 X 227 224
378 10 X 300 325
466 9 X 370 378
524 8 X 453 466
576 7 X 524 532
599 6 X 572 576
613 5 X 602 599
621 3 X 612 613
625 2 X 622 621
626 1 X 624 625
