5306
ncudbx rkhjsw lksrcy psrndi zpyrou cvtmlj yokafr oyiemd nuoqbb vkgqlt hksljq xhyscz wjlezi gofmhv aqpevm rdggwx gbqjok lygohz qbhfxs aejgvc ahlmpm rsoqim pjesrl xtwdrc mroaxj eghgch cpgzai jxoihl rppjiq czunab
1 28 10 13 5 17 22 24 6 14 7 20 18 3 23 29 11 27 4 25 8 15 26 30 16 21 9 19 2 12
1 31 -1 -1 -1
2 31 0 -1 -1
3 30 X 1 2
6 29 X 1 3
15 28 X 1 6
57 27 X 15 1
226 25 X 57 1
311 24 X 1 226
710 22 X 1 311
1171 21 X 1 710
1696 20 X 1 1171
2238 19 X 1 1696
3051 17 X 2238 1
3825 16 X 3051 1
4312 14 X 3825 1
4545 13 X 1 4312
4797 12 X 4545 1
4960 11 X 4797 1
5057 10 X 1 4960
5121 9 X 1 5057
3983 15 X 1 3825
4349 14 X 3983 1
4572 13 X 1 4349
4809 12 X 4572 1
4972 11 X 4809 1
5062 10 X 1 4972
5126 9 X 1 5062
5196 8 X 5121 5126
5227 7 X 1 5196
5261 6 X 1 5227
5281 5 X 1 5261
5293 4 X 5281 1
4 30 X 2 1
7 29 X 1 4
16 28 X 1 7
42 27 X 1 16
101 26 X 42 1
260 25 X 101 1
319 24 X 1 260
640 23 X 319 1
1082 22 X 640 1
1684 21 X 1082 1
2233 20 X 1684 1
2266 19 X 1 2233
3755 16 X 2266 1
4131 15 X 3755 1
11 29 X 4 1
19 28 X 1 11
43 27 X 1 19
152 25 X 1 43
452 23 X 1 152
918 22 X 452 1
8 29 X 2 1
17 28 X 1 8
138 25 X 1 17
449 23 X 1 138
914 22 X 449 1
1545 21 X 918 914
2102 20 X 1545 1
2717 19 X 2102 1
3504 16 X 1 2717
424 23 X 1 43
893 22 X 424 1
418 23 X 1 17
884 22 X 418 1
1527 21 X 893 884
2082 20 X 1527 1
2697 19 X 2082 1
3500 16 X 1 2697
4029 15 X 3504 3500
4428 14 X 4131 4029
4621 13 X 1 4428
4843 12 X 4621 1
4253 14 X 1 4029
4517 13 X 1 4253
4769 12 X 4517 1
4998 11 X 4843 4769
5092 10 X 4998 1
30 28 X 8 1
145 25 X 1 30
361 24 X 145 1
523 23 X 1 361
975 22 X 523 1
1345 21 X 1 975
1900 20 X 1345 1
2517 19 X 1900 1
3453 16 X 1 2517
4215 14 X 1 3453
38 27 X 1 11
149 25 X 1 38
451 23 X 1 149
917 22 X 451 1
133 25 X 1 8
447 23 X 1 133
911 22 X 447 1
1544 21 X 917 911
2101 20 X 1544 1
2716 19 X 2101 1
3503 16 X 1 2716
216 25 X 43 38
470 23 X 1 216
927 22 X 470 1
199 25 X 17 8
465 23 X 1 199
924 22 X 465 1
1552 21 X 927 924
2109 20 X 1552 1
2724 19 X 2109 1
3506 16 X 1 2724
4028 15 X 3503 3506
4427 14 X 4131 4028
4661 13 X 4215 4427
4874 12 X 4661 1
4252 14 X 1 4028
4659 13 X 4215 4252
4872 12 X 4659 1
5015 11 X 4874 4872
5096 10 X 5015 1
5178 9 X 5092 5096
13 28 X 1 4
39 27 X 1 13
98 26 X 39 43
181 25 X 1 98
597 23 X 101 181
1060 22 X 597 1
1652 21 X 1060 1
2202 20 X 1652 1
2263 19 X 1 2202
150 25 X 1 39
576 23 X 42 150
1038 22 X 576 1
1633 21 X 1038 1
2181 20 X 1633 1
2259 19 X 1 2181
2870 18 X 2263 2259
3529 16 X 1 2870
5 29 X 1 2
14 28 X 1 5
79 26 X 14 1
243 25 X 79 1
316 24 X 1 243
637 23 X 316 1
799 22 X 1 637
1248 21 X 1 799
1807 20 X 1248 1
2252 19 X 1 1807
3053 17 X 2252 1
1526 21 X 893 1
2081 20 X 1526 1
2254 19 X 1 2081
3827 16 X 3053 2254
4041 15 X 3529 3827
139 25 X 1 19
450 23 X 1 139
916 22 X 450 1
10 29 X 3 1
18 28 X 1 10
59 27 X 18 1
159 25 X 1 59
456 23 X 1 159
915 22 X 449 456
1543 21 X 916 915
2100 20 X 1543 1
2715 19 X 2100 1
1542 21 X 916 914
2099 20 X 1542 1
2714 19 X 2099 1
3268 17 X 2715 2714
3682 16 X 1 3268
419 23 X 1 19
887 22 X 419 1
58 27 X 17 1
114 26 X 59 58
443 23 X 1 114
886 22 X 418 443
1518 21 X 887 886
2073 20 X 1518 1
2689 19 X 2073 1
1517 21 X 887 884
2072 20 X 1517 1
2688 19 X 2072 1
3266 17 X 2689 2688
3680 16 X 1 3266
4099 15 X 3682 3680
4384 14 X 4041 4099
4594 13 X 1 4384
4827 12 X 4594 1
3502 16 X 1 2714
3499 16 X 1 2688
4027 15 X 3502 3499
4251 14 X 1 4027
4515 13 X 1 4251
4767 12 X 4515 1
4982 11 X 4827 4767
5083 10 X 4982 1
33 28 X 10 1
70 27 X 33 1
163 25 X 1 70
370 24 X 163 1
531 23 X 1 370
976 22 X 523 531
1346 21 X 1 976
765 22 X 1 531
1224 21 X 1 765
1901 20 X 1346 1224
2518 19 X 1901 1
3173 17 X 2518 2517
3627 16 X 1 3173
4233 14 X 1 3627
134 25 X 1 11
448 23 X 1 134
913 22 X 448 1
52 27 X 10 1
157 25 X 1 52
455 23 X 1 157
912 22 X 447 455
1541 21 X 913 912
2098 20 X 1541 1
2713 19 X 2098 1
1540 21 X 913 911
2097 20 X 1540 1
2712 19 X 2097 1
3267 17 X 2713 2712
3681 16 X 1 3267
201 25 X 19 11
466 23 X 1 201
926 22 X 466 1
34 28 X 10 8
71 27 X 34 1
229 25 X 58 71
475 23 X 1 229
925 22 X 465 475
1551 21 X 926 925
2108 20 X 1551 1
2723 19 X 2108 1
1550 21 X 926 924
2107 20 X 1550 1
2722 19 X 2107 1
3269 17 X 2723 2722
3683 16 X 1 3269
4098 15 X 3681 3683
4383 14 X 4041 4098
4678 13 X 4233 4383
4894 12 X 4678 1
3501 16 X 1 2712
3505 16 X 1 2722
4026 15 X 3501 3505
4250 14 X 1 4026
4658 13 X 4215 4250
4871 12 X 4658 1
5025 11 X 4894 4871
5103 10 X 5025 1
5172 9 X 5083 5103
5222 8 X 5178 5172
5257 7 X 5222 1
228 25 X 58 1
474 23 X 1 228
932 22 X 474 1
1318 21 X 1 932
1875 20 X 1318 1
2492 19 X 1875 1
3172 17 X 2492 1
3626 16 X 1 3172
4232 14 X 1 3626
4503 13 X 1 4232
4754 12 X 4503 1
235 25 X 70 1
393 24 X 235 1
548 23 X 1 393
1004 22 X 548 1
1367 21 X 1 1004
1925 20 X 1367 1
2542 19 X 1925 1
3181 17 X 2542 1
3633 16 X 1 3181
4235 14 X 1 3633
51 27 X 8 1
219 25 X 51 1
471 23 X 1 219
928 22 X 471 1
1317 21 X 1 928
1874 20 X 1317 1
2491 19 X 1874 1
3171 17 X 2491 1
3625 16 X 1 3171
4231 14 X 1 3625
4679 13 X 4235 4231
4895 12 X 4679 1
5136 9 X 4754 4895
60 27 X 19 1
231 25 X 60 1
312 24 X 1 231
499 23 X 1 312
950 22 X 499 1
56 27 X 14 1
111 26 X 56 1
271 25 X 111 1
326 24 X 1 271
12 28 X 1 2
54 27 X 12 1
109 26 X 54 58
269 25 X 109 1
324 24 X 1 269
641 23 X 326 324
800 22 X 1 641
1579 21 X 950 800
2134 20 X 1579 1
2258 19 X 1 2134
224 25 X 56 1
310 24 X 1 224
222 25 X 54 1
309 24 X 1 222
633 23 X 310 309
797 22 X 1 633
1578 21 X 950 797
2133 20 X 1578 1
2257 19 X 1 2133
2868 18 X 2258 2257
3315 17 X 2868 1
3919 16 X 3315 1
3993 15 X 1 3919
477 23 X 1 231
935 22 X 477 1
230 25 X 59 1
476 23 X 1 230
933 22 X 474 476
1564 21 X 935 933
2121 20 X 1564 1
2735 19 X 2121 1
3280 17 X 2735 1
3694 16 X 1 3280
283 25 X 114 1
489 23 X 1 283
934 22 X 474 489
1565 21 X 935 934
2122 20 X 1565 1
2736 19 X 2122 1
3281 17 X 2736 1
3695 16 X 1 3281
4103 15 X 3694 3695
4361 14 X 3993 4103
4582 13 X 1 4361
4815 12 X 4582 1
1563 21 X 935 932
2120 20 X 1563 1
2734 19 X 2120 1
3279 17 X 2734 1
3693 16 X 1 3279
4239 14 X 1 3693
4505 13 X 1 4239
4756 12 X 4505 1
4978 11 X 4815 4756
1142 21 X 1 548
128 26 X 70 1
300 25 X 128 1
414 24 X 300 1
562 23 X 1 414
773 22 X 1 562
1232 21 X 1 773
1749 20 X 1142 1232
2368 19 X 1749 1
3109 17 X 2368 1
3593 16 X 1 3109
4225 14 X 1 3593
53 27 X 11 1
221 25 X 53 1
473 23 X 1 221
931 22 X 473 1
220 25 X 52 1
472 23 X 1 220
929 22 X 471 472
1557 21 X 931 929
2114 20 X 1557 1
2729 19 X 2114 1
3274 17 X 2729 1
3688 16 X 1 3274
236 25 X 71 1
479 23 X 1 236
930 22 X 471 479
1558 21 X 931 930
2115 20 X 1558 1
2730 19 X 2115 1
3275 17 X 2730 1
3689 16 X 1 3275
4101 15 X 3688 3689
4360 14 X 3993 4101
4673 13 X 4225 4360
4886 12 X 4673 1
1556 21 X 931 928
2113 20 X 1556 1
2728 19 X 2113 1
3273 17 X 2728 1
3687 16 X 1 3273
4237 14 X 1 3687
4680 13 X 4235 4237
4896 12 X 4680 1
5021 11 X 4886 4896
112 26 X 57 1
275 25 X 112 1
327 24 X 1 275
502 23 X 1 327
756 22 X 1 502
1215 21 X 1 756
1791 20 X 1215 1
2249 19 X 1 1791
2864 18 X 2249 1
3313 17 X 2864 1
3917 16 X 3313 1
3991 15 X 1 3917
4358 14 X 3991 1
4580 13 X 1 4358
4887 12 X 4673 4580
5022 11 X 4887 4896
5099 10 X 5021 5022
5151 9 X 4978 5099
5203 8 X 5136 5151
5247 7 X 5203 1
5277 6 X 5257 5247
182 25 X 1 101
598 23 X 101 182
1061 22 X 598 1
1653 21 X 1061 1
261 25 X 101 42
151 25 X 1 42
619 23 X 261 151
1072 22 X 619 1
1669 21 X 1072 1
2203 20 X 1653 1669
2264 19 X 1 2203
577 23 X 42 151
1039 22 X 577 1
1634 21 X 1039 1
402 24 X 261 1
364 24 X 151 1
678 23 X 402 364
1129 22 X 678 1
1685 21 X 1129 1
2184 20 X 1634 1685
2262 19 X 1 2184
2871 18 X 2264 2262
3530 16 X 1 2871
4042 15 X 3530 1
4385 14 X 4042 1
4595 13 X 1 4385
4828 12 X 4595 1
1728 20 X 1 1669
2244 19 X 1 1728
1729 20 X 1 1685
2245 19 X 1 1729
2860 18 X 2244 2245
3525 16 X 1 2860
4039 15 X 3525 1
4381 14 X 4039 1
4592 13 X 1 4381
4822 12 X 4592 1
4983 11 X 4828 4822
5084 10 X 4983 1
41 27 X 1 15
100 26 X 41 1
259 25 X 100 1
483 23 X 1 259
938 22 X 483 1
1319 21 X 1 938
1715 20 X 1 1319
2239 19 X 1 1715
2854 18 X 2239 1
3521 16 X 1 2854
3963 15 X 1 3521
4333 14 X 3963 1
4557 13 X 1 4333
4829 12 X 4595 4557
4823 12 X 4592 4557
4984 11 X 4829 4823
5085 10 X 4984 1
5173 9 X 5084 5085
5187 8 X 1 5173
439 23 X 1 101
906 22 X 439 1
40 27 X 1 14
99 26 X 40 1
258 25 X 99 101
482 23 X 1 258
937 22 X 482 1
1534 21 X 906 937
484 23 X 1 261
939 22 X 484 1
1573 21 X 939 937
2091 20 X 1534 1573
2255 19 X 1 2091
2867 18 X 2255 1
3527 16 X 1 2867
3967 15 X 1 3527
4337 14 X 3967 1
4561 13 X 1 4337
4830 12 X 4595 4561
1721 20 X 1 1573
2243 19 X 1 1721
2858 18 X 2243 1
3523 16 X 1 2858
3965 15 X 1 3523
4335 14 X 3965 1
4559 13 X 1 4335
4824 12 X 4592 4559
4985 11 X 4830 4824
5086 10 X 4985 1
5174 9 X 5084 5086
5188 8 X 1 5174
5236 7 X 5187 5188
953 22 X 502 1
1331 21 X 1 953
1716 20 X 1 1331
2240 19 X 1 1716
2855 18 X 2240 1
3308 17 X 2855 1
3912 16 X 3308 1
4328 14 X 3912 1
4552 13 X 1 4328
4738 12 X 1 4552
5065 10 X 4738 1
5129 9 X 1 5065
714 22 X 1 326
1174 21 X 1 714
709 22 X 1 310
1170 21 X 1 709
1765 20 X 1174 1170
2247 19 X 1 1765
2235 19 X 1 1170
2862 18 X 2247 2235
3311 17 X 2862 1
3915 16 X 3311 1
3989 15 X 1 3915
4356 14 X 3989 1
4578 13 X 1 4356
4811 12 X 4578 1
4974 11 X 4811 1
498 23 X 1 311
954 22 X 502 498
1332 21 X 1 954
1717 20 X 1 1332
2241 19 X 1 1717
2856 18 X 2241 1
3309 17 X 2856 1
3913 16 X 3309 1
3987 15 X 1 3913
4354 14 X 3987 1
4576 13 X 1 4354
4812 12 X 4578 4576
3986 15 X 1 3912
4353 14 X 3986 1
4575 13 X 1 4353
4743 12 X 1 4575
4975 11 X 4812 4743
753 22 X 1 498
1212 21 X 1 753
1792 20 X 1215 1212
2250 19 X 1 1792
2865 18 X 2250 1
3314 17 X 2865 1
3918 16 X 3314 1
3992 15 X 1 3918
4359 14 X 3992 1
4581 13 X 1 4359
4814 12 X 4578 4581
4977 11 X 4814 1
5081 10 X 4975 4977
5149 9 X 4974 5081
5199 8 X 5129 5149
4330 14 X 3915 1
4554 13 X 1 4330
4803 12 X 4554 1
4966 11 X 4803 1
1138 21 X 1 502
1743 20 X 1138 1332
2246 19 X 1 1743
2861 18 X 2246 1
3310 17 X 2861 1
3914 16 X 3310 1
4329 14 X 3914 1
4553 13 X 1 4329
4804 12 X 4554 4553
4967 11 X 4804 4738
4331 14 X 3918 1
4555 13 X 1 4331
4805 12 X 4554 4555
4968 11 X 4805 1
5080 10 X 4967 4968
5146 9 X 4966 5080
3988 15 X 1 3914
4355 14 X 3988 1
4577 13 X 1 4355
4813 12 X 4578 4577
4976 11 X 4813 4743
5082 10 X 4976 4977
5150 9 X 4974 5082
5210 8 X 5146 5150
5243 7 X 5199 5210
5265 6 X 5236 5243
5291 5 X 5277 5265
35 28 X 11 1
46 27 X 1 35
155 25 X 1 46
367 24 X 155 1
528 23 X 1 367
982 22 X 528 1
1597 21 X 982 975
2148 20 X 1597 1
2760 19 X 2148 1
3508 16 X 1 2760
4222 14 X 1 3508
4657 13 X 4215 4222
4870 12 X 4657 1
5072 10 X 4870 1
147 25 X 1 35
363 24 X 147 1
525 23 X 1 363
979 22 X 525 1
1590 21 X 979 976
2141 20 X 1590 1
2753 19 X 2141 1
1589 21 X 979 975
2140 20 X 1589 1
2752 19 X 2140 1
3282 17 X 2753 2752
3696 16 X 1 3282
4240 14 X 1 3696
4676 13 X 4233 4240
4892 12 X 4676 1
3507 16 X 1 2752
4221 14 X 1 3507
4656 13 X 4215 4221
4869 12 X 4656 1
5023 11 X 4892 4869
5100 10 X 5023 1
5191 8 X 5072 5100
5239 7 X 5191 1
4748 12 X 4235 1
1748 20 X 1142 1
2367 19 X 1748 1
3108 17 X 2367 1
3592 16 X 1 3108
4224 14 X 1 3592
4672 13 X 4225 4224
4885 12 X 4672 1
5020 11 X 4885 4748
5190 8 X 4748 5020
5238 7 X 5190 1
5266 6 X 5239 5238
5284 5 X 5266 1
5299 4 X 5291 5284
5301 3 X 5293 5299
198 25 X 15 1
694 22 X 1 198
1155 21 X 1 694
1690 20 X 1 1155
2237 19 X 1 1690
3050 17 X 2237 1
3824 16 X 3050 1
4311 14 X 3824 1
4544 13 X 1 4311
4796 12 X 4544 1
4959 11 X 4796 1
5056 10 X 1 4959
5120 9 X 1 5056
3982 15 X 1 3824
4348 14 X 3982 1
4571 13 X 1 4348
4808 12 X 4571 1
4971 11 X 4808 1
5061 10 X 1 4971
5125 9 X 1 5061
5195 8 X 5120 5125
5226 7 X 1 5195
5260 6 X 1 5226
5280 5 X 1 5260
5292 4 X 5280 1
618 23 X 260 1
1071 22 X 618 1
1668 21 X 1071 1
2218 20 X 1668 1
2265 19 X 1 2218
3754 16 X 2265 1
4130 15 X 3754 1
4426 14 X 4130 4029
4620 13 X 1 4426
4842 12 X 4620 1
4997 11 X 4842 4769
4425 14 X 4130 4028
4660 13 X 4215 4425
4873 12 X 4660 1
5014 11 X 4873 4872
4619 13 X 1 4425
4841 12 X 4619 1
4516 13 X 1 4252
4768 12 X 4516 1
4996 11 X 4841 4768
5095 10 X 5014 4996
5157 9 X 4997 5095
3434 16 X 1 2259
615 23 X 243 1
788 22 X 1 615
1240 21 X 1 788
1806 20 X 1240 1
2251 19 X 1 1806
3052 17 X 2251 1
3826 16 X 3052 2254
4000 15 X 3434 3826
4369 14 X 4000 4099
4588 13 X 1 4369
4817 12 X 4588 1
4979 11 X 4817 4767
4368 14 X 4000 4098
4677 13 X 4233 4368
4893 12 X 4677 1
5024 11 X 4893 4871
1706 20 X 1 1224
2333 19 X 1706 1
3091 17 X 2333 1
3586 16 X 1 3091
4223 14 X 1 3586
4671 13 X 4223 4368
4884 12 X 4671 1
4514 13 X 1 4250
4766 12 X 4514 1
5019 11 X 4884 4766
5102 10 X 5024 5019
5152 9 X 4979 5102
5213 8 X 5157 5152
5253 7 X 5213 1
1305 21 X 1 884
1860 20 X 1305 1
2477 19 X 1860 1
3452 16 X 1 2477
4214 14 X 1 3452
4498 13 X 1 4214
4749 12 X 4498 1
213 25 X 33 30
390 24 X 213 1
547 23 X 1 390
1002 22 X 547 1
1365 21 X 1 1002
1922 20 X 1365 1
2539 19 X 1922 1
3458 16 X 1 2539
4216 14 X 1 3458
417 23 X 1 8
881 22 X 417 1
1304 21 X 1 881
1859 20 X 1304 1
2476 19 X 1859 1
3451 16 X 1 2476
4213 14 X 1 3451
4662 13 X 4216 4213
4875 12 X 4662 1
5134 9 X 4749 4875
196 25 X 14 1
194 25 X 12 1
606 23 X 196 194
785 22 X 1 606
1559 21 X 935 785
2116 20 X 1559 1
2256 19 X 1 2116
3054 17 X 2256 1
3828 16 X 3054 1
3984 15 X 1 3828
429 23 X 1 59
885 22 X 418 429
1561 21 X 935 885
2118 20 X 1561 1
2732 19 X 2118 1
3277 17 X 2732 2477
3691 16 X 1 3277
1562 21 X 935 886
2119 20 X 1562 1
2733 19 X 2119 1
3278 17 X 2733 2477
3692 16 X 1 3278
4102 15 X 3691 3692
4351 14 X 3984 4102
4573 13 X 1 4351
4810 12 X 4573 1
1560 21 X 935 884
2117 20 X 1560 1
2731 19 X 2117 1
3276 17 X 2731 2477
3690 16 X 1 3276
4238 14 X 1 3690
4504 13 X 1 4238
4755 12 X 4504 1
4973 11 X 4810 4755
212 25 X 33 1
389 24 X 212 1
546 23 X 1 389
768 22 X 1 546
1227 21 X 1 768
1707 20 X 1 1227
2334 19 X 1707 1
3092 17 X 2334 1
343 24 X 70 1
513 23 X 1 343
1003 22 X 547 513
1366 21 X 1 1003
301 25 X 128 70
415 24 X 301 1
563 23 X 1 415
774 22 X 1 563
1233 21 X 1 774
1924 20 X 1366 1233
2541 19 X 1924 1
3180 17 X 2541 2539
3862 16 X 3092 3180
4241 14 X 1 3862
428 23 X 1 52
882 22 X 417 428
1554 21 X 931 882
2111 20 X 1554 1
2726 19 X 2111 1
3271 17 X 2726 2476
3685 16 X 1 3271
432 23 X 1 71
883 22 X 417 432
1555 21 X 931 883
2112 20 X 1555 1
2727 19 X 2112 1
3272 17 X 2727 2476
3686 16 X 1 3272
4100 15 X 3685 3686
4350 14 X 3984 4100
4682 13 X 4241 4350
464 23 X 1 198
740 22 X 1 464
1199 21 X 1 740
1784 20 X 1199 1
2248 19 X 1 1784
2863 18 X 2248 1
3312 17 X 2863 1
3916 16 X 3312 1
3990 15 X 1 3916
4357 14 X 3990 1
4579 13 X 1 4357
4898 12 X 4682 4579
1553 21 X 931 881
2110 20 X 1553 1
2725 19 X 2110 1
3270 17 X 2725 2476
3684 16 X 1 3270
4236 14 X 1 3684
4663 13 X 4216 4236
4876 12 X 4663 1
5027 11 X 4898 4876
5148 9 X 4973 5027
5201 8 X 5134 5148
5245 7 X 5201 1
5273 6 X 5253 5245
2183 20 X 1634 1669
2261 19 X 1 2183
2182 20 X 1634 1
2260 19 X 1 2182
2869 18 X 2261 2260
3528 16 X 1 2869
4040 15 X 3528 1
4382 14 X 4040 1
4593 13 X 1 4382
4825 12 X 4593 1
2859 18 X 2244 1
3524 16 X 1 2859
4038 15 X 3524 1
4380 14 X 4038 1
4591 13 X 1 4380
4820 12 X 4591 1
4980 11 X 4825 4820
5182 8 X 1 4980
423 23 X 1 42
892 22 X 423 1
1525 21 X 892 1
1571 21 X 939 1
2080 20 X 1525 1571
2253 19 X 1 2080
2866 18 X 2253 1
3526 16 X 1 2866
3966 15 X 1 3526
4336 14 X 3966 1
4560 13 X 1 4336
4826 12 X 4593 4560
1720 20 X 1 1571
2242 19 X 1 1720
2857 18 X 2242 1
3522 16 X 1 2857
3964 15 X 1 3522
4334 14 X 3964 1
4558 13 X 1 4334
4821 12 X 4591 4558
4981 11 X 4826 4821
5153 9 X 4980 4981
5186 8 X 1 5153
5232 7 X 5182 5186
693 22 X 1 196
1154 21 X 1 693
2234 19 X 1 1154
3049 17 X 2234 1
3823 16 X 3049 1
3981 15 X 1 3823
4347 14 X 3981 1
4570 13 X 1 4347
4806 12 X 4570 1
4969 11 X 4806 1
2236 19 X 1 1199
2853 18 X 2236 1
3307 17 X 2853 1
3911 16 X 3307 1
3985 15 X 1 3911
4352 14 X 3985 1
4574 13 X 1 4352
4807 12 X 4570 4574
4970 11 X 4807 1
5147 9 X 4969 4970
5185 8 X 1 5147
4310 14 X 3823 1
4543 13 X 1 4310
4794 12 X 4543 1
4957 11 X 4794 1
4327 14 X 3911 1
4551 13 X 1 4327
4795 12 X 4543 4551
4958 11 X 4795 1
5143 9 X 4957 4958
5208 8 X 5143 5147
5235 7 X 5185 5208
5264 6 X 5232 5235
5288 5 X 5273 5264
4500 13 X 1 4222
4751 12 X 4500 1
5073 10 X 4870 4751
4670 13 X 4223 4240
4883 12 X 4670 1
4499 13 X 1 4221
4750 12 X 4499 1
5018 11 X 4883 4750
5101 10 X 5023 5018
5192 8 X 5073 5101
5240 7 X 5192 1
4747 12 X 4216 1
1923 20 X 1366 1
2540 19 X 1923 1
3179 17 X 2540 2539
3632 16 X 1 3179
4234 14 X 1 3632
4681 13 X 4241 4234
4897 12 X 4681 1
5026 11 X 4897 4747
5189 8 X 4747 5026
5237 7 X 5189 1
5267 6 X 5240 5237
5285 5 X 5267 1
5297 4 X 5288 5285
5300 3 X 5292 5297
5304 2 X 5301 5300
50 27 X 6 1
108 26 X 50 57
268 25 X 108 1
323 24 X 1 268
713 22 X 1 323
1173 21 X 1 713
1697 20 X 1 1173
2324 19 X 1697 1696
3086 17 X 2324 1
107 26 X 50 1
265 25 X 107 1
700 22 X 1 265
1161 21 X 1 700
1693 20 X 1 1161
2319 19 X 1693 1
3081 17 X 2319 1
3854 16 X 3086 3081
2323 19 X 1697 1
3085 17 X 2323 1
3852 16 X 3085 3081
4321 14 X 3854 3852
4549 13 X 1 4321
4801 12 X 4549 1
4964 11 X 4801 1
5060 10 X 1 4964
5124 9 X 1 5060
4165 15 X 3852 3854
4457 14 X 4165 3852
4637 13 X 1 4457
4857 12 X 4637 1
5005 11 X 4857 1
5064 10 X 1 5005
5128 9 X 1 5064
5198 8 X 5124 5128
5229 7 X 1 5198
5263 6 X 1 5229
5283 5 X 1 5263
27 28 X 6 1
65 27 X 27 1
122 26 X 65 1
292 25 X 122 1
411 24 X 292 1
1135 21 X 1 411
1687 20 X 1 1135
2312 19 X 1687 1
3074 17 X 2312 1
3584 16 X 1 3074
731 22 X 1 411
1191 21 X 1 731
1701 20 X 1 1191
2328 19 X 1701 1
3090 17 X 2328 1
3585 16 X 1 3090
4275 14 X 3584 3585
4532 13 X 1 4275
4785 12 X 4532 1
878 22 X 411 1
1301 21 X 1 878
1714 20 X 1 1301
2341 19 X 1714 1
3097 17 X 2341 1
3587 16 X 1 3097
4276 14 X 3587 1
4533 13 X 1 4276
4786 12 X 4533 1
4955 11 X 4785 4786
5055 10 X 1 4955
5119 9 X 1 5055
5224 7 X 1 5119
5258 6 X 1 5224
5278 5 X 1 5258
5295 4 X 5283 5278
257 25 X 98 1
318 24 X 1 257
639 23 X 318 1
1081 22 X 639 1
1683 21 X 1081 1
2232 20 X 1683 1
596 23 X 98 181
1059 22 X 596 1
1650 21 X 1059 1
2200 20 X 1650 1
2817 19 X 2200 1
3753 16 X 2232 2817
215 25 X 43 1
306 24 X 1 215
631 23 X 306 1
1076 22 X 631 1
1675 21 X 1076 1
2224 20 X 1675 1
339 24 X 43 215
854 22 X 339 1
1489 21 X 854 1
2044 20 X 1489 1
2660 19 X 2044 1
3752 16 X 2224 2660
4129 15 X 3753 3752
77 26 X 12 17
168 25 X 1 77
590 23 X 77 168
1050 22 X 590 1
1651 21 X 1059 1050
2201 20 X 1651 1
2818 19 X 2201 1
3520 16 X 1 2818
240 25 X 77 1
345 24 X 77 240
855 22 X 345 1
1491 21 X 854 855
2046 20 X 1491 1
2662 19 X 2046 1
3486 16 X 1 2662
4037 15 X 3520 3486
4424 14 X 4129 4037
4618 13 X 1 4424
4840 12 X 4618 1
2850 19 X 2232 1
3808 16 X 2850 2817
2841 19 X 2224 1
3802 16 X 2841 2660
4150 15 X 3808 3802
4447 14 X 4150 4037
4629 13 X 1 4447
4851 12 X 4629 1
4995 11 X 4840 4851
5091 10 X 4995 1
22 28 X 3 1
85 26 X 22 33
20 28 X 2 1
82 26 X 20 30
251 25 X 85 82
398 24 X 251 1
172 25 X 1 82
372 24 X 172 1
671 23 X 398 372
1116 22 X 671 1
1425 21 X 1 1116
1979 20 X 1425 1
2596 19 X 1979 1
3475 16 X 1 2596
4219 14 X 1 3475
36 27 X 1 4
95 26 X 36 38
255 25 X 95 1
317 24 X 1 255
638 23 X 317 1
1080 22 X 638 1
1682 21 X 1080 1
2231 20 X 1682 1
2849 19 X 2231 2232
180 25 X 1 95
595 23 X 95 180
1058 22 X 595 1
1648 21 X 1058 1
2198 20 X 1648 1
2815 19 X 2198 1
3807 16 X 2849 2815
214 25 X 38 1
305 24 X 1 214
630 23 X 305 1
1075 22 X 630 1
1674 21 X 1075 1
2223 20 X 1674 1
2840 19 X 2223 2224
574 23 X 38 216
1036 22 X 574 1
1628 21 X 1036 1
2176 20 X 1628 1
2791 19 X 2176 1
3801 16 X 2840 2791
4149 15 X 3807 3801
72 26 X 2 8
164 25 X 1 72
584 23 X 72 164
1041 22 X 584 1
1649 21 X 1058 1041
2199 20 X 1649 1
2816 19 X 2199 1
3519 16 X 1 2816
241 25 X 77 72
585 23 X 72 241
1042 22 X 585 1
1630 21 X 1036 1042
2178 20 X 1630 1
2793 19 X 2178 1
3515 16 X 1 2793
4036 15 X 3519 3515
4446 14 X 4149 4036
4668 13 X 4219 4446
4881 12 X 4668 1
2848 19 X 2231 1
3806 16 X 2848 2815
2839 19 X 2223 1
3800 16 X 2839 2791
4148 15 X 3806 3800
4445 14 X 4148 4036
4667 13 X 4219 4445
4880 12 X 4667 1
5017 11 X 4881 4880
5098 10 X 5017 1
5177 9 X 5091 5098
78 26 X 13 19
242 25 X 78 1
315 24 X 1 242
636 23 X 315 1
1079 22 X 636 1
1681 21 X 1079 799
2230 20 X 1681 1
2847 19 X 2230 1
1680 21 X 1079 1
2229 20 X 1680 1
2846 19 X 2229 1
3304 17 X 2847 2846
169 25 X 1 78
591 23 X 78 169
1051 22 X 591 1
187 25 X 1 112
601 23 X 112 187
781 22 X 1 601
1645 21 X 1051 781
2195 20 X 1645 1
2812 19 X 2195 2200
575 23 X 39 150
1037 22 X 575 1
1631 21 X 1037 1
2179 20 X 1631 1
2811 19 X 2195 2179
3044 18 X 2812 2811
1644 21 X 1051 1
2194 20 X 1644 1
2810 19 X 2194 2200
2809 19 X 2194 2179
3043 18 X 2810 2809
3433 17 X 3044 3043
3908 16 X 3304 3433
200 25 X 19 1
303 24 X 1 200
628 23 X 303 1
1074 22 X 628 1
1673 21 X 1074 799
2222 20 X 1673 1
1672 21 X 1074 1
2221 20 X 1672 1
3048 17 X 2222 2221
337 24 X 19 200
853 22 X 337 1
352 24 X 112 275
723 22 X 1 352
1483 21 X 853 723
2038 20 X 1483 1
2654 19 X 2038 2044
1482 21 X 853 1
2037 20 X 1482 1
2653 19 X 2037 2044
3252 17 X 2654 2653
3822 16 X 3048 3252
4190 15 X 3908 3822
170 25 X 1 79
592 23 X 79 170
1053 22 X 592 601
1647 21 X 1051 1053
2197 20 X 1647 1
2814 19 X 2197 1
1052 22 X 592 1
1646 21 X 1051 1052
2196 20 X 1646 1
2813 19 X 2196 1
3296 17 X 2814 2813
3702 16 X 1 3296
346 24 X 79 243
857 22 X 346 352
1488 21 X 853 857
2043 20 X 1488 1
2659 19 X 2043 1
856 22 X 346 1
1487 21 X 853 856
2042 20 X 1487 1
2658 19 X 2042 1
3255 17 X 2659 2658
3672 16 X 1 3255
4107 15 X 3702 3672
4479 14 X 4190 4107
4644 13 X 1 4479
4865 12 X 4644 1
2808 19 X 2194 1
3805 16 X 2846 2808
2838 19 X 2221 1
2652 19 X 2037 1
3799 16 X 2838 2652
4147 15 X 3805 3799
3518 16 X 1 2813
3484 16 X 1 2658
4035 15 X 3518 3484
4444 14 X 4147 4035
4628 13 X 1 4444
4850 12 X 4628 1
5012 11 X 4865 4850
5094 10 X 5012 1
355 24 X 122 1
190 25 X 1 122
382 24 X 190 1
645 23 X 355 382
804 22 X 1 645
1252 21 X 1 804
2285 19 X 1252 1
3066 17 X 2285 1
3578 16 X 1 3066
90 26 X 27 1
25 28 X 5 1
87 26 X 25 1
254 25 X 90 87
400 24 X 254 1
174 25 X 1 87
374 24 X 174 1
677 23 X 400 374
1128 22 X 677 645
1437 21 X 1 1128
1992 20 X 1437 1252
2609 19 X 1992 1
1127 22 X 677 1
1436 21 X 1 1127
1991 20 X 1436 1
2608 19 X 1991 1
3212 17 X 2609 2608
3654 16 X 1 3212
4271 14 X 3578 3654
73 26 X 4 11
237 25 X 73 1
313 24 X 1 237
634 23 X 313 1
1078 22 X 634 1
74 26 X 5 1
238 25 X 74 1
314 24 X 1 238
635 23 X 314 1
798 22 X 1 635
1679 21 X 1078 798
2228 20 X 1679 1
2845 19 X 2228 1
1678 21 X 1078 1
2227 20 X 1678 1
2844 19 X 2227 1
3303 17 X 2845 2844
165 25 X 1 73
586 23 X 73 165
1043 22 X 586 1
185 25 X 1 107
599 23 X 107 185
780 22 X 1 599
1641 21 X 1043 780
2191 20 X 1641 1
2805 19 X 2191 2200
2804 19 X 2191 2179
3042 18 X 2805 2804
1640 21 X 1043 1
2190 20 X 1640 1
2803 19 X 2190 2200
2802 19 X 2190 2179
3041 18 X 2803 2802
3432 17 X 3042 3041
3907 16 X 3303 3432
193 25 X 11 1
302 24 X 1 193
627 23 X 302 1
1073 22 X 627 1
1671 21 X 1073 798
2220 20 X 1671 1
2837 19 X 2220 2222
1670 21 X 1073 1
2219 20 X 1670 1
2836 19 X 2219 2221
3301 17 X 2837 2836
569 23 X 11 201
1030 22 X 569 1
28 28 X 6 5
66 27 X 28 1
123 26 X 66 1
273 25 X 111 123
604 23 X 123 273
784 22 X 1 604
1617 21 X 1030 784
2165 20 X 1617 1
820 22 X 43 1
1438 21 X 820 1
1993 20 X 1438 1
2779 19 X 2165 1993
1615 21 X 1030 1
2163 20 X 1615 1
2777 19 X 2163 1993
3286 17 X 2779 2777
3904 16 X 3301 3286
4189 15 X 3907 3904
166 25 X 1 74
587 23 X 74 166
1045 22 X 587 599
1643 21 X 1043 1045
2193 20 X 1643 1
2807 19 X 2193 1
1044 22 X 587 1
1642 21 X 1043 1044
2192 20 X 1642 1
2806 19 X 2192 1
3295 17 X 2807 2806
3701 16 X 1 3295
244 25 X 79 74
588 23 X 74 244
1047 22 X 588 604
1621 21 X 1030 1047
2169 20 X 1621 1
2783 19 X 2169 1
1046 22 X 588 1
1620 21 X 1030 1046
2168 20 X 1620 1
2782 19 X 2168 1
3288 17 X 2783 2782
3699 16 X 1 3288
4106 15 X 3701 3699
4478 14 X 4189 4106
4688 13 X 4271 4478
4906 12 X 4688 1
3482 16 X 1 2608
4220 14 X 1 3482
2801 19 X 2190 1
3804 16 X 2844 2801
2835 19 X 2219 1
2776 19 X 2163 1
3798 16 X 2835 2776
4146 15 X 3804 3798
3517 16 X 1 2806
3511 16 X 1 2782
4034 15 X 3517 3511
4443 14 X 4146 4034
4669 13 X 4220 4443
4882 12 X 4669 1
5032 11 X 4906 4882
5106 10 X 5032 1
5179 9 X 5094 5106
5221 8 X 5177 5179
5256 7 X 5221 1
839 22 X 269 1
1277 21 X 1 839
1828 20 X 1277 1
2445 19 X 1828 1
3153 17 X 2445 1
3614 16 X 1 3153
4227 14 X 1 3614
4501 13 X 1 4227
4752 12 X 4501 1
62 27 X 22 1
118 26 X 62 70
287 25 X 118 1
408 24 X 287 1
877 22 X 408 1
1300 21 X 1 877
1853 20 X 1300 1
2470 19 X 1853 1
3167 17 X 2470 1
3621 16 X 1 3167
4229 14 X 1 3621
47 27 X 2 1
104 26 X 47 51
262 25 X 104 1
833 22 X 262 1
1273 21 X 1 833
1824 20 X 1273 1
2441 19 X 1824 1
3149 17 X 2441 1
3611 16 X 1 3149
4226 14 X 1 3611
4674 13 X 4229 4226
4888 12 X 4674 1
486 23 X 1 265
942 22 X 486 1
1322 21 X 1 942
1880 20 X 1322 1
2497 19 X 1880 1
2947 18 X 2497 1
3376 17 X 2947 1
3718 16 X 1 3376
26 28 X 5 6
64 27 X 26 1
120 26 X 64 1
290 25 X 120 1
492 23 X 1 290
945 22 X 492 1
1325 21 X 1 945
1884 20 X 1325 1
2501 19 X 1884 1
2951 18 X 2501 1
3380 17 X 2951 1
3719 16 X 1 3380
4118 15 X 3718 3719
4261 14 X 1 4118
4525 13 X 1 4261
4889 12 X 4674 4525
5074 10 X 4888 4889
5135 9 X 4752 5074
55 27 X 13 1
110 26 X 55 60
270 25 X 110 1
325 24 X 1 270
849 22 X 325 1
1481 21 X 849 714
2036 20 X 1481 1
2651 19 X 2036 1
3251 17 X 2651 1
840 22 X 270 1
703 22 X 1 275
1470 21 X 840 703
2025 20 X 1470 1
2640 19 X 2025 1
3243 17 X 2640 1
3898 16 X 3251 3243
847 22 X 312 1
1477 21 X 847 714
2032 20 X 1477 1
1476 21 X 847 709
2031 20 X 1476 1
2647 19 X 2032 2031
2852 18 X 2032 2647
3306 17 X 2852 1
832 22 X 231 1
1459 21 X 832 703
2014 20 X 1459 1
2629 19 X 2014 1
3232 17 X 2629 1
3910 16 X 3306 3232
4184 15 X 3898 3910
842 22 X 271 275
1472 21 X 840 842
2027 20 X 1472 1
2642 19 X 2027 1
3245 17 X 2642 1
3670 16 X 1 3245
1462 21 X 832 842
2017 20 X 1462 1
2632 19 X 2017 1
3235 17 X 2632 1
3664 16 X 1 3235
4094 15 X 3670 3664
4473 14 X 4184 4094
4642 13 X 1 4473
4863 12 X 4642 1
1480 21 X 849 1
2035 20 X 1480 1
2650 19 X 2035 1
3250 17 X 2650 1
1469 21 X 840 1
2024 20 X 1469 1
2639 19 X 2024 1
3242 17 X 2639 1
3897 16 X 3250 3242
1475 21 X 847 1
2030 20 X 1475 1
2646 19 X 2030 1
3247 17 X 2646 1
1457 21 X 832 1
2012 20 X 1457 1
2628 19 X 2012 1
3231 17 X 2628 1
3894 16 X 3247 3231
4183 15 X 3897 3894
841 22 X 271 1
1471 21 X 840 841
2026 20 X 1471 1
2641 19 X 2026 1
3244 17 X 2641 1
3669 16 X 1 3244
1461 21 X 832 841
2016 20 X 1461 1
2631 19 X 2016 1
3234 17 X 2631 1
3663 16 X 1 3234
4093 15 X 3669 3663
4472 14 X 4183 4093
4641 13 X 1 4472
4862 12 X 4641 1
5010 11 X 4863 4862
2279 19 X 1191 1
3065 17 X 2279 1
3577 16 X 1 3065
1738 20 X 1135 1191
2358 19 X 1738 1
3106 17 X 2358 1
3591 16 X 1 3106
4270 14 X 3577 3591
48 27 X 4 1
105 26 X 48 53
263 25 X 105 1
320 24 X 1 263
848 22 X 320 1
49 27 X 5 1
106 26 X 49 1
264 25 X 106 1
321 24 X 1 264
711 22 X 1 321
1479 21 X 848 711
2034 20 X 1479 1
2649 19 X 2034 1
3249 17 X 2649 1
834 22 X 263 1
1466 21 X 834 700
2021 20 X 1466 1
2636 19 X 2021 1
3239 17 X 2636 1
3896 16 X 3249 3239
308 24 X 1 221
846 22 X 308 1
1474 21 X 846 711
2029 20 X 1474 1
2645 19 X 2029 2032
2644 19 X 2029 2031
2984 18 X 2645 2644
3402 17 X 2984 1
830 22 X 221 1
294 25 X 123 1
706 22 X 1 294
1447 21 X 830 706
2002 20 X 1447 1
2618 19 X 2002 1
3221 17 X 2618 1
3958 16 X 3402 3221
4182 15 X 3896 3958
836 22 X 264 265
1468 21 X 834 836
2023 20 X 1468 1
2638 19 X 2023 1
3241 17 X 2638 1
3668 16 X 1 3241
837 22 X 264 294
1451 21 X 830 837
2006 20 X 1451 1
2622 19 X 2006 1
3225 17 X 2622 1
3660 16 X 1 3225
4092 15 X 3668 3660
4471 14 X 4182 4092
4687 13 X 4270 4471
4904 12 X 4687 1
1856 20 X 1301 1
2473 19 X 1856 1
3170 17 X 2473 1
3624 16 X 1 3170
4230 14 X 1 3624
1478 21 X 848 1
2033 20 X 1478 1
2648 19 X 2033 1
3248 17 X 2648 1
1465 21 X 834 1
2020 20 X 1465 1
2635 19 X 2020 1
3238 17 X 2635 1
3895 16 X 3248 3238
1473 21 X 846 1
2028 20 X 1473 1
2643 19 X 2028 1
3246 17 X 2643 1
1444 21 X 830 1
1999 20 X 1444 1
2615 19 X 1999 1
3218 17 X 2615 1
3893 16 X 3246 3218
4181 15 X 3895 3893
835 22 X 264 1
1467 21 X 834 835
2022 20 X 1467 1
2637 19 X 2022 1
3240 17 X 2637 1
3667 16 X 1 3240
1450 21 X 830 835
2005 20 X 1450 1
2621 19 X 2005 1
3224 17 X 2621 1
3659 16 X 1 3224
4091 15 X 3667 3659
4470 14 X 4181 4091
4675 13 X 4230 4470
4890 12 X 4675 1
5030 11 X 4904 4890
322 24 X 1 265
500 23 X 1 322
754 22 X 1 500
1213 21 X 1 754
1789 20 X 1213 1
2410 19 X 1789 1
2923 18 X 2410 1
3360 17 X 2923 1
746 22 X 1 486
1205 21 X 1 746
1787 20 X 1205 1
2408 19 X 1787 1
2921 18 X 2408 1
3358 17 X 2921 1
3949 16 X 3360 3358
29 28 X 7 1
67 27 X 29 1
125 26 X 67 1
297 25 X 125 1
332 24 X 1 297
507 23 X 1 332
959 22 X 507 1
330 24 X 1 290
505 23 X 1 330
758 22 X 1 505
1581 21 X 959 758
2136 20 X 1581 1
2748 19 X 2136 1791
3021 18 X 2748 1
3424 17 X 3021 1
496 23 X 1 297
947 22 X 496 1
1575 21 X 947 746
2130 20 X 1575 1
2744 19 X 2130 1
3017 18 X 2744 1
3420 17 X 3017 1
3961 16 X 3424 3420
4205 15 X 3949 3961
1136 21 X 1 486
1739 20 X 1136 1
2359 19 X 1739 1
2900 18 X 2359 1
3337 17 X 2900 1
3708 16 X 1 3337
946 22 X 492 486
1577 21 X 947 946
2132 20 X 1577 1
2746 19 X 2132 1
3019 18 X 2746 1
3422 17 X 3019 1
3742 16 X 1 3422
4110 15 X 3708 3742
4489 14 X 4205 4110
4651 13 X 1 4489
4905 12 X 4687 4651
1580 21 X 959 1
2135 20 X 1580 1
2747 19 X 2135 1
3020 18 X 2747 1
3423 17 X 3020 1
1574 21 X 947 1
2128 20 X 1574 1
2742 19 X 2128 1
3015 18 X 2742 1
3418 17 X 3015 1
3960 16 X 3423 3418
3997 15 X 1 3960
1576 21 X 947 945
2131 20 X 1576 1
2745 19 X 2131 1
3018 18 X 2745 1
3421 17 X 3018 1
3741 16 X 1 3421
4119 15 X 3718 3741
4365 14 X 3997 4119
4586 13 X 1 4365
4891 12 X 4675 4586
5031 11 X 4905 4891
5105 10 X 5030 5031
5162 9 X 5010 5105
5202 8 X 5135 5162
5246 7 X 5202 1
5276 6 X 5256 5246
217 25 X 46 1
307 24 X 1 217
632 23 X 307 1
1077 22 X 632 1
1676 21 X 1077 1
2225 20 X 1676 1
2842 19 X 2225 1
578 23 X 46 155
1040 22 X 578 1
1635 21 X 1040 1
2185 20 X 1635 1
2796 19 X 2185 1
3803 16 X 2842 2796
4308 14 X 3803 1
4541 13 X 1 4308
45 27 X 1 29
103 26 X 45 1
351 24 X 103 1
518 23 X 1 351
971 22 X 518 1
1583 21 X 971 1
1724 20 X 1 1583
2346 19 X 1724 1
2896 18 X 2346 1
3534 16 X 1 2896
3969 15 X 1 3534
4339 14 X 3969 1
4563 13 X 1 4339
4792 12 X 4541 4563
5071 10 X 4792 1
5133 9 X 1 5071
91 26 X 29 1
350 24 X 91 1
517 23 X 1 350
970 22 X 517 1
1582 21 X 970 1
1723 20 X 1 1582
2345 19 X 1723 1
2895 18 X 2345 1
3533 16 X 1 2895
3968 15 X 1 3533
4338 14 X 3968 1
4562 13 X 1 4338
4739 12 X 1 4562
5066 10 X 4739 1
5130 9 X 1 5066
5200 8 X 5133 5130
1238 21 X 1 781
277 25 X 112 57
158 25 X 1 57
624 23 X 277 158
793 22 X 1 624
1245 21 X 1 793
1804 20 X 1238 1245
2423 19 X 1804 1
3139 17 X 2423 1
3607 16 X 1 3139
1183 21 X 1 723
405 24 X 277 275
728 22 X 1 405
1188 21 X 1 728
1773 20 X 1183 1188
2395 19 X 1773 1
3126 17 X 2395 1
3596 16 X 1 3126
4069 15 X 3607 3596
80 26 X 15 1
171 25 X 1 80
593 23 X 80 171
1055 22 X 593 601
1389 21 X 1 1055
1942 20 X 1389 1245
2559 19 X 1942 1
1054 22 X 593 1
1388 21 X 1 1054
1941 20 X 1388 1
2558 19 X 1941 1
3189 17 X 2559 2558
3641 16 X 1 3189
245 25 X 80 1
347 24 X 80 245
859 22 X 347 352
1288 21 X 1 859
1839 20 X 1288 1188
2456 19 X 1839 1
858 22 X 347 1
1287 21 X 1 858
1838 20 X 1287 1
2455 19 X 1838 1
3160 17 X 2456 2455
3619 16 X 1 3160
4081 15 X 3641 3619
4403 14 X 4069 4081
4609 13 X 1 4403
4836 12 X 4609 1
3463 16 X 1 2558
3447 16 X 1 2455
4013 15 X 3463 3447
4249 14 X 1 4013
4513 13 X 1 4249
4765 12 X 4513 1
4991 11 X 4836 4765
5089 10 X 4991 1
354 24 X 118 1
188 25 X 1 118
381 24 X 188 1
644 23 X 354 381
803 22 X 1 644
1251 21 X 1 803
1810 20 X 1251 1
2427 19 X 1810 1
3143 17 X 2427 1
3610 16 X 1 3143
4282 14 X 3610 1
210 25 X 30 1
304 24 X 1 210
629 23 X 304 1
796 22 X 1 629
1677 21 X 1077 796
2226 20 X 1677 1
2843 19 X 2226 1
3302 17 X 2843 2842
23 28 X 3 6
63 27 X 23 1
119 26 X 63 70
189 25 X 1 119
602 23 X 119 189
782 22 X 1 602
1638 21 X 1040 782
267 25 X 107 108
186 25 X 1 108
622 23 X 267 186
791 22 X 1 622
1243 21 X 1 791
2188 20 X 1638 1243
2799 19 X 2188 1
3293 17 X 2799 2796
3905 16 X 3302 3293
281 25 X 112 119
603 23 X 119 281
783 22 X 1 603
1639 21 X 1040 783
279 25 X 112 108
623 23 X 267 279
792 22 X 1 623
1244 21 X 1 792
2189 20 X 1639 1244
2800 19 X 2189 1
3294 17 X 2800 2796
3906 16 X 3302 3294
4188 15 X 3905 3906
75 26 X 6 1
167 25 X 1 75
589 23 X 75 167
1049 22 X 589 599
1387 21 X 1 1049
1940 20 X 1387 1243
2557 19 X 1940 1
1048 22 X 589 1
1386 21 X 1 1048
1939 20 X 1386 1
2556 19 X 1939 1
3188 17 X 2557 2556
3640 16 X 1 3188
88 26 X 26 1
246 25 X 80 88
594 23 X 88 246
278 25 X 112 107
600 23 X 107 278
1057 22 X 594 600
1391 21 X 1 1057
1944 20 X 1391 1244
2561 19 X 1944 1
1056 22 X 594 1
1390 21 X 1 1056
1943 20 X 1390 1
2560 19 X 1943 1
3190 17 X 2561 2560
3642 16 X 1 3190
4079 15 X 3640 3642
4477 14 X 4188 4079
4695 13 X 4282 4477
9 29 X 2 3
31 28 X 9 1
92 26 X 31 1
177 25 X 1 92
377 24 X 177 1
535 23 X 1 377
539 23 X 1 381
989 22 X 535 539
1354 21 X 1 989
1907 20 X 1354 1
2524 19 X 1907 1
988 22 X 535 1
1353 21 X 1 988
1906 20 X 1353 1
2523 19 X 1906 1
3175 17 X 2524 2523
3629 16 X 1 3175
84 26 X 22 1
81 26 X 20 1
247 25 X 84 81
394 24 X 247 1
549 23 X 1 394
519 23 X 1 354
1006 22 X 549 519
1369 21 X 1 1006
1927 20 X 1369 1
2544 19 X 1927 1
1005 22 X 549 1
1368 21 X 1 1005
1926 20 X 1368 1
2543 19 X 1926 1
3182 17 X 2544 2543
3634 16 X 1 3182
4076 15 X 3629 3634
4407 14 X 4076 1
453 23 X 1 155
919 22 X 453 1
32 28 X 9 6
94 26 X 32 1
179 25 X 1 94
459 23 X 1 179
462 23 X 1 189
923 22 X 459 462
1549 21 X 919 923
371 24 X 167 171
532 23 X 1 371
461 23 X 1 186
984 22 X 532 461
1350 21 X 1 984
2106 20 X 1549 1350
2721 19 X 2106 1
3009 18 X 2721 1
922 22 X 459 1
1548 21 X 919 922
983 22 X 532 1
1349 21 X 1 983
2105 20 X 1548 1349
2720 19 X 2105 1
3008 18 X 2720 1
3412 17 X 3009 3008
3737 16 X 1 3412
24 28 X 4 1
44 27 X 1 24
102 26 X 44 46
440 23 X 1 102
907 22 X 440 1
21 28 X 2 6
83 26 X 21 1
435 23 X 1 83
444 23 X 1 119
901 22 X 435 444
1536 21 X 907 901
348 24 X 88 80
515 23 X 1 348
488 23 X 1 267
967 22 X 515 488
1585 21 X 971 967
2093 20 X 1536 1585
2708 19 X 2093 1
3002 18 X 2708 1
900 22 X 435 1
1535 21 X 907 900
966 22 X 515 1
1584 21 X 971 966
2092 20 X 1535 1584
2707 19 X 2092 1
3001 18 X 2707 1
3409 17 X 3002 3001
3734 16 X 1 3409
4125 15 X 3737 3734
458 23 X 1 167
460 23 X 1 185
921 22 X 458 460
1316 21 X 1 921
738 22 X 1 461
1197 21 X 1 738
1872 20 X 1316 1197
2489 19 X 1872 1
2941 18 X 2489 1
920 22 X 458 1
1315 21 X 1 920
1870 20 X 1315 1
2487 19 X 1870 1
2939 18 X 2487 1
3370 17 X 2941 2939
3715 16 X 1 3370
441 23 X 1 103
908 22 X 441 1
436 23 X 1 88
442 23 X 1 107
903 22 X 436 442
1539 21 X 908 903
748 22 X 1 488
1207 21 X 1 748
2096 20 X 1539 1207
2711 19 X 2096 1
3005 18 X 2711 1
902 22 X 436 1
1538 21 X 908 902
2095 20 X 1538 1
2710 19 X 2095 1
3004 18 X 2710 1
3410 17 X 3005 3004
3735 16 X 1 3410
4115 15 X 3715 3735
4420 14 X 4125 4115
4724 13 X 4407 4420
4914 12 X 4695 4724
3462 16 X 1 2556
3464 16 X 1 2560
4011 15 X 3462 3464
4309 14 X 3803 4011
4542 13 X 1 4309
3455 16 X 1 2523
3459 16 X 1 2543
4008 15 X 3455 3459
4372 14 X 4008 1
3563 16 X 1 3008
3559 16 X 1 3001
4059 15 X 3563 3559
3543 16 X 1 2939
3561 16 X 1 3004
4051 15 X 3543 3561
4392 14 X 4059 4051
4715 13 X 4372 4392
4793 12 X 4542 4715
5038 11 X 4914 4793
5109 10 X 5038 1
5175 9 X 5089 5109
113 26 X 57 56
280 25 X 112 113
406 24 X 280 275
729 22 X 1 406
1189 21 X 1 729
1774 20 X 1183 1189
2396 19 X 1774 1
3127 17 X 2396 1
3597 16 X 1 3127
4070 15 X 3607 3597
1286 21 X 1 857
1837 20 X 1286 1189
2454 19 X 1837 1
1285 21 X 1 856
1836 20 X 1285 1
2453 19 X 1836 1
3159 17 X 2454 2453
3618 16 X 1 3159
4080 15 X 3641 3618
4404 14 X 4070 4080
4610 13 X 1 4404
4837 12 X 4610 1
3446 16 X 1 2453
4012 15 X 3463 3446
4248 14 X 1 4012
4512 13 X 1 4248
4764 12 X 4512 1
4992 11 X 4837 4764
5090 10 X 4992 1
1237 21 X 1 780
1803 20 X 1237 1243
2422 19 X 1803 1
3138 17 X 2422 1
3606 16 X 1 3138
1239 21 X 1 784
124 26 X 66 56
296 25 X 123 124
274 25 X 111 124
626 23 X 296 274
795 22 X 1 626
1247 21 X 1 795
1805 20 X 1239 1247
2424 19 X 1805 1
3140 17 X 2424 1
3608 16 X 1 3140
4068 15 X 3606 3608
1385 21 X 1 1047
1938 20 X 1385 1247
2555 19 X 1938 1
1384 21 X 1 1046
1937 20 X 1384 1
2554 19 X 1937 1
3187 17 X 2555 2554
3639 16 X 1 3187
4078 15 X 3640 3639
4402 14 X 4068 4078
4608 13 X 1 4402
1873 20 X 1316 1350
2490 19 X 1873 1
2942 18 X 2490 1
1871 20 X 1315 1349
2488 19 X 1871 1
2940 18 X 2488 1
3371 17 X 2942 2940
3716 16 X 1 3371
37 27 X 1 7
96 26 X 37 1
438 23 X 1 96
905 22 X 438 1
433 23 X 1 74
445 23 X 1 123
897 22 X 433 445
1533 21 X 905 897
97 26 X 37 42
256 25 X 96 97
401 24 X 256 261
553 23 X 1 401
1011 22 X 553 1
344 24 X 74 79
514 23 X 1 344
495 23 X 1 296
965 22 X 514 495
1609 21 X 1011 965
2090 20 X 1533 1609
2706 19 X 2090 2091
3000 18 X 2706 1
896 22 X 433 1
1532 21 X 905 896
964 22 X 514 1
1608 21 X 1011 964
2088 20 X 1532 1608
2704 19 X 2088 2091
2998 18 X 2704 1
3408 17 X 3000 2998
3733 16 X 1 3408
4116 15 X 3716 3733
752 22 X 1 495
1211 21 X 1 752
2089 20 X 1533 1211
2705 19 X 2089 1
2999 18 X 2705 1
2087 20 X 1532 1
2702 19 X 2087 1
2996 18 X 2702 1
3407 17 X 2999 2996
3732 16 X 1 3407
4114 15 X 3715 3732
4417 14 X 4116 4114
4615 13 X 1 4417
4835 12 X 4608 4615
3461 16 X 1 2554
4010 15 X 3462 3461
4247 14 X 1 4010
4511 13 X 1 4247
3544 16 X 1 2940
2703 19 X 2088 1721
2997 18 X 2703 1
3558 16 X 1 2997
4052 15 X 3544 3558
3557 16 X 1 2996
4050 15 X 3543 3557
4387 14 X 4052 4050
4597 13 X 1 4387
4763 12 X 4511 4597
4990 11 X 4835 4763
5088 10 X 4990 1
5176 9 X 5090 5088
5220 8 X 5175 5176
5244 7 X 5200 5220
1722 20 X 1 1580
2344 19 X 1722 1
2894 18 X 2344 1
3335 17 X 2894 1
413 24 X 297 1
561 23 X 1 413
1022 22 X 561 1
1610 21 X 1022 1
1727 20 X 1 1610
2349 19 X 1727 1
2899 18 X 2349 1
3336 17 X 2899 1
3936 16 X 3335 3336
3996 15 X 1 3936
4364 14 X 3996 1
4585 13 X 1 4364
4746 12 X 1 4585
2308 19 X 1580 1
2886 18 X 2308 1
3328 17 X 2886 1
2129 20 X 1574 1610
2743 19 X 2129 1
3016 18 X 2743 1
3419 17 X 3016 1
3927 16 X 3328 3419
3995 15 X 1 3927
3740 16 X 1 3418
3979 15 X 1 3740
4363 14 X 3995 3979
4584 13 X 1 4363
4745 12 X 1 4584
5068 10 X 4746 4745
5132 9 X 1 5068
5184 8 X 1 5132
715 22 X 1 327
1175 21 X 1 715
1766 20 X 1175 1171
2385 19 X 1766 1171
2851 18 X 1766 2385
3305 17 X 2851 1
1164 21 X 1 703
2276 19 X 1164 1
3062 17 X 2276 1
3909 16 X 3305 3062
2322 19 X 1696 1
3084 17 X 2322 1
1131 21 X 1 275
1731 20 X 1131 1164
2351 19 X 1731 1
3099 17 X 2351 1
3850 16 X 3084 3099
4326 14 X 3909 3850
4550 13 X 1 4326
4802 12 X 4550 1
843 22 X 275 1
1280 21 X 1 843
1831 20 X 1280 1
2448 19 X 1831 1
3156 17 X 2448 1
3616 16 X 1 3156
4228 14 X 1 3616
4502 13 X 1 4228
4753 12 X 4502 1
4965 11 X 4802 4753
730 22 X 1 408
1190 21 X 1 730
1777 20 X 1190 1
2399 19 X 1777 1
3130 17 X 2399 1
3599 16 X 1 3130
4280 14 X 3599 1
69 27 X 32 1
68 27 X 30 1
127 26 X 69 68
299 25 X 127 1
334 24 X 1 299
719 22 X 1 334
1179 21 X 1 719
1769 20 X 1179 1173
2391 19 X 1769 1766
2390 19 X 1769 1171
2912 18 X 2391 2390
3349 17 X 2912 1
289 25 X 119 1
705 22 X 1 289
1166 21 X 1 705
1763 20 X 1166 1161
2382 19 X 1763 1
3120 17 X 2382 1
3945 16 X 3349 3120
61 27 X 21 1
116 26 X 61 68
285 25 X 116 1
329 24 X 1 285
716 22 X 1 329
1176 21 X 1 716
121 26 X 64 57
291 25 X 121 1
331 24 X 1 291
718 22 X 1 331
1178 21 X 1 718
1767 20 X 1176 1178
2387 19 X 1767 1766
2386 19 X 1767 1171
2910 18 X 2387 2386
3347 17 X 2910 1
3943 16 X 3347 3120
4202 15 X 3945 3943
1130 21 X 1 265
1730 20 X 1130 1161
2350 19 X 1730 1
3098 17 X 2350 1
3853 16 X 3085 3098
1698 20 X 1 1178
2325 19 X 1698 1
3087 17 X 2325 1
845 22 X 290 265
1282 21 X 1 845
1833 20 X 1282 1161
2450 19 X 1833 1
3158 17 X 2450 1
3856 16 X 3087 3158
4167 15 X 3853 3856
4486 14 X 4202 4167
4693 13 X 4280 4486
117 26 X 62 1
286 25 X 117 1
407 24 X 286 1
556 23 X 1 407
557 23 X 1 408
1017 22 X 556 557
1379 21 X 1 1017
1933 20 X 1379 1
2550 19 X 1933 1
3185 17 X 2550 1
3637 16 X 1 3185
4287 14 X 3637 1
126 26 X 69 1
298 25 X 126 1
333 24 X 1 298
508 23 X 1 333
509 23 X 1 334
961 22 X 508 509
1338 21 X 1 961
501 23 X 1 323
952 22 X 500 501
1330 21 X 1 952
1891 20 X 1338 1330
2508 19 X 1891 1743
2958 18 X 2508 1
3387 17 X 2958 1
497 23 X 1 298
491 23 X 1 289
949 22 X 497 491
1328 21 X 1 949
404 24 X 265 275
555 23 X 1 404
1015 22 X 555 486
1377 21 X 1 1015
1887 20 X 1328 1377
2504 19 X 1887 1
2954 18 X 2504 1
3383 17 X 2954 1
3957 16 X 3387 3383
115 26 X 61 1
284 25 X 115 1
328 24 X 1 284
503 23 X 1 328
504 23 X 1 329
956 22 X 503 504
1334 21 X 1 956
506 23 X 1 331
958 22 X 505 506
1336 21 X 1 958
1889 20 X 1334 1336
2506 19 X 1889 1743
2956 18 X 2506 1
3385 17 X 2956 1
490 23 X 1 284
944 22 X 490 491
1324 21 X 1 944
410 24 X 290 275
558 23 X 1 410
1020 22 X 558 486
1382 21 X 1 1020
1883 20 X 1324 1382
2500 19 X 1883 1
2950 18 X 2500 1
3379 17 X 2950 1
3955 16 X 3385 3379
4209 15 X 3957 3955
755 22 X 1 501
1214 21 X 1 755
1704 20 X 1 1214
2331 19 X 1704 1
2891 18 X 2331 1
3332 17 X 2891 1
1740 20 X 1136 1205
2360 19 X 1740 1
2901 18 X 2360 1
3338 17 X 2901 1
3931 16 X 3332 3338
759 22 X 1 506
1218 21 X 1 759
1705 20 X 1 1218
2332 19 X 1705 1
2892 18 X 2332 1
3333 17 X 2892 1
1326 21 X 1 946
1885 20 X 1326 1205
2502 19 X 1885 1
2952 18 X 2502 1
3381 17 X 2952 1
3933 16 X 3333 3381
4197 15 X 3931 3933
4493 14 X 4209 4197
4699 13 X 4287 4493
4913 12 X 4693 4699
838 22 X 265 1
1276 21 X 1 838
1827 20 X 1276 1
2444 19 X 1827 1
3152 17 X 2444 1
3613 16 X 1 3152
844 22 X 290 1
1281 21 X 1 844
1832 20 X 1281 1
2449 19 X 1832 1
3157 17 X 2449 1
3617 16 X 1 3157
4073 15 X 3613 3617
4258 14 X 1 4073
4522 13 X 1 4258
1016 22 X 556 1
1378 21 X 1 1016
1932 20 X 1378 1
2549 19 X 1932 1
3184 17 X 2549 1
3636 16 X 1 3184
4286 14 X 3636 1
960 22 X 508 1
1337 21 X 1 960
951 22 X 500 1
1329 21 X 1 951
1890 20 X 1337 1329
2507 19 X 1890 1716
2957 18 X 2507 1
3386 17 X 2957 1
948 22 X 497 1
1327 21 X 1 948
1014 22 X 555 1
1376 21 X 1 1014
1886 20 X 1327 1376
2503 19 X 1886 1
2953 18 X 2503 1
3382 17 X 2953 1
3956 16 X 3386 3382
955 22 X 503 1
1333 21 X 1 955
957 22 X 505 1
1335 21 X 1 957
1888 20 X 1333 1335
2505 19 X 1888 1716
2955 18 X 2505 1
3384 17 X 2955 1
943 22 X 490 1
1323 21 X 1 943
1019 22 X 558 1
1381 21 X 1 1019
1882 20 X 1323 1381
2499 19 X 1882 1
2949 18 X 2499 1
3378 17 X 2949 1
3954 16 X 3384 3378
4208 15 X 3956 3954
4492 14 X 4208 4118
4698 13 X 4286 4492
4773 12 X 4522 4698
5037 11 X 4913 4773
770 22 X 1 557
1229 21 X 1 770
1799 20 X 1229 1
2418 19 X 1799 1
3134 17 X 2418 1
3602 16 X 1 3134
4281 14 X 3602 1
760 22 X 1 509
1219 21 X 1 760
1795 20 X 1219 1214
2414 19 X 1795 1792
2927 18 X 2414 1
3364 17 X 2927 1
749 22 X 1 491
1208 21 X 1 749
1788 20 X 1208 1205
2409 19 X 1788 1
2922 18 X 2409 1
3359 17 X 2922 1
3953 16 X 3364 3359
757 22 X 1 504
1216 21 X 1 757
1793 20 X 1216 1218
2412 19 X 1793 1792
2925 18 X 2412 1
3362 17 X 2925 1
3951 16 X 3362 3359
4207 15 X 3953 3951
4491 14 X 4207 4197
4694 13 X 4281 4491
4912 12 X 4693 4694
4772 12 X 4522 4525
5036 11 X 4912 4772
5108 10 X 5037 5036
5145 9 X 4965 5108
2384 19 X 1766 1
3122 17 X 2384 1
3885 16 X 3122 3062
4177 15 X 3885 3909
1279 21 X 1 842
1830 20 X 1279 1164
2447 19 X 1830 1
3155 17 X 2447 1
3851 16 X 3084 3155
4164 15 X 3850 3851
4466 14 X 4177 4164
4639 13 X 1 4466
4860 12 X 4639 1
1278 21 X 1 841
1829 20 X 1278 1
2446 19 X 1829 1
3154 17 X 2446 1
3615 16 X 1 3154
4074 15 X 3616 3615
4259 14 X 1 4074
4523 13 X 1 4259
4774 12 X 4523 1
5008 11 X 4860 4774
712 22 X 1 322
1172 21 X 1 712
1764 20 X 1172 1173
2383 19 X 1764 1
3121 17 X 2383 1
2275 19 X 1161 1
3061 17 X 2275 1
3884 16 X 3121 3061
717 22 X 1 330
1177 21 X 1 717
1768 20 X 1177 1178
2389 19 X 1768 1766
2388 19 X 1768 1171
2911 18 X 2389 2388
3348 17 X 2911 1
1167 21 X 1 706
2277 19 X 1167 1
3063 17 X 2277 1
3944 16 X 3348 3063
4176 15 X 3884 3944
1275 21 X 1 837
1826 20 X 1275 1167
2443 19 X 1826 1
3151 17 X 2443 1
3855 16 X 3087 3151
4166 15 X 3853 3855
4465 14 X 4176 4166
4638 13 X 1 4465
1137 21 X 1 500
1742 20 X 1137 1330
2362 19 X 1742 1
2903 18 X 2362 1
3340 17 X 2903 1
1741 20 X 1136 1377
2361 19 X 1741 1
2902 18 X 2361 1
3339 17 X 2902 1
3937 16 X 3340 3339
1139 21 X 1 505
1744 20 X 1139 1336
2363 19 X 1744 1743
2904 18 X 2363 1
3341 17 X 2904 1
485 23 X 1 264
493 23 X 1 294
941 22 X 485 493
1321 21 X 1 941
403 24 X 264 271
554 23 X 1 403
1013 22 X 554 493
1375 21 X 1 1013
1879 20 X 1321 1375
2496 19 X 1879 1
2946 18 X 2496 1
3375 17 X 2946 1
3938 16 X 3341 3375
4199 15 X 3937 3938
750 22 X 1 493
1209 21 X 1 750
1878 20 X 1321 1209
2495 19 X 1878 1
2945 18 X 2495 1
3374 17 X 2945 1
3932 16 X 3333 3374
4196 15 X 3931 3932
4483 14 X 4199 4196
4648 13 X 1 4483
4858 12 X 4638 4648
1274 21 X 1 835
1825 20 X 1274 1
2442 19 X 1825 1
3150 17 X 2442 1
3612 16 X 1 3150
4072 15 X 3613 3612
4257 14 X 1 4072
4521 13 X 1 4257
2290 19 X 1329 1
2879 18 X 2290 1
3323 17 X 2879 1
1881 20 X 1322 1376
2498 19 X 1881 1
2948 18 X 2498 1
3377 17 X 2948 1
3924 16 X 3323 3377
2291 19 X 1335 1716
2880 18 X 2291 1
3324 17 X 2880 1
940 22 X 485 1
1320 21 X 1 940
1012 22 X 554 1
1374 21 X 1 1012
1877 20 X 1320 1374
2494 19 X 1877 1
2944 18 X 2494 1
3373 17 X 2944 1
3925 16 X 3324 3373
4193 15 X 3924 3925
1876 20 X 1320 1
2493 19 X 1876 1
2943 18 X 2493 1
3372 17 X 2943 1
3717 16 X 1 3372
4117 15 X 3718 3717
4482 14 X 4193 4117
4647 13 X 1 4482
4771 12 X 4521 4647
5006 11 X 4858 4771
1790 20 X 1213 1214
2411 19 X 1790 1
2924 18 X 2411 1
3361 17 X 2924 1
2283 19 X 1205 1
2877 18 X 2283 1
3321 17 X 2877 1
3950 16 X 3361 3321
1217 21 X 1 758
1794 20 X 1217 1218
2413 19 X 1794 1792
2926 18 X 2413 1
3363 17 X 2926 1
2284 19 X 1209 1
2878 18 X 2284 1
3322 17 X 2878 1
3952 16 X 3363 3322
4206 15 X 3950 3952
4490 14 X 4206 4196
4652 13 X 1 4490
4859 12 X 4638 4652
4260 14 X 1 4117
4524 13 X 1 4260
4770 12 X 4521 4524
5007 11 X 4859 4770
5093 10 X 5006 5007
5160 9 X 5008 5093
5209 8 X 5145 5160
5234 7 X 5184 5209
5270 6 X 5244 5234
5290 5 X 5276 5270
248 25 X 84 82
395 24 X 248 1
666 23 X 395 372
1108 22 X 666 1
1417 21 X 1 1108
1980 20 X 1425 1417
2597 19 X 1980 1
3476 16 X 1 2597
4266 14 X 3476 3475
183 25 X 1 102
379 24 X 183 1
865 22 X 379 1
1516 21 X 865 1116
2071 20 X 1516 1
2687 19 X 2071 1
3498 16 X 1 2687
863 22 X 367 1
1513 21 X 863 1116
2068 20 X 1513 1
2684 19 X 2068 1
3496 16 X 1 2684
4025 15 X 3498 3496
4685 13 X 4266 4025
4901 12 X 4685 1
5075 10 X 4901 1
2306 19 X 1437 1
2305 19 X 1436 1
3072 17 X 2306 2305
3583 16 X 1 3072
4274 14 X 3583 3654
86 26 X 24 35
173 25 X 1 86
373 24 X 173 1
864 22 X 373 1
1515 21 X 864 1128
2070 20 X 1515 1
2686 19 X 2070 1
1514 21 X 864 1127
2069 20 X 1514 1
2685 19 X 2069 1
3265 17 X 2686 2685
3679 16 X 1 3265
861 22 X 363 1
1497 21 X 861 1128
2052 20 X 1497 1
2668 19 X 2052 1
1496 21 X 861 1127
2051 20 X 1496 1
2667 19 X 2051 1
3258 17 X 2668 2667
3675 16 X 1 3258
4097 15 X 3679 3675
4690 13 X 4274 4097
4909 12 X 4690 1
3438 16 X 1 2305
4263 14 X 3438 3482
3497 16 X 1 2685
3489 16 X 1 2667
4024 15 X 3497 3489
4683 13 X 4263 4024
4899 12 X 4683 1
5033 11 X 4909 4899
5107 10 X 5033 1
5193 8 X 5075 5107
5241 7 X 5193 1
876 22 X 407 1
1299 21 X 1 876
1854 20 X 1300 1299
2471 19 X 1854 1
3168 17 X 2471 1
3622 16 X 1 3168
4284 14 X 3622 3621
4697 13 X 4284 3621
4917 12 X 4697 1
1018 22 X 557 1
1380 21 X 1 1018
1934 20 X 1380 1
2551 19 X 1934 1
3186 17 X 2551 1
3638 16 X 1 3186
4288 14 X 3638 1
2981 18 X 2551 1
3399 17 X 2981 1
3725 16 X 1 3399
559 23 X 1 411
1021 22 X 559 1
1383 21 X 1 1021
1936 20 X 1383 1
2553 19 X 1936 1
2983 18 X 2553 1
3401 17 X 2983 1
3727 16 X 1 3401
4295 14 X 3725 3727
4700 13 X 4288 4295
4918 12 X 4697 4700
5076 10 X 4917 4918
5139 9 X 4917 5076
2268 19 X 1135 1
3056 17 X 2268 1
3576 16 X 1 3056
4269 14 X 3576 3591
1737 20 X 1135 1
2357 19 X 1737 1
3105 17 X 2357 1
3590 16 X 1 3105
4686 13 X 4269 3590
4902 12 X 4686 1
2289 19 X 1301 1
3068 17 X 2289 1
3579 16 X 1 3068
4272 14 X 3579 3624
4689 13 X 4272 3624
4907 12 X 4689 1
5028 11 X 4902 4907
1144 21 X 1 559
1752 20 X 1144 1
2371 19 X 1752 1
2908 18 X 2371 1
3345 17 X 2908 1
3710 16 X 1 3345
4494 13 X 1 3710
4903 12 X 4686 4494
4495 13 X 1 3727
4908 12 X 4689 4495
5029 11 X 4903 4908
5104 10 X 5028 5029
5164 9 X 5028 5104
5206 8 X 5139 5164
5250 7 X 5206 1
5268 6 X 5241 5250
1499 21 X 863 1
2054 20 X 1499 1
2670 19 X 2054 1
3491 16 X 1 2670
4267 14 X 3491 1
4528 13 X 1 4267
4777 12 X 4528 1
5069 10 X 4777 1
184 25 X 1 103
380 24 X 184 1
538 23 X 1 380
993 22 X 538 1
1605 21 X 993 1
1726 20 X 1 1605
2348 19 X 1726 1
2898 18 X 2348 1
3536 16 X 1 2898
3971 15 X 1 3536
4341 14 X 3971 1
4565 13 X 1 4341
4778 12 X 4528 4565
5070 10 X 4778 1
5169 9 X 5069 5070
176 25 X 1 91
376 24 X 176 1
534 23 X 1 376
987 22 X 534 1
1602 21 X 987 1
1725 20 X 1 1602
2347 19 X 1725 1
2897 18 X 2347 1
3535 16 X 1 2897
3970 15 X 1 3535
4340 14 X 3970 1
4564 13 X 1 4340
4740 12 X 1 4564
5067 10 X 4740 1
5131 9 X 1 5067
5218 8 X 5169 5131
250 25 X 85 30
397 24 X 250 1
668 23 X 397 361
288 25 X 118 70
409 24 X 288 1
679 23 X 409 370
1111 22 X 668 679
1420 21 X 1 1111
1974 20 X 1420 1
2591 19 X 1974 1
1110 22 X 668 1
1419 21 X 1 1110
1973 20 X 1419 1
2590 19 X 1973 1
3204 17 X 2591 2590
3648 16 X 1 3204
4290 14 X 3648 1
1508 21 X 863 1111
253 25 X 90 1
399 24 X 253 1
672 23 X 399 1
681 23 X 411 1
1118 22 X 672 681
1427 21 X 1 1118
2063 20 X 1508 1427
2679 19 X 2063 1
1507 21 X 863 1110
1117 22 X 672 1
1426 21 X 1 1117
2062 20 X 1507 1426
2678 19 X 2062 1
3262 17 X 2679 2678
3676 16 X 1 3262
807 22 X 1 681
1255 21 X 1 807
1982 20 X 1427 1255
2599 19 X 1982 1
1981 20 X 1426 1
2598 19 X 1981 1
3207 17 X 2599 2598
3651 16 X 1 3207
4291 14 X 3676 3651
4702 13 X 4290 4291
4919 12 X 4702 1
3472 16 X 1 2590
4265 14 X 3472 1
3493 16 X 1 2678
3477 16 X 1 2598
4268 14 X 3493 3477
4684 13 X 4265 4268
4900 12 X 4684 1
5039 11 X 4919 4900
5110 10 X 5039 1
93 26 X 31 30
178 25 X 1 93
378 24 X 178 1
670 23 X 397 378
680 23 X 409 381
1115 22 X 670 680
1424 21 X 1 1115
1978 20 X 1424 1
2595 19 X 1978 1
1114 22 X 670 1
1423 21 X 1 1114
1977 20 X 1423 1
2594 19 X 1977 1
3206 17 X 2595 2594
3650 16 X 1 3206
669 23 X 397 372
1113 22 X 669 680
1422 21 X 1 1113
1976 20 X 1422 1
2593 19 X 1976 1
1112 22 X 669 1
1421 21 X 1 1112
1975 20 X 1421 1
2592 19 X 1975 1
3205 17 X 2593 2592
3649 16 X 1 3205
4085 15 X 3650 3649
4412 14 X 4085 1
1512 21 X 863 1115
175 25 X 1 90
375 24 X 175 1
675 23 X 399 375
684 23 X 411 382
1124 22 X 675 684
1433 21 X 1 1124
2067 20 X 1512 1433
2683 19 X 2067 1
1511 21 X 863 1114
1123 22 X 675 1
1432 21 X 1 1123
2066 20 X 1511 1432
2682 19 X 2066 1
3264 17 X 2683 2682
3678 16 X 1 3264
1510 21 X 863 1113
674 23 X 399 374
1122 22 X 674 684
1431 21 X 1 1122
2065 20 X 1510 1431
2681 19 X 2065 1
1509 21 X 863 1112
1121 22 X 674 1
1430 21 X 1 1121
2064 20 X 1509 1430
2680 19 X 2064 1
3263 17 X 2681 2680
3677 16 X 1 3263
4096 15 X 3678 3677
810 22 X 1 684
1258 21 X 1 810
1988 20 X 1433 1258
2605 19 X 1988 1
1987 20 X 1432 1
2604 19 X 1987 1
3210 17 X 2605 2604
3653 16 X 1 3210
1986 20 X 1431 1258
2603 19 X 1986 1
1985 20 X 1430 1
2602 19 X 1985 1
3209 17 X 2603 2602
3652 16 X 1 3209
4086 15 X 3653 3652
4413 14 X 4096 4086
4728 13 X 4412 4413
536 23 X 1 378
991 22 X 536 539
1356 21 X 1 991
1909 20 X 1356 1
2526 19 X 1909 1
990 22 X 536 1
1355 21 X 1 990
1908 20 X 1355 1
2525 19 X 1908 1
3176 17 X 2526 2525
3630 16 X 1 3176
550 23 X 1 398
1008 22 X 550 519
1371 21 X 1 1008
1929 20 X 1371 1
2546 19 X 1929 1
1007 22 X 550 1
1370 21 X 1 1007
1928 20 X 1370 1
2545 19 X 1928 1
3183 17 X 2546 2545
3635 16 X 1 3183
4077 15 X 3630 3635
4408 14 X 4077 1
1601 21 X 982 991
533 23 X 1 375
540 23 X 1 382
986 22 X 533 540
1352 21 X 1 986
2152 20 X 1601 1352
2764 19 X 2152 1
3034 18 X 2764 1
1600 21 X 982 990
985 22 X 533 1
1351 21 X 1 985
2151 20 X 1600 1351
2763 19 X 2151 1
3033 18 X 2763 1
3429 17 X 3034 3033
3747 16 X 1 3429
537 23 X 1 379
992 22 X 537 1
1604 21 X 992 1008
552 23 X 1 400
520 23 X 1 355
1010 22 X 552 520
1607 21 X 993 1010
2155 20 X 1604 1607
2767 19 X 2155 1
3037 18 X 2767 1
1603 21 X 992 1007
1009 22 X 552 1
1606 21 X 993 1009
2154 20 X 1603 1606
2766 19 X 2154 1
3036 18 X 2766 1
3430 17 X 3037 3036
3748 16 X 1 3430
4127 15 X 3747 3748
766 22 X 1 540
1225 21 X 1 766
1905 20 X 1352 1225
2522 19 X 1905 1
2968 18 X 2522 1
1904 20 X 1351 1
2521 19 X 1904 1
2967 18 X 2521 1
3393 17 X 2968 2967
3723 16 X 1 3393
762 22 X 1 520
1221 21 X 1 762
2158 20 X 1607 1221
2770 19 X 2158 1
3040 18 X 2770 1
2157 20 X 1606 1
2769 19 X 2157 1
3039 18 X 2769 1
3431 17 X 3040 3039
3749 16 X 1 3431
4123 15 X 3723 3749
4422 14 X 4127 4123
4725 13 X 4408 4422
4944 12 X 4728 4725
3474 16 X 1 2594
3473 16 X 1 2592
4018 15 X 3474 3473
4378 14 X 4018 1
3495 16 X 1 2682
3494 16 X 1 2680
4023 15 X 3495 3494
3480 16 X 1 2604
3479 16 X 1 2602
4020 15 X 3480 3479
4379 14 X 4023 4020
4720 13 X 4378 4379
3456 16 X 1 2525
3460 16 X 1 2545
4009 15 X 3456 3460
4373 14 X 4009 1
3571 16 X 1 3033
3573 16 X 1 3036
4062 15 X 3571 3573
3548 16 X 1 2967
3575 16 X 1 3039
4057 15 X 3548 3575
4396 14 X 4062 4057
4716 13 X 4373 4396
4940 12 X 4720 4716
5051 11 X 4944 4940
5114 10 X 5051 1
5180 9 X 5110 5114
2300 19 X 1427 1
2299 19 X 1426 1
3069 17 X 2300 2299
3580 16 X 1 3069
4273 14 X 3580 3651
4531 13 X 1 4273
4784 12 X 4531 1
3435 16 X 1 2299
4262 14 X 3435 3477
4526 13 X 1 4262
4775 12 X 4526 1
4954 11 X 4784 4775
5079 10 X 4954 1
2304 19 X 1433 1
2303 19 X 1432 1
3071 17 X 2304 2303
3582 16 X 1 3071
2302 19 X 1431 1
2301 19 X 1430 1
3070 17 X 2302 2301
3581 16 X 1 3070
4063 15 X 3582 3581
4397 14 X 4063 4086
4604 13 X 1 4397
2293 19 X 1352 1
2882 18 X 2293 1
2292 19 X 1351 1
2881 18 X 2292 1
3325 17 X 2882 2881
3705 16 X 1 3325
2310 19 X 1607 1
2888 18 X 2310 1
2309 19 X 1606 1
2887 18 X 2309 1
3329 17 X 2888 2887
3707 16 X 1 3329
4109 15 X 3705 3707
4415 14 X 4109 4123
4613 13 X 1 4415
4831 12 X 4604 4613
3437 16 X 1 2303
3436 16 X 1 2301
4001 15 X 3437 3436
4370 14 X 4001 4020
4589 13 X 1 4370
3531 16 X 1 2881
3532 16 X 1 2887
4043 15 X 3531 3532
4386 14 X 4043 4057
4596 13 X 1 4386
4818 12 X 4589 4596
4986 11 X 4831 4818
5087 10 X 4986 1
5171 9 X 5079 5087
5223 8 X 5180 5171
5254 7 X 5218 5223
1134 21 X 1 408
1735 20 X 1134 1
2355 19 X 1735 1
3103 17 X 2355 1
3588 16 X 1 3103
4277 14 X 3588 1
1736 20 X 1134 1135
2356 19 X 1736 1
3104 17 X 2356 1
3589 16 X 1 3104
4278 14 X 3589 3591
4691 13 X 4277 4278
4910 12 X 4691 1
4283 14 X 3621 1
1855 20 X 1300 1301
2472 19 X 1855 1
3169 17 X 2472 1
3623 16 X 1 3169
4285 14 X 3623 3624
4696 13 X 4283 4285
4915 12 X 4696 1
5034 11 X 4910 4915
1143 21 X 1 557
1750 20 X 1143 1
2369 19 X 1750 1
3110 17 X 2369 1
3594 16 X 1 3110
4279 14 X 3594 1
1751 20 X 1143 1144
2370 19 X 1751 1
2907 18 X 2370 1
3344 17 X 2907 1
3709 16 X 1 3344
771 22 X 1 559
1230 21 X 1 771
1753 20 X 1144 1230
2372 19 X 1753 1
2909 18 X 2372 1
3346 17 X 2909 1
3711 16 X 1 3346
4294 14 X 3709 3711
4692 13 X 4279 4294
4911 12 X 4691 4692
1935 20 X 1380 1383
2552 19 X 1935 1
2982 18 X 2552 1
3400 17 X 2982 1
3726 16 X 1 3400
4296 14 X 3726 3727
4701 13 X 4288 4296
4916 12 X 4696 4701
5035 11 X 4911 4916
5165 9 X 5034 5035
4529 13 X 1 4269
4780 12 X 4529 1
4530 13 X 1 4272
4782 12 X 4530 1
4952 11 X 4780 4782
2270 19 X 1144 1
2873 18 X 2270 1
3317 17 X 2873 1
3703 16 X 1 3317
4292 14 X 3703 3711
4535 13 X 1 4292
4781 12 X 4529 4535
2296 19 X 1383 1
2884 18 X 2296 1
3326 17 X 2884 1
3706 16 X 1 3326
4293 14 X 3706 3727
4536 13 X 1 4293
4783 12 X 4530 4536
4953 11 X 4781 4783
5141 9 X 4952 4953
5215 8 X 5165 5141
5230 7 X 1 5215
5274 6 X 5254 5230
5286 5 X 5268 5274
5298 4 X 5290 5286
5303 3 X 5295 5298
192 25 X 6 1
692 22 X 1 192
1153 21 X 1 692
1689 20 X 1 1153
2315 19 X 1689 1690
3077 17 X 2315 1
266 25 X 107 50
701 22 X 1 266
1162 21 X 1 701
1694 20 X 1 1162
2320 19 X 1694 1
3082 17 X 2320 1
3842 16 X 3077 3082
76 26 X 6 15
239 25 X 76 1
698 22 X 1 239
1159 21 X 1 698
1691 20 X 1 1159
2317 19 X 1691 1
3079 17 X 2317 1
702 22 X 1 267
1163 21 X 1 702
1695 20 X 1 1163
2321 19 X 1695 1
3083 17 X 2321 1
3846 16 X 3079 3083
4320 14 X 3842 3846
4548 13 X 1 4320
4800 12 X 4548 1
4963 11 X 4800 1
5059 10 X 1 4963
5123 9 X 1 5059
2314 19 X 1689 1
3076 17 X 2314 1
3841 16 X 3076 3082
4159 15 X 3841 3842
4456 14 X 4159 3846
4636 13 X 1 4456
4856 12 X 4636 1
5004 11 X 4856 1
5063 10 X 1 5004
5127 9 X 1 5063
5197 8 X 5123 5127
5228 7 X 1 5197
5262 6 X 1 5228
5282 5 X 1 5262
208 25 X 27 1
387 24 X 208 1
1133 21 X 1 387
1686 20 X 1 1133
2311 19 X 1686 1
870 22 X 387 1
1293 21 X 1 870
1713 20 X 1 1293
2340 19 X 1713 1
3073 17 X 2311 2340
293 25 X 122 65
412 24 X 293 1
685 23 X 411 412
811 22 X 1 685
1259 21 X 1 811
1711 20 X 1 1259
2338 19 X 1711 1
3095 17 X 2338 1
3839 16 X 3073 3095
727 22 X 1 399
1187 21 X 1 727
1700 20 X 1 1187
2327 19 X 1700 1
3089 17 X 2327 1
682 23 X 411 355
808 22 X 1 682
1256 21 X 1 808
1710 20 X 1 1256
2337 19 X 1710 1
3094 17 X 2337 1
3858 16 X 3089 3094
4318 14 X 3839 3858
4547 13 X 1 4318
4799 12 X 4547 1
3764 16 X 2340 1
4300 14 X 3764 1
4538 13 X 1 4300
4789 12 X 4538 1
4962 11 X 4799 4789
5058 10 X 1 4962
5122 9 X 1 5058
5225 7 X 1 5122
5259 6 X 1 5225
5279 5 X 1 5259
5294 4 X 5282 5279
617 23 X 257 1
1070 22 X 617 1
1667 21 X 1070 1
2217 20 X 1667 1
2794 19 X 2179 1
3751 16 X 2217 2794
610 23 X 215 1
1065 22 X 610 1
1659 21 X 1065 1
2209 20 X 1659 1
3750 16 X 2209 2660
4128 15 X 3751 3750
135 25 X 1 12
570 23 X 12 135
1031 22 X 570 1
1632 21 X 1037 1031
2180 20 X 1632 1
2795 19 X 2180 1
3516 16 X 1 2795
335 24 X 12 194
850 22 X 335 1
1490 21 X 854 850
2045 20 X 1490 1
2661 19 X 2045 1
3485 16 X 1 2661
4033 15 X 3516 3485
4423 14 X 4128 4033
4617 13 X 1 4423
4839 12 X 4617 1
2834 19 X 2217 1
3797 16 X 2834 2794
2825 19 X 2209 1
3791 16 X 2825 2660
4145 15 X 3797 3791
4442 14 X 4145 4033
4627 13 X 1 4442
4849 12 X 4627 1
4994 11 X 4839 4849
204 25 X 22 20
384 24 X 204 1
140 25 X 1 20
356 24 X 140 1
647 23 X 384 356
1084 22 X 647 1
1393 21 X 1 1084
1946 20 X 1393 1
2563 19 X 1946 1
3465 16 X 1 2563
4217 14 X 1 3465
616 23 X 255 1
1069 22 X 616 1
1666 21 X 1069 1
2216 20 X 1666 1
2833 19 X 2216 2217
148 25 X 1 36
573 23 X 36 148
1035 22 X 573 1
1626 21 X 1035 1
2174 20 X 1626 1
2789 19 X 2174 1
3796 16 X 2833 2789
609 23 X 214 1
1064 22 X 609 1
1658 21 X 1064 1
2208 20 X 1658 1
2824 19 X 2208 2209
3790 16 X 2824 2791
4144 15 X 3796 3790
129 25 X 1 2
564 23 X 2 129
1023 22 X 564 1
1627 21 X 1035 1023
2175 20 X 1627 1
2790 19 X 2175 1
3513 16 X 1 2790
195 25 X 12 2
565 23 X 2 195
1024 22 X 565 1
1629 21 X 1036 1024
2177 20 X 1629 1
2792 19 X 2177 1
3514 16 X 1 2792
4032 15 X 3513 3514
4441 14 X 4144 4032
4665 13 X 4217 4441
1546 21 X 919 1
2103 20 X 1546 1
2718 19 X 2103 1
3006 18 X 2718 1
3562 16 X 1 3006
425 23 X 1 44
894 22 X 425 1
1528 21 X 894 1
2083 20 X 1528 1
2698 19 X 2083 1
2992 18 X 2698 1
3554 16 X 1 2992
4058 15 X 3562 3554
132 25 X 1 6
446 23 X 1 132
909 22 X 446 1
1313 21 X 1 909
1868 20 X 1313 1
2485 19 X 1868 1
2937 18 X 2485 1
3542 16 X 1 2937
426 23 X 1 45
895 22 X 426 1
420 23 X 1 26
888 22 X 420 1
1530 21 X 895 888
2085 20 X 1530 1
2700 19 X 2085 1
2994 18 X 2700 1
3555 16 X 1 2994
4049 15 X 3542 3555
4390 14 X 4058 4049
4600 13 X 1 4390
4878 12 X 4665 4600
2832 19 X 2216 1
3795 16 X 2832 2789
2823 19 X 2208 1
3789 16 X 2823 2791
4143 15 X 3795 3789
4440 14 X 4143 4032
4664 13 X 4217 4440
4877 12 X 4664 4600
5016 11 X 4878 4877
4626 13 X 1 4441
4848 12 X 4626 4600
4625 13 X 1 4440
4847 12 X 4625 4600
4999 11 X 4848 4847
5097 10 X 5016 4999
5156 9 X 4994 5097
614 23 X 242 1
1068 22 X 614 1
1665 21 X 1068 788
2215 20 X 1665 1
2831 19 X 2215 1
1664 21 X 1068 1
2214 20 X 1664 1
2830 19 X 2214 1
3300 17 X 2831 2830
136 25 X 1 13
571 23 X 13 136
1032 22 X 571 1
580 23 X 57 158
776 22 X 1 580
1623 21 X 1032 776
2171 20 X 1623 1
2786 19 X 2171 2179
1622 21 X 1032 1
2170 20 X 1622 1
2785 19 X 2170 2179
3289 17 X 2786 2785
3903 16 X 3300 3289
607 23 X 200 1
1063 22 X 607 1
1657 21 X 1063 788
2207 20 X 1657 1
1656 21 X 1063 1
2206 20 X 1656 1
3047 17 X 2207 2206
282 25 X 113 1
353 24 X 113 282
724 22 X 1 353
1484 21 X 853 724
2039 20 X 1484 1
2655 19 X 2039 2044
3253 17 X 2655 2653
3821 16 X 3047 3253
4187 15 X 3903 3821
137 25 X 1 14
572 23 X 14 137
1034 22 X 572 580
1625 21 X 1032 1034
2173 20 X 1625 1
2788 19 X 2173 1
1033 22 X 572 1
1624 21 X 1032 1033
2172 20 X 1624 1
2787 19 X 2172 1
3290 17 X 2788 2787
3700 16 X 1 3290
336 24 X 14 196
852 22 X 336 353
1486 21 X 853 852
2041 20 X 1486 1
2657 19 X 2041 1
851 22 X 336 1
1485 21 X 853 851
2040 20 X 1485 1
2656 19 X 2040 1
3254 17 X 2657 2656
3671 16 X 1 3254
4105 15 X 3700 3671
4476 14 X 4187 4105
4643 13 X 1 4476
4864 12 X 4643 1
2784 19 X 2170 1
3794 16 X 2830 2784
2822 19 X 2206 1
3788 16 X 2822 2652
4142 15 X 3794 3788
3512 16 X 1 2787
3483 16 X 1 2656
4031 15 X 3512 3483
4439 14 X 4142 4031
4624 13 X 1 4439
4846 12 X 4624 1
5011 11 X 4864 4846
653 23 X 387 1
806 22 X 1 653
1254 21 X 1 806
2286 19 X 1254 1
3067 17 X 2286 1
342 24 X 65 1
162 25 X 1 65
369 24 X 162 1
643 23 X 342 369
802 22 X 1 643
1250 21 X 1 802
686 23 X 412 369
812 22 X 1 686
1260 21 X 1 812
1809 20 X 1250 1260
2426 19 X 1809 1
3142 17 X 2426 1
3838 16 X 3067 3142
1709 20 X 1 1254
2336 19 X 1709 1
3093 17 X 2336 1
209 25 X 27 25
388 24 X 209 1
142 25 X 1 25
358 24 X 142 1
658 23 X 388 358
1106 22 X 658 643
1415 21 X 1 1106
1970 20 X 1415 1260
2587 19 X 1970 1
1105 22 X 658 1
1414 21 X 1 1105
1969 20 X 1414 1
2586 19 X 1969 1
3203 17 X 2587 2586
3864 16 X 3093 3203
4317 14 X 3838 3864
612 23 X 237 1
1067 22 X 612 1
613 23 X 238 1
787 22 X 1 613
1663 21 X 1067 787
2213 20 X 1663 1
2829 19 X 2213 1
1662 21 X 1067 1
2212 20 X 1662 1
2828 19 X 2212 1
3299 17 X 2829 2828
130 25 X 1 4
566 23 X 4 130
1025 22 X 566 1
156 25 X 1 50
579 23 X 50 156
775 22 X 1 579
1612 21 X 1025 775
2160 20 X 1612 1
2773 19 X 2160 2179
1611 21 X 1025 1
2159 20 X 1611 1
2772 19 X 2159 2179
3283 17 X 2773 2772
3902 16 X 3299 3283
605 23 X 193 1
1062 22 X 605 1
1655 21 X 1062 787
2205 20 X 1655 1
2821 19 X 2205 2207
1654 21 X 1062 1
2204 20 X 1654 1
2820 19 X 2204 2206
3297 17 X 2821 2820
225 25 X 56 66
583 23 X 66 225
779 22 X 1 583
1616 21 X 1030 779
2164 20 X 1616 1
2778 19 X 2164 1993
3285 17 X 2778 2777
3899 16 X 3297 3285
4186 15 X 3902 3899
131 25 X 1 5
567 23 X 5 131
1027 22 X 567 579
1614 21 X 1025 1027
2162 20 X 1614 1
2775 19 X 2162 1
1026 22 X 567 1
1613 21 X 1025 1026
2161 20 X 1613 1
2774 19 X 2161 1
3284 17 X 2775 2774
3697 16 X 1 3284
197 25 X 14 5
568 23 X 5 197
1029 22 X 568 583
1619 21 X 1030 1029
2167 20 X 1619 1
2781 19 X 2167 1
1028 22 X 568 1
1618 21 X 1030 1028
2166 20 X 1618 1
2780 19 X 2166 1
3287 17 X 2781 2780
3698 16 X 1 3287
4104 15 X 3697 3698
4475 14 X 4186 4104
4709 13 X 4317 4475
454 23 X 1 156
736 22 X 1 454
1196 21 X 1 736
1782 20 X 1196 1
2404 19 X 1782 1
2917 18 X 2404 1
3354 17 X 2917 1
3712 16 X 1 3354
421 23 X 1 29
890 22 X 421 1
427 23 X 1 50
733 22 X 1 427
1520 21 X 890 733
2075 20 X 1520 1
2691 19 X 2075 1
2986 18 X 2691 1
1519 21 X 890 1
2074 20 X 1519 1
2690 19 X 2074 1
2985 18 X 2690 1
3403 17 X 2986 2985
3728 16 X 1 3403
4111 15 X 3712 3728
910 22 X 446 454
1314 21 X 1 910
1869 20 X 1314 1
2486 19 X 1869 1
2938 18 X 2486 1
3369 17 X 2938 2937
3714 16 X 1 3369
889 22 X 420 427
1522 21 X 890 889
2077 20 X 1522 1
2693 19 X 2077 1
2988 18 X 2693 1
1521 21 X 890 888
2076 20 X 1521 1
2692 19 X 2076 1
2987 18 X 2692 1
3404 17 X 2988 2987
3729 16 X 1 3404
4113 15 X 3714 3729
4416 14 X 4111 4113
4614 13 X 1 4416
4931 12 X 4709 4614
3471 16 X 1 2586
4218 14 X 1 3471
2771 19 X 2159 1
3793 16 X 2828 2771
2819 19 X 2204 1
3787 16 X 2819 2776
4141 15 X 3793 3787
3509 16 X 1 2774
3510 16 X 1 2780
4030 15 X 3509 3510
4438 14 X 4141 4030
4666 13 X 4218 4438
3551 16 X 1 2985
3972 15 X 1 3551
3552 16 X 1 2987
4048 15 X 3542 3552
4343 14 X 3972 4048
4567 13 X 1 4343
4879 12 X 4666 4567
5045 11 X 4931 4879
1712 20 X 1 1260
2339 19 X 1712 1
3096 17 X 2339 1
3863 16 X 3093 3096
4653 13 X 3863 4475
4866 12 X 4653 4614
4623 13 X 1 4438
4845 12 X 4623 4567
5013 11 X 4866 4845
5113 10 X 5045 5013
5163 9 X 5011 5113
5212 8 X 5156 5163
5252 7 X 5212 1
817 22 X 12 1
1263 21 X 1 817
1814 20 X 1263 1
2431 19 X 1814 1
3440 16 X 1 2431
1283 21 X 1 850
1834 20 X 1283 1
2451 19 X 1834 1
3445 16 X 1 2451
4002 15 X 3440 3445
4242 14 X 1 4002
4506 13 X 1 4242
4757 12 X 4506 1
867 22 X 384 1
1290 21 X 1 867
1842 20 X 1290 1
2459 19 X 1842 1
3448 16 X 1 2459
4211 14 X 1 3448
813 22 X 2 1
1261 21 X 1 813
1812 20 X 1261 1
2429 19 X 1812 1
3439 16 X 1 2429
4210 14 X 1 3439
4654 13 X 4211 4210
416 23 X 1 6
879 22 X 416 1
1302 21 X 1 879
1857 20 X 1302 1
2474 19 X 1857 1
2928 18 X 2474 1
3537 16 X 1 2928
1306 21 X 1 888
1861 20 X 1306 1
2478 19 X 1861 1
2930 18 X 2478 1
3538 16 X 1 2930
4044 15 X 3537 3538
4254 14 X 1 4044
4518 13 X 1 4254
4867 12 X 4654 4518
5137 9 X 4757 4867
223 25 X 55 1
831 22 X 223 1
1454 21 X 831 693
2009 20 X 1454 1
2625 19 X 2009 1
3228 17 X 2625 1
688 22 X 1 57
1453 21 X 831 688
2008 20 X 1453 1
2624 19 X 2008 1
3227 17 X 2624 1
3892 16 X 3228 3227
1458 21 X 832 693
2013 20 X 1458 1
3046 17 X 2013 1
1460 21 X 832 724
2015 20 X 1460 1
2630 19 X 2015 1
3233 17 X 2630 1
3820 16 X 3046 3233
4180 15 X 3892 3820
819 22 X 14 57
1456 21 X 831 819
2011 20 X 1456 1
2627 19 X 2011 1
818 22 X 14 1
1264 21 X 1 818
1815 20 X 1264 1
2432 19 X 1815 1
3230 17 X 2627 2432
3662 16 X 1 3230
1464 21 X 832 852
2019 20 X 1464 1
2634 19 X 2019 1
1284 21 X 1 851
1835 20 X 1284 1
2452 19 X 1835 1
3237 17 X 2634 2452
3666 16 X 1 3237
4090 15 X 3662 3666
4469 14 X 4180 4090
4640 13 X 1 4469
4861 12 X 4640 1
1452 21 X 831 1
2007 20 X 1452 1
2623 19 X 2007 1
3226 17 X 2623 1
3999 15 X 3226 3231
1455 21 X 831 818
2010 20 X 1455 1
2626 19 X 2010 1
3229 17 X 2626 2432
3661 16 X 1 3229
1463 21 X 832 851
2018 20 X 1463 1
2633 19 X 2018 1
3236 17 X 2633 2452
3665 16 X 1 3236
4089 15 X 3661 3665
4367 14 X 3999 4089
4587 13 X 1 4367
4816 12 X 4587 1
5009 11 X 4861 4816
726 22 X 1 387
1186 21 X 1 726
2278 19 X 1186 1
3064 17 X 2278 1
722 22 X 1 342
1182 21 X 1 722
732 22 X 1 412
1192 21 X 1 732
1772 20 X 1182 1192
2394 19 X 1772 1
3125 17 X 2394 1
3837 16 X 3064 3125
1699 20 X 1 1186
2326 19 X 1699 1
3088 17 X 2326 1
873 22 X 388 342
1296 21 X 1 873
1850 20 X 1296 1192
2467 19 X 1850 1
872 22 X 388 1
1295 21 X 1 872
1848 20 X 1295 1
2465 19 X 1848 1
3165 17 X 2467 2465
3857 16 X 3088 3165
4316 14 X 3837 3857
218 25 X 48 1
829 22 X 218 1
191 25 X 5 1
691 22 X 1 191
1441 21 X 829 691
1996 20 X 1441 1
2612 19 X 1996 1
3215 17 X 2612 1
687 22 X 1 50
1440 21 X 829 687
1995 20 X 1440 1
2611 19 X 1995 1
3214 17 X 2611 1
3890 16 X 3215 3214
1446 21 X 830 691
2001 20 X 1446 1
2617 19 X 2001 2013
3220 17 X 2617 1
690 22 X 1 66
1445 21 X 830 690
2000 20 X 1445 1
2616 19 X 2000 1
3219 17 X 2616 1
3891 16 X 3220 3219
4179 15 X 3890 3891
815 22 X 5 50
1443 21 X 829 815
1998 20 X 1443 1
2614 19 X 1998 1
814 22 X 5 1
1262 21 X 1 814
1813 20 X 1262 1
2430 19 X 1813 1
3217 17 X 2614 2430
3656 16 X 1 3217
816 22 X 5 66
1449 21 X 830 816
2004 20 X 1449 1
2620 19 X 2004 1
3223 17 X 2620 2430
3658 16 X 1 3223
4088 15 X 3656 3658
4468 14 X 4179 4088
4708 13 X 4316 4468
463 23 X 1 192
739 22 X 1 463
1198 21 X 1 739
1783 20 X 1198 1
2405 19 X 1783 1
2918 18 X 2405 1
3355 17 X 2918 1
1193 21 X 1 733
1778 20 X 1193 1
2400 19 X 1778 1
2913 18 X 2400 1
3350 17 X 2913 1
3946 16 X 3355 3350
234 25 X 67 1
478 23 X 1 234
936 22 X 478 1
207 25 X 26 1
468 23 X 1 207
742 22 X 1 468
1568 21 X 936 742
2125 20 X 1568 1
2739 19 X 2125 1784
3012 18 X 2739 1
3415 17 X 3012 1
1567 21 X 936 733
2124 20 X 1567 1
2738 19 X 2124 1
3011 18 X 2738 1
3414 17 X 3011 1
3959 16 X 3415 3414
4203 15 X 3946 3959
880 22 X 416 427
1303 21 X 1 880
1858 20 X 1303 1
2475 19 X 1858 1
2929 18 X 2475 1
3365 17 X 2929 2928
3713 16 X 1 3365
1570 21 X 936 889
2127 20 X 1570 1
2741 19 X 2127 1
3014 18 X 2741 1
3417 17 X 3014 2930
3739 16 X 1 3417
4112 15 X 3713 3739
4487 14 X 4203 4112
4650 13 X 1 4487
4930 12 X 4708 4650
3449 16 X 1 2465
4212 14 X 1 3449
1439 21 X 829 1
1994 20 X 1439 1
2610 19 X 1994 1
3213 17 X 2610 1
3998 15 X 3213 3218
1442 21 X 829 814
1997 20 X 1442 1
2613 19 X 1997 1
3216 17 X 2613 2430
3655 16 X 1 3216
1448 21 X 830 814
2003 20 X 1448 1
2619 19 X 2003 1
3222 17 X 2619 2430
3657 16 X 1 3222
4087 15 X 3655 3657
4366 14 X 3998 4087
4655 13 X 4212 4366
1566 21 X 936 1
2123 20 X 1566 1
2737 19 X 2123 1
3010 18 X 2737 1
3413 17 X 3010 1
3962 15 X 1 3413
1569 21 X 936 888
2126 20 X 1569 1
2740 19 X 2126 1
3013 18 X 2740 1
3416 17 X 3013 2930
3738 16 X 1 3416
4045 15 X 3537 3738
4332 14 X 3962 4045
4556 13 X 1 4332
4868 12 X 4655 4556
5044 11 X 4930 4868
5161 9 X 5009 5044
5204 8 X 5137 5161
5248 7 X 5204 1
5272 6 X 5252 5248
611 23 X 217 1
1066 22 X 611 1
1660 21 X 1066 1
2210 20 X 1660 1
2826 19 X 2210 1
3792 16 X 2826 2796
4306 14 X 3792 1
4539 13 X 1 4306
1537 21 X 908 1
2094 20 X 1537 1
2709 19 X 2094 1
3003 18 X 2709 1
3560 16 X 1 3003
3975 15 X 1 3560
4389 14 X 4058 3975
4599 13 X 1 4389
4790 12 X 4539 4599
5118 9 X 1 4790
437 23 X 1 91
904 22 X 437 1
1531 21 X 904 1
2086 20 X 1531 1
2701 19 X 2086 1
2995 18 X 2701 1
3556 16 X 1 2995
3974 15 X 1 3556
4342 14 X 3972 3974
4566 13 X 1 4342
4741 12 X 1 4566
5115 9 X 1 4741
5194 8 X 5118 5115
1235 21 X 1 776
1801 20 X 1235 1245
2420 19 X 1801 1
3136 17 X 2420 1
3604 16 X 1 3136
340 24 X 57 226
720 22 X 1 340
1180 21 X 1 720
1770 20 X 1180 1188
2392 19 X 1770 1
3123 17 X 2392 1
3595 16 X 1 3123
4066 15 X 3604 3595
4400 14 X 4066 4081
4606 13 X 1 4400
4833 12 X 4606 1
4988 11 X 4833 4765
341 24 X 62 1
160 25 X 1 62
368 24 X 160 1
642 23 X 341 368
801 22 X 1 642
1249 21 X 1 801
1808 20 X 1249 1
2425 19 X 1808 1
3141 17 X 2425 1
3609 16 X 1 3141
203 25 X 22 1
383 24 X 203 1
646 23 X 383 1
805 22 X 1 646
1253 21 X 1 805
1811 20 X 1253 1
2428 19 X 1811 1
3144 17 X 2428 1
3889 16 X 3144 3141
4071 15 X 3609 3889
4405 14 X 4071 1
608 23 X 210 1
786 22 X 1 608
1661 21 X 1066 786
2211 20 X 1661 1
2827 19 X 2211 1
3298 17 X 2827 2826
161 25 X 1 63
581 23 X 63 161
777 22 X 1 581
1636 21 X 1040 777
620 23 X 266 156
789 22 X 1 620
1241 21 X 1 789
2186 20 X 1636 1241
2797 19 X 2186 1
3291 17 X 2797 2796
3900 16 X 3298 3291
227 25 X 57 63
582 23 X 63 227
778 22 X 1 582
1637 21 X 1040 778
276 25 X 112 50
621 23 X 266 276
790 22 X 1 621
1242 21 X 1 790
2187 20 X 1637 1242
2798 19 X 2187 1
3292 17 X 2798 2796
3901 16 X 3298 3292
4185 15 X 3900 3901
4474 14 X 4185 4079
4722 13 X 4405 4474
529 23 X 1 368
763 22 X 1 529
1222 21 X 1 763
1797 20 X 1222 1
2416 19 X 1797 1
3132 17 X 2416 1
3601 16 X 1 3132
511 23 X 1 341
761 22 X 1 511
1220 21 X 1 761
1796 20 X 1220 1
2415 19 X 1796 1
3131 17 X 2415 1
3600 16 X 1 3131
4064 15 X 3601 3600
4398 14 X 4064 1
457 23 X 1 161
737 22 X 1 457
1547 21 X 919 737
2104 20 X 1547 1196
2719 19 X 2104 1
3007 18 X 2719 1
3411 17 X 3007 3006
3736 16 X 1 3411
430 23 X 1 63
734 22 X 1 430
1529 21 X 894 734
487 23 X 1 266
747 22 X 1 487
1206 21 X 1 747
2084 20 X 1529 1206
2699 19 X 2084 1
2993 18 X 2699 1
3406 17 X 2993 2992
3731 16 X 1 3406
4124 15 X 3736 3731
4419 14 X 4124 4115
4721 13 X 4398 4419
4941 12 X 4722 4721
4307 14 X 3792 4011
4540 13 X 1 4307
4391 14 X 4058 4051
4601 13 X 1 4391
4791 12 X 4540 4601
5048 11 X 4941 4791
5154 9 X 4988 5048
1184 21 X 1 724
1775 20 X 1184 1189
2397 19 X 1775 1
3128 17 X 2397 1
3598 16 X 1 3128
4067 15 X 3604 3598
4401 14 X 4067 4080
4607 13 X 1 4401
4834 12 X 4607 1
4989 11 X 4834 4764
1234 21 X 1 775
1800 20 X 1234 1241
2419 19 X 1800 1
3135 17 X 2419 1
3603 16 X 1 3135
1236 21 X 1 779
295 25 X 123 66
272 25 X 111 66
625 23 X 295 272
794 22 X 1 625
1246 21 X 1 794
1802 20 X 1236 1246
2421 19 X 1802 1
3137 17 X 2421 1
3605 16 X 1 3137
4065 15 X 3603 3605
4399 14 X 4065 4078
4605 13 X 1 4399
2280 19 X 1196 1
2874 18 X 2280 1
3318 17 X 2874 1
3704 16 X 1 3318
422 23 X 1 37
891 22 X 422 1
431 23 X 1 66
735 22 X 1 431
1524 21 X 891 735
494 23 X 1 295
751 22 X 1 494
1572 21 X 939 751
2079 20 X 1524 1572
2696 19 X 2079 2080
2991 18 X 2696 1
1523 21 X 891 1
2078 20 X 1523 1571
2695 19 X 2078 2080
2990 18 X 2695 1
3405 17 X 2991 2990
3730 16 X 1 3405
4108 15 X 3704 3730
4414 14 X 4108 4114
4612 13 X 1 4414
4832 12 X 4605 4612
2694 19 X 2078 1720
2989 18 X 2694 1
3553 16 X 1 2989
3973 15 X 1 3553
4344 14 X 3973 4050
4568 13 X 1 4344
4762 12 X 4511 4568
4987 11 X 4832 4762
5155 9 X 4989 4987
5211 8 X 5154 5155
5242 7 X 5194 5211
2307 19 X 1566 1
2885 18 X 2307 1
3327 17 X 2885 1
3926 16 X 3327 3413
3994 15 X 1 3926
4362 14 X 3994 3979
4583 13 X 1 4362
4744 12 X 1 4583
5117 9 X 1 4744
5183 8 X 1 5117
3045 17 X 1155 1
1150 21 X 1 688
704 22 X 1 277
1165 21 X 1 704
1758 20 X 1150 1165
2377 19 X 1758 1
3115 17 X 2377 1
3817 16 X 3045 3115
3818 16 X 3045 3123
4155 15 X 3817 3818
2316 19 X 1690 1
3078 17 X 2316 1
826 22 X 80 112
1270 21 X 1 826
1821 20 X 1270 1165
2438 19 X 1821 1
825 22 X 80 1
1269 21 X 1 825
1820 20 X 1269 1
2437 19 X 1820 1
3147 17 X 2438 2437
3843 16 X 3078 3147
3845 16 X 3078 3160
4161 15 X 3843 3845
4452 14 X 4155 4161
4632 13 X 1 4452
4852 12 X 4632 1
3443 16 X 1 2437
4006 15 X 3443 3447
4246 14 X 1 4006
4510 13 X 1 4246
4761 12 X 4510 1
5000 11 X 4852 4761
541 23 X 1 383
767 22 X 1 541
1226 21 X 1 767
1798 20 X 1226 1
2417 19 X 1798 1
3133 17 X 2417 1
721 22 X 1 341
1181 21 X 1 721
1771 20 X 1181 1
2393 19 X 1771 1
3124 17 X 2393 1
3887 16 X 3133 3124
725 22 X 1 383
1185 21 X 1 725
1776 20 X 1185 1
2398 19 X 1776 1
3129 17 X 2398 1
3886 16 X 3129 3124
4178 15 X 3887 3886
4467 14 X 4178 1
211 25 X 32 1
697 22 X 1 211
1158 21 X 1 697
1762 20 X 1158 1153
2381 19 X 1762 1155
3119 17 X 2381 1
689 22 X 1 63
1151 21 X 1 689
1759 20 X 1151 1162
2378 19 X 1759 1
3116 17 X 2378 1
3883 16 X 3119 3116
202 25 X 21 1
695 22 X 1 202
1156 21 X 1 695
696 22 X 1 207
1157 21 X 1 696
1761 20 X 1156 1157
2380 19 X 1761 1155
3118 17 X 2380 1
3882 16 X 3118 3116
4175 15 X 3883 3882
824 22 X 75 107
1268 21 X 1 824
1819 20 X 1268 1163
2436 19 X 1819 1
823 22 X 75 1
1267 21 X 1 823
1818 20 X 1267 1
2435 19 X 1818 1
3146 17 X 2436 2435
3847 16 X 3079 3146
89 26 X 26 15
252 25 X 89 1
699 22 X 1 252
1160 21 X 1 699
1692 20 X 1 1160
2318 19 X 1692 1
3080 17 X 2318 1
828 22 X 88 107
1272 21 X 1 828
1823 20 X 1272 1163
2440 19 X 1823 1
827 22 X 88 1
1271 21 X 1 827
1822 20 X 1271 1
2439 19 X 1822 1
3148 17 X 2440 2439
3849 16 X 3080 3148
4163 15 X 3847 3849
4464 14 X 4175 4163
4737 13 X 4467 4464
3888 16 X 3133 3131
4325 14 X 3888 1
469 23 X 1 211
743 22 X 1 469
1202 21 X 1 743
1786 20 X 1202 1198
2407 19 X 1786 1199
2920 18 X 2407 1
3357 17 X 2920 1
1194 21 X 1 734
1780 20 X 1194 1206
2402 19 X 1780 1
2915 18 X 2402 1
3352 17 X 2915 1
3948 16 X 3357 3352
467 23 X 1 202
741 22 X 1 467
1200 21 X 1 741
1201 21 X 1 742
1785 20 X 1200 1201
2406 19 X 1785 1199
2919 18 X 2406 1
3356 17 X 2919 1
3947 16 X 3356 3352
4204 15 X 3948 3947
480 23 X 1 239
744 22 X 1 480
1203 21 X 1 744
1702 20 X 1 1203
2329 19 X 1702 1
2889 18 X 2329 1
3330 17 X 2889 1
434 23 X 1 75
899 22 X 434 442
1310 21 X 1 899
1865 20 X 1310 1207
2482 19 X 1865 1
2934 18 X 2482 1
898 22 X 434 1
1309 21 X 1 898
1864 20 X 1309 1
2481 19 X 1864 1
2933 18 X 2481 1
3367 17 X 2934 2933
3928 16 X 3330 3367
481 23 X 1 252
745 22 X 1 481
1204 21 X 1 745
1703 20 X 1 1204
2330 19 X 1703 1
2890 18 X 2330 1
3331 17 X 2890 1
1312 21 X 1 903
1867 20 X 1312 1207
2484 19 X 1867 1
2936 18 X 2484 1
1311 21 X 1 902
1866 20 X 1311 1
2483 19 X 1866 1
2935 18 X 2483 1
3368 17 X 2936 2935
3930 16 X 3331 3368
4195 15 X 3928 3930
4488 14 X 4204 4195
4711 13 X 4325 4488
4951 12 X 4737 4711
3442 16 X 1 2435
3444 16 X 1 2439
4004 15 X 3442 3444
4244 14 X 1 4004
4508 13 X 1 4244
3540 16 X 1 2933
3541 16 X 1 2935
4047 15 X 3540 3541
4256 14 X 1 4047
4520 13 X 1 4256
4759 12 X 4508 4520
5054 11 X 4951 4759
5158 9 X 5000 5054
2273 19 X 1155 1
3059 17 X 2273 1
3835 16 X 3059 3115
3819 16 X 3045 3128
4158 15 X 3835 3819
3844 16 X 3078 3159
4160 15 X 3843 3844
4455 14 X 4158 4160
4635 13 X 1 4455
4855 12 X 4635 1
4005 15 X 3443 3446
4245 14 X 1 4005
4509 13 X 1 4245
4760 12 X 4509 1
5003 11 X 4855 4760
2272 19 X 1153 1
3058 17 X 2272 1
1149 21 X 1 687
1757 20 X 1149 1162
2376 19 X 1757 1
3114 17 X 2376 1
3834 16 X 3058 3114
2274 19 X 1157 1155
3060 17 X 2274 1
1152 21 X 1 690
707 22 X 1 295
1168 21 X 1 707
1760 20 X 1152 1168
2379 19 X 1760 1
3117 17 X 2379 1
3836 16 X 3060 3117
4157 15 X 3834 3836
822 22 X 74 123
1266 21 X 1 822
708 22 X 1 296
1169 21 X 1 708
1817 20 X 1266 1169
2434 19 X 1817 1
821 22 X 74 1
1265 21 X 1 821
1816 20 X 1265 1
2433 19 X 1816 1
3145 17 X 2434 2433
3848 16 X 3080 3145
4162 15 X 3847 3848
4454 14 X 4157 4162
4634 13 X 1 4454
2281 19 X 1198 1
2875 18 X 2281 1
3319 17 X 2875 1
1779 20 X 1193 1206
2401 19 X 1779 1
2914 18 X 2401 1
3351 17 X 2914 1
3922 16 X 3319 3351
2282 19 X 1201 1199
2876 18 X 2282 1
3320 17 X 2876 1
1195 21 X 1 735
1210 21 X 1 751
1781 20 X 1195 1210
2403 19 X 1781 1
2916 18 X 2403 1
3353 17 X 2916 1
3923 16 X 3320 3353
4192 15 X 3922 3923
1308 21 X 1 897
1863 20 X 1308 1211
2480 19 X 1863 1
2932 18 X 2480 1
1307 21 X 1 896
1862 20 X 1307 1
2479 19 X 1862 1
2931 18 X 2479 1
3366 17 X 2932 2931
3929 16 X 3331 3366
4194 15 X 3928 3929
4481 14 X 4192 4194
4646 13 X 1 4481
4854 12 X 4634 4646
3441 16 X 1 2433
4003 15 X 3442 3441
4243 14 X 1 4003
4507 13 X 1 4243
3539 16 X 1 2931
4046 15 X 3540 3539
4255 14 X 1 4046
4519 13 X 1 4255
4758 12 X 4507 4519
5002 11 X 4854 4758
5159 9 X 5003 5002
5214 8 X 5158 5159
5233 7 X 5183 5214
5269 6 X 5242 5233
5287 5 X 5272 5269
1083 22 X 646 1
1392 21 X 1 1083
2297 19 X 1392 1
3762 16 X 2297 2563
4014 15 X 3465 3762
4374 14 X 4014 3465
249 25 X 85 1
396 24 X 249 1
667 23 X 396 1
1109 22 X 667 1
1418 21 X 1 1109
1972 20 X 1418 1
2589 19 X 1972 1
153 25 X 1 44
365 24 X 153 1
862 22 X 365 1
1498 21 X 862 1084
2053 20 X 1498 1
2669 19 X 2053 1
3783 16 X 2589 2669
1500 21 X 863 1084
2055 20 X 1500 1
2671 19 X 2055 1
3784 16 X 2589 2671
4139 15 X 3783 3784
3490 16 X 1 2669
3492 16 X 1 2671
4022 15 X 3490 3492
4436 14 X 4139 4022
4717 13 X 4374 4436
4936 12 X 4717 1
1718 20 X 1 1392
2342 19 X 1718 1
3765 16 X 2342 1
3980 15 X 1 3765
4346 14 X 3980 1
4712 13 X 4346 4436
4934 12 X 4712 1
5077 10 X 4936 4934
146 25 X 1 31
362 24 X 146 1
524 23 X 1 362
977 22 X 524 1
1347 21 X 1 977
1902 20 X 1347 1
2519 19 X 1902 1
3454 16 X 1 2519
542 23 X 1 384
995 22 X 542 1
1358 21 X 1 995
1912 20 X 1358 1
2529 19 X 1912 1
3457 16 X 1 2529
4007 15 X 3454 3457
4371 14 X 4007 1
1598 21 X 982 977
2149 20 X 1598 1
2761 19 X 2149 1
3031 18 X 2761 1
3570 16 X 1 3031
526 23 X 1 365
980 22 X 526 1
1592 21 X 980 995
2143 20 X 1592 1
2755 19 X 2143 1
3026 18 X 2755 1
3567 16 X 1 3026
4061 15 X 3570 3567
143 25 X 1 27
359 24 X 143 1
521 23 X 1 359
972 22 X 521 1
1343 21 X 1 972
1897 20 X 1343 1
2514 19 X 1897 1
2964 18 X 2514 1
3547 16 X 1 2964
154 25 X 1 45
366 24 X 154 1
527 23 X 1 366
981 22 X 527 1
545 23 X 1 388
1000 22 X 545 1
1594 21 X 981 1000
2145 20 X 1594 1
2757 19 X 2145 1
3028 18 X 2757 1
3568 16 X 1 3028
4056 15 X 3547 3568
4394 14 X 4061 4056
4713 13 X 4371 4394
4937 12 X 4717 4713
4603 13 X 1 4394
4935 12 X 4712 4603
5078 10 X 4937 4935
5170 9 X 5077 5078
1146 21 X 1 653
2271 19 X 1146 1
1095 22 X 653 1
1404 21 X 1 1095
2298 19 X 1404 1
3057 17 X 2271 2298
3833 16 X 3057 3203
4315 14 X 3833 3864
1148 21 X 1 672
1756 20 X 1148 1
2375 19 X 1756 1
3113 17 X 2375 2598
141 25 X 1 24
357 24 X 141 1
860 22 X 357 1
1493 21 X 860 1106
2048 20 X 1493 1
2664 19 X 2048 1
1492 21 X 860 1105
2047 20 X 1492 1
2663 19 X 2047 1
3256 17 X 2664 2663
3880 16 X 3113 3256
1495 21 X 861 1106
2050 20 X 1495 1
2666 19 X 2050 1
1494 21 X 861 1105
2049 20 X 1494 1
2665 19 X 2049 1
3257 17 X 2666 2665
3881 16 X 3113 3257
4174 15 X 3880 3881
3673 16 X 1 3256
3674 16 X 1 3257
4095 15 X 3673 3674
4463 14 X 4174 4095
4707 13 X 4315 4463
4928 12 X 4707 1
3763 16 X 2298 2586
4299 14 X 3763 3471
3785 16 X 2598 2663
3786 16 X 2598 2665
4140 15 X 3785 3786
3487 16 X 1 2663
3488 16 X 1 2665
4021 15 X 3487 3488
4437 14 X 4140 4021
4704 13 X 4299 4437
4922 12 X 4704 1
5042 11 X 4928 4922
1688 20 X 1 1146
2313 19 X 1688 1
1719 20 X 1 1404
2343 19 X 1719 1
3075 17 X 2313 2343
3840 16 X 3075 3096
4319 14 X 3840 3863
4710 13 X 4319 4463
4932 12 X 4710 1
3766 16 X 2343 1
4301 14 X 3766 1
4705 13 X 4301 4437
4924 12 X 4705 1
5046 11 X 4932 4924
5111 10 X 5042 5046
530 23 X 1 369
973 22 X 521 530
1344 21 X 1 973
1898 20 X 1344 1
2515 19 X 1898 1
2965 18 X 2515 1
3391 17 X 2965 2964
3721 16 X 1 3391
144 25 X 1 29
360 24 X 144 1
522 23 X 1 360
974 22 X 522 1
512 23 X 1 342
1001 22 X 545 512
1588 21 X 974 1001
2139 20 X 1588 1
2751 19 X 2139 1
3024 18 X 2751 1
1587 21 X 974 1000
2138 20 X 1587 1
2750 19 X 2138 1
3023 18 X 2750 1
3425 17 X 3024 3023
3743 16 X 1 3425
4121 15 X 3721 3743
4497 13 X 1 4121
4929 12 X 4707 4497
3565 16 X 1 3023
4055 15 X 3547 3565
4496 13 X 1 4055
4923 12 X 4704 4496
5043 11 X 4929 4923
4933 12 X 4710 4497
4925 12 X 4705 4496
5047 11 X 4933 4925
5112 10 X 5043 5047
5181 9 X 5111 5112
5219 8 X 5170 5181
5255 7 X 5219 1
994 22 X 541 1
1357 21 X 1 994
2294 19 X 1357 1
3761 16 X 2294 2459
866 22 X 383 1
1289 21 X 1 866
2287 19 X 1289 1
3756 16 X 2287 2459
4133 15 X 3761 3756
4430 14 X 4133 3448
1840 20 X 1289 1
2457 19 X 1840 1
3767 16 X 2457 2459
4302 14 X 3767 3448
4729 13 X 4430 4302
4945 12 X 4729 1
1910 20 X 1357 1
2527 19 X 1910 1
206 25 X 22 31
386 24 X 206 1
543 23 X 1 386
997 22 X 543 1
1360 21 X 1 997
1915 20 X 1360 1
2532 19 X 1915 1
3776 16 X 2527 2532
3775 16 X 2527 2529
4136 15 X 3776 3775
4433 14 X 4136 1
2969 18 X 2527 1
2973 18 X 2532 1
3812 16 X 2969 2973
2971 18 X 2529 1
3811 16 X 2969 2971
4152 15 X 3812 3811
338 24 X 27 1
510 23 X 1 338
962 22 X 510 1
1339 21 X 1 962
1892 20 X 1339 1
2509 19 X 1892 1
2959 18 X 2509 1
3545 16 X 1 2959
1363 21 X 1 1000
1919 20 X 1363 1
2536 19 X 1919 1
2976 18 X 2536 1
3549 16 X 1 2976
4053 15 X 3545 3549
4449 14 X 4152 4053
4731 13 X 4433 4449
4946 12 X 4729 4731
5140 9 X 4945 4946
2267 19 X 1133 1
2288 19 X 1293 1
3055 17 X 2267 2288
3830 16 X 3055 3165
4314 14 X 3830 3857
1734 20 X 1133 1
2354 19 X 1734 1
1846 20 X 1293 1
2463 19 X 1846 1
3102 17 X 2354 2463
1849 20 X 1296 1
2466 19 X 1849 1
3164 17 X 2466 2465
3870 16 X 3102 3164
3620 16 X 1 3164
4323 14 X 3870 3620
4706 13 X 4314 4323
4926 12 X 4706 1
3758 16 X 2288 2465
4298 14 X 3758 3449
3773 16 X 2463 2465
4304 14 X 3773 3449
4703 13 X 4298 4304
4920 12 X 4703 1
5040 11 X 4926 4920
544 23 X 1 387
1141 21 X 1 544
1747 20 X 1141 1
2366 19 X 1747 1
2906 18 X 2366 1
999 22 X 544 1
1362 21 X 1 999
1918 20 X 1362 1
2535 19 X 1918 1
2975 18 X 2535 1
3343 17 X 2906 2975
963 22 X 510 512
1340 21 X 1 963
1893 20 X 1340 1
2510 19 X 1893 1
2960 18 X 2510 1
3388 17 X 2960 2959
3941 16 X 3343 3388
1364 21 X 1 1001
1920 20 X 1364 1
2537 19 X 1920 1
2977 18 X 2537 1
3396 17 X 2977 2976
3942 16 X 3343 3396
4201 15 X 3941 3942
3720 16 X 1 3388
3724 16 X 1 3396
4120 15 X 3720 3724
4485 14 X 4201 4120
4649 13 X 1 4485
4927 12 X 4706 4649
3815 16 X 2975 2959
3816 16 X 2975 2976
4154 15 X 3815 3816
4451 14 X 4154 4053
4631 13 X 1 4451
4921 12 X 4703 4631
5041 11 X 4927 4921
5166 9 X 5040 5041
5207 8 X 5140 5166
5251 7 X 5207 1
5275 6 X 5255 5251
1596 21 X 982 1
2147 20 X 1596 1
2759 19 X 2147 1
3030 18 X 2759 1
3569 16 X 1 3030
1591 21 X 980 1
2142 20 X 1591 1
2754 19 X 2142 1
3025 18 X 2754 1
3566 16 X 1 3025
4060 15 X 3569 3566
2156 20 X 1605 1
2768 19 X 2156 1
3038 18 X 2768 1
3574 16 X 1 3038
3978 15 X 1 3574
4393 14 X 4060 3978
4602 13 X 1 4393
4779 12 X 4528 4602
5138 9 X 4777 4779
1586 21 X 974 1
2137 20 X 1586 1
2749 19 X 2137 1
3022 18 X 2749 1
3564 16 X 1 3022
3976 15 X 1 3564
2153 20 X 1602 1
2765 19 X 2153 1
3035 18 X 2765 1
3572 16 X 1 3035
3977 15 X 1 3572
4345 14 X 3976 3977
4569 13 X 1 4345
4742 12 X 1 4569
5116 9 X 1 4742
5205 8 X 5138 5116
205 25 X 22 30
385 24 X 205 1
649 23 X 385 361
232 25 X 62 70
391 24 X 232 1
662 23 X 391 370
1088 22 X 649 662
1397 21 X 1 1088
1950 20 X 1397 1
2567 19 X 1950 1
1087 22 X 649 1
1396 21 X 1 1087
1949 20 X 1396 1
2566 19 X 1949 1
3192 17 X 2567 2566
3643 16 X 1 3192
1145 21 X 1 646
1754 20 X 1145 1
2373 19 X 1754 1
1945 20 X 1392 1
2562 19 X 1945 1
3111 17 X 2373 2562
3876 16 X 3111 3192
4082 15 X 3643 3876
4409 14 X 4082 1
659 23 X 389 1
1147 21 X 1 659
1755 20 X 1147 1
2374 19 X 1755 1
1107 22 X 659 1
1416 21 X 1 1107
1971 20 X 1416 1
2588 19 X 1971 1
3112 17 X 2374 2588
1504 21 X 863 1088
2059 20 X 1504 1255
2675 19 X 2059 1
1503 21 X 863 1087
2058 20 X 1503 1
2674 19 X 2058 1
3260 17 X 2675 2674
3878 16 X 3112 3260
4324 14 X 3878 3651
4726 13 X 4409 4324
4942 12 X 4726 1
3466 16 X 1 2566
3779 16 X 2562 2566
4015 15 X 3466 3779
4375 14 X 4015 1
3781 16 X 2588 2674
4305 14 X 3781 3477
4718 13 X 4375 4305
4938 12 X 4718 1
5049 11 X 4942 4938
650 23 X 385 362
661 23 X 391 368
1090 22 X 650 661
1399 21 X 1 1090
1952 20 X 1399 1
2569 19 X 1952 1
1089 22 X 650 1
1398 21 X 1 1089
1951 20 X 1398 1
2568 19 X 1951 1
3193 17 X 2569 2568
3644 16 X 1 3193
648 23 X 385 356
1086 22 X 648 661
1395 21 X 1 1086
1948 20 X 1395 1
2565 19 X 1948 1
1085 22 X 648 1
1394 21 X 1 1085
1947 20 X 1394 1
2564 19 X 1947 1
3191 17 X 2565 2564
3875 16 X 3111 3191
4083 15 X 3644 3875
4410 14 X 4083 1
1506 21 X 863 1090
683 23 X 411 369
809 22 X 1 683
1257 21 X 1 809
2061 20 X 1506 1257
2677 19 X 2061 1
1505 21 X 863 1089
2060 20 X 1505 1
2676 19 X 2060 1
3261 17 X 2677 2676
3879 16 X 3112 3261
1502 21 X 863 1086
2057 20 X 1502 1257
2673 19 X 2057 1
1501 21 X 863 1085
2056 20 X 1501 1
2672 19 X 2056 1
3259 17 X 2673 2672
3877 16 X 3112 3259
4173 15 X 3879 3877
4462 14 X 4173 4086
4727 13 X 4410 4462
978 22 X 524 529
1348 21 X 1 978
1903 20 X 1348 1
2520 19 X 1903 1
3174 17 X 2520 2519
3628 16 X 1 3174
996 22 X 542 511
1359 21 X 1 996
1913 20 X 1359 1
2530 19 X 1913 1
3177 17 X 2530 2529
3631 16 X 1 3177
4075 15 X 3628 3631
4406 14 X 4075 1
1599 21 X 982 978
764 22 X 1 530
1223 21 X 1 764
2150 20 X 1599 1223
2762 19 X 2150 1
3032 18 X 2762 1
3428 17 X 3032 3031
3746 16 X 1 3428
1593 21 X 980 996
560 23 X 1 412
772 22 X 1 560
1231 21 X 1 772
2144 20 X 1593 1231
2756 19 X 2144 1
3027 18 X 2756 1
3426 17 X 3027 3026
3744 16 X 1 3426
4126 15 X 3746 3744
4421 14 X 4126 4123
4723 13 X 4406 4421
4943 12 X 4727 4723
3467 16 X 1 2568
3778 16 X 2562 2564
4016 15 X 3467 3778
4376 14 X 4016 1
3782 16 X 2588 2676
3780 16 X 2588 2672
4138 15 X 3782 3780
4435 14 X 4138 4020
4719 13 X 4376 4435
4395 14 X 4061 4057
4714 13 X 4371 4395
4939 12 X 4719 4714
5050 11 X 4943 4939
5167 9 X 5049 5050
233 25 X 65 1
392 24 X 233 1
663 23 X 392 1
1096 22 X 653 663
1405 21 X 1 1096
1960 20 X 1405 1255
2577 19 X 1960 1
1959 20 X 1404 1
2576 19 X 1959 1
3198 17 X 2577 2576
3645 16 X 1 3198
4289 14 X 3645 3651
4534 13 X 1 4289
4787 12 X 4534 1
3468 16 X 1 2576
4264 14 X 3468 3477
4527 13 X 1 4264
4776 12 X 4527 1
4956 11 X 4787 4776
656 23 X 387 359
665 23 X 392 369
1102 22 X 656 665
1411 21 X 1 1102
1966 20 X 1411 1257
2583 19 X 1966 1
1101 22 X 656 1
1410 21 X 1 1101
1965 20 X 1410 1
2582 19 X 1965 1
3201 17 X 2583 2582
3647 16 X 1 3201
655 23 X 387 358
1100 22 X 655 665
1409 21 X 1 1100
1964 20 X 1409 1257
2581 19 X 1964 1
1099 22 X 655 1
1408 21 X 1 1099
1963 20 X 1408 1
2580 19 X 1963 1
3200 17 X 2581 2580
3646 16 X 1 3200
4084 15 X 3647 3646
4411 14 X 4084 4086
4611 13 X 1 4411
1899 20 X 1344 1223
2516 19 X 1899 1
2966 18 X 2516 1
3392 17 X 2966 2964
3722 16 X 1 3392
1595 21 X 981 1001
2146 20 X 1595 1231
2758 19 X 2146 1
3029 18 X 2758 1
3427 17 X 3029 3028
3745 16 X 1 3427
4122 15 X 3722 3745
4418 14 X 4122 4123
4616 13 X 1 4418
4838 12 X 4611 4616
3470 16 X 1 2582
3469 16 X 1 2580
4017 15 X 3470 3469
4377 14 X 4017 4020
4590 13 X 1 4377
4388 14 X 4056 4057
4598 13 X 1 4388
4819 12 X 4590 4598
4993 11 X 4838 4819
5142 9 X 4956 4993
5216 8 X 5167 5142
5249 7 X 5205 5216
1140 21 X 1 541
1745 20 X 1140 1
2364 19 X 1745 1
3107 17 X 2364 2527
869 22 X 385 391
1292 21 X 1 869
1844 20 X 1292 1
2461 19 X 1844 1
868 22 X 385 1
1291 21 X 1 868
1843 20 X 1291 1
2460 19 X 1843 1
3161 17 X 2461 2460
3871 16 X 3107 3161
1132 21 X 1 383
1732 20 X 1132 1
2352 19 X 1732 1
3100 17 X 2352 2457
3865 16 X 3100 3161
4170 15 X 3871 3865
4459 14 X 4170 1
1733 20 X 1132 1133
2353 19 X 1733 1
1841 20 X 1289 1293
2458 19 X 1841 1
3101 17 X 2353 2458
1845 20 X 1292 1191
2462 19 X 1845 1
3162 17 X 2462 2460
3867 16 X 3101 3162
875 22 X 399 411
1298 21 X 1 875
1852 20 X 1298 1191
2469 19 X 1852 1
874 22 X 399 1
1297 21 X 1 874
1851 20 X 1297 1
2468 19 X 1851 1
3166 17 X 2469 2468
3859 16 X 3089 3166
4322 14 X 3867 3859
4734 13 X 4459 4322
4949 12 X 4734 1
3774 16 X 2527 2460
3768 16 X 2457 2460
4135 15 X 3774 3768
4432 14 X 4135 1
3770 16 X 2458 2460
3450 16 X 1 2468
4303 14 X 3770 3450
4730 13 X 4432 4303
4947 12 X 4730 1
5052 11 X 4949 4947
652 23 X 385 386
660 23 X 391 341
1094 22 X 652 660
1403 21 X 1 1094
1957 20 X 1403 1
2574 19 X 1957 1
1093 22 X 652 1
1402 21 X 1 1093
1956 20 X 1402 1
2573 19 X 1956 1
3196 17 X 2574 2573
3874 16 X 3107 3196
651 23 X 385 384
1092 22 X 651 660
1401 21 X 1 1092
1954 20 X 1401 1
2571 19 X 1954 1
1091 22 X 651 1
1400 21 X 1 1091
1953 20 X 1400 1
2570 19 X 1953 1
3194 17 X 2571 2570
3866 16 X 3100 3194
4172 15 X 3874 3866
4461 14 X 4172 1
1958 20 X 1403 1259
2575 19 X 1958 1
3197 17 X 2575 2573
3869 16 X 3101 3197
1955 20 X 1401 1259
2572 19 X 1955 1
3195 17 X 2572 2570
3868 16 X 3101 3195
4169 15 X 3869 3868
349 24 X 90 1
673 23 X 399 349
1120 22 X 673 682
1429 21 X 1 1120
1984 20 X 1429 1256
2601 19 X 1984 1
1119 22 X 673 1
1428 21 X 1 1119
1983 20 X 1428 1
2600 19 X 1983 1
3208 17 X 2601 2600
3860 16 X 3089 3208
676 23 X 399 400
1126 22 X 676 682
1435 21 X 1 1126
1990 20 X 1435 1256
2607 19 X 1990 1
1125 22 X 676 1
1434 21 X 1 1125
1989 20 X 1434 1
2606 19 X 1989 1
3211 17 X 2607 2606
3861 16 X 3089 3211
4168 15 X 3860 3861
4458 14 X 4169 4168
4736 13 X 4461 4458
998 22 X 543 511
1361 21 X 1 998
1916 20 X 1361 1
2533 19 X 1916 1
3178 17 X 2533 2532
3873 16 X 3107 3178
3872 16 X 3107 3177
4171 15 X 3873 3872
4460 14 X 4171 1
1746 20 X 1140 1141
2365 19 X 1746 1
2905 18 X 2365 1
1911 20 X 1357 1362
2528 19 X 1911 1
2970 18 X 2528 1
3342 17 X 2905 2970
1917 20 X 1361 1231
2534 19 X 1917 1
2974 18 X 2534 1
3395 17 X 2974 2973
3940 16 X 3342 3395
1914 20 X 1359 1231
2531 19 X 1914 1
2972 18 X 2531 1
3394 17 X 2972 2971
3939 16 X 3342 3394
4200 15 X 3940 3939
551 23 X 1 399
769 22 X 1 551
1228 21 X 1 769
1708 20 X 1 1228
2335 19 X 1708 1
2893 18 X 2335 1
3334 17 X 2893 1
516 23 X 1 349
969 22 X 516 520
1342 21 X 1 969
1896 20 X 1342 1221
2513 19 X 1896 1
2963 18 X 2513 1
968 22 X 516 1
1341 21 X 1 968
1895 20 X 1341 1
2512 19 X 1895 1
2962 18 X 2512 1
3390 17 X 2963 2962
3934 16 X 3334 3390
1373 21 X 1 1010
1931 20 X 1373 1221
2548 19 X 1931 1
2980 18 X 2548 1
1372 21 X 1 1009
1930 20 X 1372 1
2547 19 X 1930 1
2979 18 X 2547 1
3398 17 X 2980 2979
3935 16 X 3334 3398
4198 15 X 3934 3935
4484 14 X 4200 4198
4735 13 X 4460 4484
4950 12 X 4736 4735
3777 16 X 2527 2573
3769 16 X 2457 2570
4137 15 X 3777 3769
4434 14 X 4137 1
3772 16 X 2458 2573
3771 16 X 2458 2570
4134 15 X 3772 3771
3478 16 X 1 2600
3481 16 X 1 2606
4019 15 X 3478 3481
4431 14 X 4134 4019
4733 13 X 4434 4431
3814 16 X 2970 2973
3813 16 X 2970 2971
4153 15 X 3814 3813
3546 16 X 1 2962
3550 16 X 1 2979
4054 15 X 3546 3550
4450 14 X 4153 4054
4732 13 X 4433 4450
4948 12 X 4733 4732
5053 11 X 4950 4948
5168 9 X 5052 5053
871 22 X 387 392
1294 21 X 1 871
1847 20 X 1294 1191
2464 19 X 1847 1
3163 17 X 2464 2463
3829 16 X 3055 3163
4313 14 X 3829 3859
4546 13 X 1 4313
4798 12 X 4546 1
3757 16 X 2288 2463
4297 14 X 3757 3450
4537 13 X 1 4297
4788 12 X 4537 1
4961 11 X 4798 4788
654 23 X 387 338
664 23 X 392 342
1098 22 X 654 664
1407 21 X 1 1098
1962 20 X 1407 1259
2579 19 X 1962 1
1097 22 X 654 1
1406 21 X 1 1097
1961 20 X 1406 1
2578 19 X 1961 1
3199 17 X 2579 2578
3831 16 X 3055 3199
657 23 X 387 388
1104 22 X 657 664
1413 21 X 1 1104
1968 20 X 1413 1259
2585 19 X 1968 1
1103 22 X 657 1
1412 21 X 1 1103
1967 20 X 1412 1
2584 19 X 1967 1
3202 17 X 2585 2584
3832 16 X 3055 3202
4156 15 X 3831 3832
4453 14 X 4156 4168
4633 13 X 1 4453
2269 19 X 1141 1
2872 18 X 2269 1
2295 19 X 1362 1
2883 18 X 2295 1
3316 17 X 2872 2883
1894 20 X 1340 1231
2511 19 X 1894 1
2961 18 X 2511 1
3389 17 X 2961 2959
3920 16 X 3316 3389
1921 20 X 1364 1231
2538 19 X 1921 1
2978 18 X 2538 1
3397 17 X 2978 2976
3921 16 X 3316 3397
4191 15 X 3920 3921
4480 14 X 4191 4198
4645 13 X 1 4480
4853 12 X 4633 4645
3759 16 X 2288 2578
3760 16 X 2288 2584
4132 15 X 3759 3760
4429 14 X 4132 4019
4622 13 X 1 4429
3809 16 X 2883 2959
3810 16 X 2883 2976
4151 15 X 3809 3810
4448 14 X 4151 4054
4630 13 X 1 4448
4844 12 X 4622 4630
5001 11 X 4853 4844
5144 9 X 4961 5001
5217 8 X 5168 5144
5231 7 X 1 5217
5271 6 X 5249 5231
5289 5 X 5275 5271
5296 4 X 5287 5289
5302 3 X 5294 5296
5305 2 X 5303 5302
5306 1 X 5304 5305
