365
hcflbj pbhrkr jrdkrq pilfry mkyfmi fdvcgu hrrbdu vmhyju dyirgw aoieqi hlesop vpohmy jeowgh cyodpv mugvcd woqurz
7 9 16 3 14 1 5 10 6 15 12 11 13 4 8 2
3 17 1 -1 -1
1 17 -1 -1 -1
5 16 X 1 3
14 15 X 3 5
56 13 X 14 1
12 15 X 3 1
36 14 X 14 12
78 13 X 36 1
220 9 X 56 78
54 13 X 12 1
132 11 X 54 1
133 11 X 56 1
193 10 X 132 133
142 11 X 78 1
196 10 X 132 142
236 9 X 193 196
274 8 X 220 236
51 13 X 3 1
130 11 X 51 1
192 10 X 132 130
24 14 X 3 12
63 13 X 24 1
136 11 X 63 1
194 10 X 132 136
234 9 X 192 194
273 8 X 220 234
306 7 X 274 273
2 17 0 -1 -1
13 15 X 3 2
33 14 X 13 1
75 13 X 33 1
31 14 X 12 1
72 13 X 31 1
117 12 X 75 72
22 14 X 2 1
60 13 X 22 1
112 12 X 60 72
187 10 X 117 112
8 15 X 1 2
27 14 X 8 1
67 13 X 27 1
4 16 X 1 2
15 15 X 4 2
37 14 X 15 1
79 13 X 37 1
115 12 X 67 79
155 11 X 115 67
10 15 X 2 1
29 14 X 10 1
69 13 X 29 1
135 11 X 60 69
208 10 X 155 135
255 8 X 187 208
248 8 X 72 1
294 7 X 255 248
334 6 X 306 294
34 14 X 13 8
76 13 X 34 8
119 12 X 76 72
190 10 X 119 72
102 12 X 27 79
6 16 X 2 1
9 15 X 1 6
28 14 X 8 9
68 13 X 28 1
103 12 X 28 68
148 11 X 102 103
202 10 X 148 1
258 8 X 190 202
297 7 X 258 248
335 6 X 306 297
349 5 X 334 335
243 8 X 51 192
23 14 X 3 1
61 13 X 23 1
244 8 X 61 1
315 6 X 243 244
118 12 X 76 61
188 10 X 118 61
62 13 X 23 8
113 12 X 62 61
185 10 X 113 61
233 9 X 188 185
47 13 X 1 27
106 12 X 47 1
48 13 X 1 28
107 12 X 48 1
151 11 X 106 107
205 10 X 151 1
240 9 X 202 205
287 8 X 233 240
313 7 X 287 244
318 6 X 243 313
338 5 X 315 318
357 4 X 349 338
7 16 X 2 3
20 15 X 7 5
43 14 X 20 12
17 15 X 6 1
39 14 X 17 1
86 13 X 43 39
124 12 X 86 78
18 15 X 7 1
45 14 X 20 18
89 13 X 45 17
128 12 X 89 78
157 11 X 124 128
177 10 X 78 157
221 9 X 56 177
19 15 X 7 3
41 14 X 19 12
84 13 X 41 39
83 13 X 41 1
122 12 X 84 83
81 13 X 39 1
100 12 X 17 81
156 11 X 122 100
197 10 X 132 156
235 9 X 192 197
276 8 X 221 235
307 7 X 274 276
93 12 X 2 72
191 10 X 119 93
49 13 X 2 1
91 12 X 2 49
203 10 X 148 91
259 8 X 191 203
40 14 X 18 17
82 13 X 40 17
121 12 X 82 72
172 10 X 72 121
224 9 X 72 172
59 13 X 17 1
99 12 X 17 59
146 11 X 99 1
164 10 X 1 146
215 9 X 1 164
281 8 X 224 215
298 7 X 259 281
336 6 X 307 298
350 5 X 336 335
92 12 X 2 61
189 10 X 118 92
147 11 X 102 1
144 11 X 91 1
201 10 X 147 144
257 8 X 189 201
296 7 X 257 244
317 6 X 243 296
149 11 X 102 107
204 10 X 149 1
239 9 X 202 204
256 8 X 188 239
295 7 X 256 244
316 6 X 243 295
339 5 X 317 316
358 4 X 350 339
362 3 X 357 358
52 13 X 5 1
25 14 X 5 1
64 13 X 25 1
218 9 X 52 64
16 15 X 5 1
58 13 X 16 1
110 12 X 52 58
153 11 X 110 1
131 11 X 52 1
206 10 X 153 131
38 14 X 16 1
80 13 X 38 1
114 12 X 64 80
154 11 X 114 1
137 11 X 64 1
207 10 X 154 137
241 9 X 206 207
269 8 X 218 241
26 14 X 5 3
65 13 X 26 1
140 11 X 65 1
195 10 X 132 140
141 11 X 72 1
198 10 X 141 137
237 9 X 195 198
268 8 X 218 237
303 7 X 269 268
95 12 X 8 1
21 14 X 1 4
50 13 X 2 21
108 12 X 50 1
181 10 X 95 108
57 13 X 15 1
97 12 X 8 57
53 13 X 8 1
96 12 X 8 53
145 11 X 97 96
109 12 X 50 49
11 15 X 2 4
30 14 X 10 11
71 13 X 30 21
70 13 X 30 1
116 12 X 71 70
152 11 X 109 116
200 10 X 145 152
254 8 X 181 200
293 7 X 254 1
331 6 X 303 293
184 10 X 110 52
186 10 X 114 64
232 9 X 184 186
267 8 X 218 232
166 10 X 54 65
171 10 X 72 64
227 9 X 166 171
266 8 X 218 227
302 7 X 267 266
179 10 X 95 1
250 8 X 179 202
289 7 X 250 1
326 6 X 302 289
346 5 X 331 326
329 6 X 303 1
46 13 X 1 8
105 12 X 46 1
183 10 X 105 1
231 9 X 179 183
286 8 X 231 240
312 7 X 286 1
328 6 X 302 312
344 5 X 329 328
354 4 X 346 344
44 14 X 20 17
88 13 X 44 17
126 12 X 88 64
139 11 X 64 126
170 10 X 64 139
219 9 X 52 170
138 11 X 64 99
199 10 X 141 138
238 9 X 195 199
271 8 X 219 238
304 7 X 269 271
90 12 X 2 1
180 10 X 95 90
253 8 X 180 203
98 12 X 17 1
158 10 X 1 98
209 9 X 1 158
260 8 X 209 215
292 7 X 253 260
332 6 X 304 292
347 5 X 332 326
252 8 X 180 201
291 7 X 252 1
330 6 X 303 291
251 8 X 179 239
290 7 X 251 1
327 6 X 302 290
345 5 X 330 327
355 4 X 347 345
361 3 X 354 355
364 2 X 362 361
272 8 X 220 1
35 14 X 14 1
77 13 X 35 1
42 14 X 20 1
85 13 X 42 1
123 12 X 85 77
175 10 X 77 123
225 9 X 77 175
120 12 X 81 1
160 10 X 1 120
211 9 X 1 160
282 8 X 225 211
143 11 X 81 1
163 10 X 1 143
214 9 X 1 163
283 8 X 225 214
310 7 X 282 283
322 6 X 272 310
249 8 X 77 1
321 6 X 272 249
342 5 X 322 321
242 8 X 51 1
314 6 X 242 244
352 4 X 342 314
104 12 X 39 81
150 11 X 104 100
165 10 X 1 150
216 9 X 1 165
275 8 X 221 216
305 7 X 272 275
127 12 X 88 77
176 10 X 77 127
226 9 X 77 176
284 8 X 226 209
285 8 X 226 215
311 7 X 284 285
333 6 X 305 311
348 5 X 333 321
356 4 X 348 314
360 3 X 352 356
265 8 X 218 1
87 13 X 44 1
125 12 X 87 64
168 10 X 64 125
222 9 X 64 168
111 12 X 59 1
159 10 X 1 111
210 9 X 1 159
277 8 X 222 210
134 11 X 59 1
162 10 X 1 134
213 9 X 1 162
278 8 X 222 213
308 7 X 277 278
320 6 X 265 308
247 8 X 64 186
246 8 X 64 171
288 7 X 247 246
325 6 X 302 288
341 5 X 320 325
217 9 X 5 25
261 8 X 217 1
94 12 X 5 16
178 10 X 94 5
101 12 X 25 38
182 10 X 101 25
230 9 X 178 182
264 8 X 217 230
55 13 X 12 16
66 13 X 26 5
167 10 X 55 66
73 13 X 31 38
173 10 X 73 25
228 9 X 167 173
262 8 X 217 228
299 7 X 264 262
32 14 X 12 16
74 13 X 32 16
174 10 X 74 5
229 9 X 174 173
263 8 X 217 229
300 7 X 264 263
323 6 X 299 300
337 5 X 261 323
351 4 X 341 337
129 11 X 1 99
161 10 X 1 129
212 9 X 1 161
270 8 X 219 212
301 7 X 265 270
169 10 X 64 126
223 9 X 64 169
279 8 X 223 209
280 8 X 223 215
309 7 X 279 280
324 6 X 301 309
343 5 X 324 325
245 8 X 64 1
319 6 X 265 245
340 5 X 319 325
353 4 X 343 340
359 3 X 351 353
363 2 X 360 359
365 1 X 364 363
