1355
eweqlj taspzb zmozby ubogls rckjpb qjlfyy ftjvlg vrbrbe kimhgk wvvnml nbhbjg nqomhk nvbciq uvpdvc kxnmyw pdvkdl crwwbm ljkqni
9 11 7 1 15 5 14 4 3 8 6 2 18 17 13 12 10 16
3 19 1 -1 -1
4 19 2 -1 -1
21 17 X 4 3
66 16 X 21 3
1 19 -1 -1 -1
10 17 X 1 3
56 16 X 10 3
246 14 X 66 56
726 11 X 3 246
1067 9 X 3 726
5 18 X 1 3
92 15 X 3 5
9 18 X 4 3
54 16 X 9 5
99 15 X 3 54
291 14 X 99 92
24 17 X 4 9
69 16 X 24 5
155 15 X 66 69
11 17 X 1 5
57 16 X 11 5
141 15 X 56 57
336 14 X 155 141
750 11 X 291 336
1070 9 X 92 750
1174 8 X 1067 1070
527 12 X 92 3
736 11 X 92 527
926 10 X 736 92
575 12 X 336 246
751 11 X 291 575
947 10 X 751 750
1084 9 X 926 947
1175 8 X 1067 1084
1263 7 X 1174 1175
17 17 X 3 1
354 13 X 3 17
757 11 X 354 1
20 17 X 4 1
47 16 X 4 20
953 10 X 757 47
18 17 X 3 4
62 16 X 18 17
245 14 X 62 17
357 13 X 3 245
42 16 X 4 1
220 14 X 42 1
758 11 X 357 220
957 10 X 758 47
1091 9 X 953 957
25 17 X 5 1
112 15 X 17 25
384 13 X 92 112
763 11 X 384 1
968 10 X 763 47
32 17 X 9 4
75 16 X 32 25
150 15 X 62 75
334 14 X 150 112
480 13 X 291 334
778 11 X 480 220
989 10 X 778 47
1105 9 X 968 989
1188 8 X 1091 1105
2 19 0 -1 -1
13 17 X 2 1
45 16 X 4 13
227 14 X 45 47
517 12 X 47 227
791 11 X 517 47
958 10 X 758 791
1092 9 X 953 958
1189 8 X 1092 1105
1269 7 X 1188 1189
1313 6 X 1263 1269
1312 6 X 1263 1188
1334 5 X 1313 1312
33 17 X 9 5
55 16 X 9 33
100 15 X 3 55
94 15 X 3 33
292 14 X 100 94
1069 9 X 92 292
1170 8 X 3 1069
39 16 X 3 2
95 15 X 3 39
194 14 X 3 95
425 13 X 194 3
14 17 X 2 3
41 16 X 3 14
97 15 X 3 41
672 12 X 425 97
859 11 X 672 3
906 10 X 3 859
1068 9 X 3 906
574 12 X 292 3
753 11 X 292 574
948 10 X 753 292
1085 9 X 926 948
1176 8 X 1068 1085
1259 7 X 1170 1176
228 14 X 47 20
759 11 X 357 228
959 10 X 759 47
1093 9 X 953 959
31 17 X 9 1
76 16 X 32 31
151 15 X 62 76
113 15 X 17 31
335 14 X 151 113
481 13 X 292 335
779 11 X 481 228
993 10 X 779 47
1108 9 X 968 993
1190 8 X 1093 1108
43 16 X 4 2
217 14 X 4 43
130 15 X 43 4
219 14 X 4 130
452 13 X 217 219
15 17 X 2 4
46 16 X 4 15
693 12 X 452 46
105 15 X 4 47
362 13 X 4 105
876 11 X 693 362
966 10 X 759 876
1097 9 X 953 966
735 11 X 4 362
995 10 X 779 735
1109 9 X 968 995
1194 8 X 1097 1109
1271 7 X 1190 1194
1306 6 X 1259 1271
195 14 X 3 97
356 13 X 3 195
507 12 X 3 356
787 11 X 507 3
903 10 X 3 787
503 12 X 3 195
786 11 X 503 3
902 10 X 3 786
1077 9 X 903 902
1180 8 X 1077 1085
1260 7 X 1170 1180
230 14 X 47 45
374 13 X 47 230
525 12 X 47 374
794 11 X 525 47
955 10 X 757 794
218 14 X 4 46
512 12 X 4 218
789 11 X 512 362
961 10 X 759 789
1099 9 X 955 961
1196 8 X 1099 1109
1273 7 X 1190 1196
1308 6 X 1260 1273
1331 5 X 1306 1308
1346 4 X 1334 1331
967 10 X 763 1
990 10 X 778 220
1101 9 X 967 990
225 14 X 43 47
516 12 X 47 225
991 10 X 778 516
1106 9 X 968 991
8 18 X 2 4
6 18 X 2 1
30 17 X 8 6
48 16 X 4 30
134 15 X 47 48
319 14 X 134 47
522 12 X 47 319
89 15 X 2 43
270 14 X 89 47
519 12 X 47 270
793 11 X 522 519
992 10 X 778 793
1107 9 X 968 992
1200 8 X 1106 1107
1251 7 X 1105 1200
1296 6 X 1101 1251
1295 6 X 1101 1105
1326 5 X 1296 1295
994 10 X 779 228
1102 9 X 967 994
64 16 X 20 2
114 15 X 20 64
233 14 X 47 114
470 13 X 233 228
133 15 X 47 43
317 14 X 133 114
715 12 X 470 317
226 14 X 43 64
553 12 X 228 226
896 11 X 715 553
1006 10 X 779 896
1104 9 X 967 1006
318 14 X 134 20
561 12 X 228 318
268 14 X 89 20
557 12 X 228 268
807 11 X 561 557
1000 10 X 779 807
1103 9 X 967 1000
1199 8 X 1104 1103
1248 7 X 1102 1199
692 12 X 452 43
606 12 X 362 43
875 11 X 692 606
1004 10 X 779 875
1113 9 X 968 1004
44 16 X 4 8
104 15 X 4 44
294 14 X 104 4
513 12 X 4 294
267 14 X 89 4
271 14 X 89 105
478 13 X 267 271
610 12 X 362 478
790 11 X 513 610
998 10 X 779 790
1110 9 X 968 998
1203 8 X 1113 1110
1253 7 X 1108 1203
1301 6 X 1248 1253
34 16 X 1 2
78 15 X 1 34
167 14 X 1 78
339 13 X 1 167
494 12 X 1 339
164 14 X 1 34
338 13 X 1 164
493 12 X 1 338
783 11 X 494 493
971 10 X 763 783
555 12 X 228 233
231 14 X 47 64
554 12 X 228 231
806 11 X 555 554
999 10 X 779 806
1116 9 X 971 999
1206 8 X 1116 1102
1249 7 X 1102 1206
229 14 X 47 43
373 13 X 47 229
524 12 X 47 373
969 10 X 763 524
511 12 X 4 217
295 14 X 105 43
455 13 X 217 295
609 12 X 362 455
788 11 X 511 609
997 10 X 779 788
1114 9 X 969 997
1204 8 X 1114 1109
1254 7 X 1108 1204
1302 6 X 1249 1254
1329 5 X 1301 1302
1342 4 X 1326 1329
1351 3 X 1346 1342
725 11 X 3 66
1066 9 X 3 725
70 16 X 24 33
156 15 X 66 70
22 17 X 4 5
67 16 X 22 33
154 15 X 66 67
337 14 X 156 154
752 11 X 292 337
1071 9 X 92 752
1172 8 X 1066 1071
576 12 X 337 66
754 11 X 292 576
949 10 X 754 752
1086 9 X 926 949
1173 8 X 1066 1086
1262 7 X 1172 1173
371 13 X 47 225
621 12 X 371 227
833 11 X 621 47
963 10 X 759 833
1095 9 X 953 963
1192 8 X 1095 1108
1270 7 X 1190 1192
1310 6 X 1262 1270
523 12 X 47 371
760 11 X 371 523
954 10 X 757 760
372 13 X 47 227
623 12 X 371 372
835 11 X 623 47
964 10 X 759 835
1098 9 X 954 964
1195 8 X 1098 1108
1272 7 X 1190 1195
1311 6 X 1262 1272
1333 5 X 1310 1311
960 10 X 759 735
1094 9 X 953 960
1191 8 X 1094 1109
451 13 X 217 130
690 12 X 451 46
873 11 X 690 362
965 10 X 759 873
1096 9 X 953 965
1193 8 X 1096 1109
1274 7 X 1191 1193
1307 6 X 1259 1274
286 14 X 95 3
359 13 X 3 286
355 13 X 3 97
596 12 X 359 355
823 11 X 596 3
904 10 X 3 823
428 13 X 195 97
598 12 X 359 428
825 11 X 598 3
905 10 X 3 825
1078 9 X 904 905
1181 8 X 1078 1085
1261 7 X 1170 1181
369 13 X 47 45
622 12 X 371 369
834 11 X 622 47
956 10 X 757 834
224 14 X 43 4
363 13 X 4 224
456 13 X 218 46
612 12 X 363 456
827 11 X 612 362
962 10 X 759 827
1100 9 X 956 962
1197 8 X 1100 1109
1275 7 X 1191 1197
1309 6 X 1261 1275
1332 5 X 1307 1309
1345 4 X 1333 1332
620 12 X 371 225
832 11 X 620 516
1002 10 X 779 832
1111 9 X 968 1002
1201 8 X 1111 1108
1252 7 X 1108 1201
1297 6 X 1102 1252
129 15 X 43 2
311 14 X 129 47
379 13 X 47 311
53 16 X 8 20
135 15 X 47 53
320 14 X 135 47
381 13 X 47 320
632 12 X 381 379
761 11 X 379 632
970 10 X 763 761
996 10 X 779 760
1115 9 X 970 996
1205 8 X 1115 1108
1255 7 X 1108 1205
1298 6 X 1102 1255
1327 5 X 1297 1298
1198 8 X 1104 1102
1247 7 X 1102 1198
689 12 X 451 43
872 11 X 689 606
1003 10 X 779 872
1112 9 X 968 1003
1202 8 X 1112 1109
1256 7 X 1109 1202
1300 6 X 1247 1256
77 15 X 1 2
247 14 X 77 1
342 13 X 1 247
248 14 X 77 78
343 13 X 1 248
579 12 X 342 343
50 16 X 6 1
81 15 X 1 50
252 14 X 81 1
346 13 X 1 252
116 15 X 34 2
297 14 X 116 34
350 13 X 1 297
582 12 X 346 350
814 11 X 579 582
972 10 X 763 814
316 14 X 133 20
460 13 X 228 316
471 13 X 233 317
702 12 X 460 471
468 13 X 231 226
564 12 X 228 468
885 11 X 702 564
1005 10 X 779 885
1117 9 X 972 1005
1207 8 X 1117 1102
1250 7 X 1102 1207
310 14 X 129 43
378 13 X 47 310
629 12 X 379 378
631 12 X 381 378
839 11 X 629 631
973 10 X 763 839
450 13 X 217 43
611 12 X 363 450
608 12 X 362 450
826 11 X 611 608
1001 10 X 779 826
1118 9 X 973 1001
1208 8 X 1118 1109
1257 7 X 1109 1208
1303 6 X 1250 1257
1328 5 X 1300 1303
1343 4 X 1327 1328
1350 3 X 1345 1343
1354 2 X 1351 1350
191 14 X 3 92
1168 8 X 3 191
536 12 X 191 3
737 11 X 191 536
927 10 X 737 191
1169 8 X 3 927
1258 7 X 1168 1169
901 10 X 1 47
907 10 X 220 47
1074 9 X 901 907
163 14 X 1 13
177 14 X 2 13
528 12 X 163 177
26 17 X 6 1
71 16 X 26 1
166 14 X 1 71
531 12 X 166 177
795 11 X 528 531
181 14 X 2 47
515 12 X 47 181
1008 10 X 795 515
106 15 X 13 1
221 14 X 42 106
88 15 X 2 42
266 14 X 88 106
551 12 X 221 266
157 15 X 71 1
223 14 X 42 157
552 12 X 223 266
805 11 X 551 552
1016 10 X 805 519
1130 9 X 1008 1016
1219 8 X 1130 1074
1245 7 X 1074 1219
1304 6 X 1258 1245
83 15 X 1 71
169 14 X 1 83
36 16 X 1 13
119 15 X 36 13
173 14 X 1 119
533 12 X 169 173
486 12 X 1 173
798 11 X 533 486
1011 10 X 798 47
118 15 X 36 1
222 14 X 42 118
548 12 X 220 222
912 10 X 548 47
1134 9 X 1011 912
1222 8 X 1134 1074
1246 7 X 1074 1222
1305 6 X 1258 1246
1330 5 X 1304 1305
61 16 X 14 3
60 16 X 14 2
149 15 X 61 60
212 14 X 3 149
145 15 X 61 3
208 14 X 3 145
444 13 X 212 208
7 18 X 2 3
27 17 X 7 3
72 16 X 27 3
190 14 X 3 72
158 15 X 72 3
213 14 X 3 158
412 13 X 190 213
189 14 X 3 60
144 15 X 60 3
207 14 X 3 144
410 13 X 189 207
662 12 X 412 410
772 11 X 444 662
673 12 X 425 194
188 14 X 3 39
501 12 X 3 188
860 11 X 673 501
982 10 X 772 860
542 12 X 213 207
730 11 X 3 542
921 10 X 730 860
1127 9 X 982 921
146 15 X 61 5
209 14 X 3 146
541 12 X 209 191
159 15 X 72 5
214 14 X 3 159
109 15 X 14 5
200 14 X 3 109
544 12 X 214 200
803 11 X 541 544
1014 10 X 803 191
193 14 X 3 94
160 15 X 72 33
215 14 X 3 160
111 15 X 14 33
202 14 X 3 111
545 12 X 215 202
739 11 X 193 545
929 10 X 739 193
1137 9 X 1014 929
1217 8 X 1127 1137
91 15 X 3 2
285 14 X 91 149
479 13 X 285 208
681 12 X 444 479
183 14 X 2 60
85 15 X 2 3
260 14 X 85 144
404 13 X 183 260
661 12 X 412 404
869 11 X 681 661
281 14 X 91 95
674 12 X 425 281
179 14 X 2 39
500 12 X 3 179
861 11 X 674 500
1046 10 X 869 861
543 12 X 213 260
731 11 X 3 543
671 12 X 425 95
87 15 X 2 39
263 14 X 87 39
506 12 X 3 263
857 11 X 671 506
922 10 X 731 857
1164 9 X 1046 922
538 12 X 193 3
738 11 X 193 538
928 10 X 738 193
1087 9 X 927 928
1242 8 X 1164 1087
1284 7 X 1217 1242
59 16 X 13 2
165 14 X 1 59
142 15 X 59 1
174 14 X 1 142
389 13 X 165 174
175 14 X 1 157
391 13 X 166 175
646 12 X 391 389
767 11 X 389 646
132 15 X 43 47
234 14 X 47 132
465 13 X 229 234
708 12 X 465 229
518 12 X 47 229
889 11 X 708 518
977 10 X 767 889
143 15 X 59 20
235 14 X 47 143
29 17 X 8 1
74 16 X 29 20
162 15 X 74 20
238 14 X 47 162
572 12 X 238 235
748 11 X 235 572
945 10 X 748 889
1122 9 X 977 945
170 14 X 1 106
534 12 X 170 1
535 12 X 175 170
799 11 X 534 535
1012 10 X 799 47
107 15 X 13 20
232 14 X 47 107
567 12 X 232 228
571 12 X 238 232
809 11 X 567 571
1017 10 X 809 47
1135 9 X 1012 1017
1212 8 X 1122 1135
182 14 X 2 59
84 15 X 2 1
256 14 X 84 142
403 13 X 182 256
644 12 X 389 403
647 12 X 391 403
845 11 X 644 647
180 14 X 2 43
707 12 X 465 180
514 12 X 47 180
888 11 X 707 514
1033 10 X 845 888
90 15 X 2 47
276 14 X 90 143
568 12 X 235 276
573 12 X 238 276
810 11 X 568 573
269 14 X 89 43
694 12 X 452 269
607 12 X 362 269
877 11 X 694 607
1018 10 X 810 877
1151 9 X 1033 1018
909 10 X 228 735
1076 9 X 901 909
1231 8 X 1151 1076
1279 7 X 1212 1231
1320 6 X 1284 1279
103 15 X 3 72
198 14 X 3 103
101 15 X 3 60
197 14 X 3 101
540 12 X 198 197
126 15 X 39 60
204 14 X 3 126
505 12 X 3 204
802 11 X 540 505
502 12 X 3 194
785 11 X 502 501
1013 10 X 802 785
125 15 X 39 3
203 14 X 3 125
504 12 X 3 203
727 11 X 3 504
918 10 X 727 785
1136 9 X 1013 918
28 17 X 7 5
73 16 X 28 5
161 15 X 72 73
216 14 X 3 161
16 17 X 2 5
49 16 X 5 16
98 15 X 3 49
196 14 X 3 98
546 12 X 216 196
110 15 X 14 16
201 14 X 3 110
547 12 X 216 201
804 11 X 546 547
1015 10 X 804 191
1138 9 X 1015 929
1224 8 X 1136 1138
1223 8 X 1136 1087
1287 7 X 1224 1223
117 15 X 34 59
172 14 X 1 117
532 12 X 169 172
485 12 X 1 172
797 11 X 532 485
1010 10 X 797 518
152 15 X 64 20
236 14 X 47 152
556 12 X 228 236
914 10 X 556 518
1132 9 X 1010 914
80 15 X 1 36
168 14 X 1 80
530 12 X 166 168
529 12 X 166 163
796 11 X 530 529
1009 10 X 796 47
570 12 X 238 228
812 11 X 570 571
1020 10 X 812 47
1131 9 X 1009 1020
1220 8 X 1132 1131
915 10 X 556 788
1133 9 X 1010 915
1221 8 X 1133 1076
1286 7 X 1220 1221
1322 6 X 1287 1286
1339 5 X 1320 1322
1344 4 X 1330 1339
1064 9 X 1 220
296 14 X 116 1
491 12 X 1 296
521 12 X 47 311
911 10 X 491 521
131 15 X 43 42
312 14 X 131 1
550 12 X 220 312
913 10 X 550 516
1081 9 X 911 913
249 14 X 78 1
488 12 X 1 249
176 14 X 2 1
487 12 X 1 176
781 11 X 488 487
792 11 X 522 515
1007 10 X 781 792
265 14 X 88 1
549 12 X 220 265
741 11 X 220 549
933 10 X 741 793
1129 9 X 1007 933
1184 8 X 1081 1129
1244 7 X 1074 1184
1294 6 X 1064 1244
1293 6 X 1064 1074
1325 5 X 1294 1293
395 13 X 167 1
115 15 X 34 1
171 14 X 1 115
387 13 X 164 171
497 12 X 1 387
770 11 X 395 497
653 12 X 395 167
483 12 X 1 164
848 11 X 653 483
980 10 X 770 848
742 11 X 228 556
714 12 X 470 233
895 11 X 714 554
935 10 X 742 895
1125 9 X 980 935
1065 9 X 1 228
1215 8 X 1125 1065
477 13 X 248 1
656 12 X 395 477
482 13 X 297 115
499 12 X 1 482
851 11 X 656 499
654 12 X 395 248
492 12 X 1 297
849 11 X 654 492
1037 10 X 851 849
314 14 X 132 152
560 12 X 228 314
744 11 X 228 560
938 10 X 744 896
1155 9 X 1037 938
254 14 X 84 1
490 12 X 1 254
724 11 X 1 490
35 16 X 1 6
79 15 X 1 35
251 14 X 79 1
489 12 X 1 251
782 11 X 489 487
916 10 X 724 782
272 14 X 90 20
558 12 X 228 272
743 11 X 228 558
937 10 X 743 807
1082 9 X 916 937
1234 8 X 1155 1082
1282 7 X 1215 1234
766 11 X 387 497
976 10 X 766 889
749 11 X 236 556
946 10 X 749 889
1121 9 X 976 946
908 10 X 228 47
1075 9 X 901 908
1211 8 X 1121 1075
643 12 X 387 482
844 11 X 643 499
709 12 X 465 310
520 12 X 47 310
890 11 X 709 520
1032 10 X 844 890
569 12 X 236 314
811 11 X 569 560
1019 10 X 811 875
1150 9 X 1032 1019
917 10 X 724 792
936 10 X 743 790
1083 9 X 917 936
1230 8 X 1150 1083
1278 7 X 1211 1230
1318 6 X 1282 1278
484 12 X 1 167
780 11 X 484 483
934 10 X 742 806
1072 9 X 780 934
1177 8 X 1072 1065
910 10 X 483 518
1079 9 X 910 914
1182 8 X 1079 1075
1080 9 X 910 915
1183 8 X 1080 1076
1265 7 X 1182 1183
1299 6 X 1177 1265
1337 5 X 1318 1299
1341 4 X 1325 1337
1349 3 X 1344 1341
147 15 X 61 14
210 14 X 3 147
284 14 X 91 147
442 13 X 210 284
51 16 X 7 3
241 14 X 51 72
413 13 X 190 241
187 14 X 3 14
178 14 X 2 14
405 13 X 187 178
663 12 X 413 405
771 11 X 442 663
981 10 X 771 3
138 15 X 51 3
327 14 X 138 158
445 13 X 213 327
108 15 X 14 3
199 14 X 3 108
257 14 X 85 108
432 13 X 199 257
683 12 X 445 432
733 11 X 3 683
924 10 X 733 3
1126 9 X 981 924
148 15 X 61 16
211 14 X 3 148
38 16 X 2 3
122 15 X 38 2
303 14 X 122 148
443 13 X 211 303
288 14 X 95 98
429 13 X 196 288
680 12 X 443 429
243 14 X 51 161
448 13 X 216 243
186 14 X 2 110
434 13 X 201 186
687 12 X 448 434
868 11 X 680 687
1045 10 X 868 191
329 14 X 138 160
447 13 X 215 329
259 14 X 85 111
435 13 X 202 259
686 12 X 447 435
740 11 X 193 686
930 10 X 740 193
1163 9 X 1045 930
1216 8 X 1126 1163
1171 8 X 3 1087
1283 7 X 1216 1171
385 13 X 163 177
240 14 X 50 71
393 13 X 166 240
650 12 X 393 385
764 11 X 385 650
974 10 X 764 47
274 14 X 90 107
469 13 X 232 274
140 15 X 53 47
333 14 X 140 162
476 13 X 238 333
722 12 X 476 469
775 11 X 469 722
986 10 X 775 47
1119 9 X 974 986
250 14 X 78 80
397 13 X 168 250
641 12 X 385 397
842 11 X 641 650
1030 10 X 842 47
712 12 X 469 228
893 11 X 712 722
1057 10 X 893 47
1148 9 X 1030 1057
1209 8 X 1119 1148
640 12 X 385 177
649 12 X 393 177
841 11 X 640 649
370 13 X 47 181
618 12 X 370 181
244 14 X 53 47
375 13 X 47 244
624 12 X 375 181
830 11 X 618 624
1029 10 X 841 830
713 12 X 469 274
720 12 X 476 274
894 11 X 713 720
376 13 X 47 270
626 12 X 376 270
332 14 X 140 47
383 13 X 47 332
637 12 X 383 270
836 11 X 626 637
1059 10 X 894 836
1147 9 X 1029 1059
1228 8 X 1147 1075
1276 7 X 1209 1228
1319 6 X 1283 1276
283 14 X 91 103
431 13 X 198 283
93 15 X 3 14
192 14 X 3 93
280 14 X 91 93
420 13 X 192 280
677 12 X 431 420
19 17 X 3 7
63 16 X 19 3
102 15 X 3 63
293 14 X 102 3
360 13 X 3 293
128 15 X 41 14
206 14 X 3 128
124 15 X 39 2
308 14 X 124 128
439 13 X 206 308
601 12 X 360 439
865 11 X 677 601
1042 10 X 865 3
127 15 X 41 3
205 14 X 3 127
309 14 X 125 127
438 13 X 205 309
510 12 X 3 438
729 11 X 3 510
920 10 X 729 3
1160 9 X 1042 920
304 14 X 122 161
449 13 X 216 304
688 12 X 449 429
871 11 X 688 687
1048 10 X 871 191
1166 9 X 1048 930
1239 8 X 1160 1166
1291 7 X 1239 1171
298 14 X 116 83
398 13 X 169 298
300 14 X 116 119
401 13 X 173 300
658 12 X 398 401
12 17 X 1 6
58 16 X 12 1
82 15 X 1 58
253 14 X 82 1
347 13 X 1 253
587 12 X 347 401
853 11 X 658 587
1039 10 X 853 47
313 14 X 132 20
459 13 X 228 313
65 16 X 20 13
153 15 X 65 20
237 14 X 47 153
315 14 X 132 153
474 13 X 237 315
700 12 X 459 474
566 12 X 228 474
883 11 X 700 566
1055 10 X 883 47
1157 9 X 1039 1055
184 14 X 2 71
392 13 X 166 184
648 12 X 392 397
847 11 X 648 650
1035 10 X 847 47
277 14 X 90 162
475 13 X 238 277
719 12 X 475 228
900 11 X 719 722
1062 10 X 900 47
1153 9 X 1035 1062
1237 8 X 1157 1153
23 17 X 4 8
68 16 X 23 20
136 15 X 47 68
321 14 X 136 47
382 13 X 47 321
634 12 X 382 379
762 11 X 379 634
1040 10 X 853 762
1056 10 X 883 760
1158 9 X 1040 1056
1238 8 X 1158 1075
1290 7 X 1237 1238
1323 6 X 1291 1290
1338 5 X 1319 1323
414 13 X 190 327
411 13 X 189 260
665 12 X 414 411
773 11 X 444 665
427 13 X 194 281
676 12 X 425 427
324 14 X 138 3
361 13 X 3 324
407 13 X 188 179
604 12 X 361 407
864 11 X 676 604
983 10 X 773 864
440 13 X 207 260
684 12 X 445 440
734 11 X 3 684
426 13 X 194 95
675 12 X 425 426
408 13 X 188 263
605 12 X 361 408
863 11 X 675 605
925 10 X 734 863
1128 9 X 983 925
123 15 X 38 3
305 14 X 123 146
441 13 X 209 305
679 12 X 441 191
328 14 X 138 159
446 13 X 214 328
258 14 X 85 109
433 13 X 200 258
685 12 X 446 433
867 11 X 679 685
40 16 X 3 7
96 15 X 3 40
289 14 X 96 92
418 13 X 191 289
537 12 X 191 418
325 14 X 138 92
419 13 X 191 325
185 14 X 2 92
415 13 X 191 185
668 12 X 419 415
800 11 X 537 668
1044 10 X 867 800
290 14 X 96 94
423 13 X 193 290
539 12 X 193 423
326 14 X 138 94
424 13 X 193 326
264 14 X 87 94
421 13 X 193 264
670 12 X 424 421
801 11 X 539 670
931 10 X 740 801
1162 9 X 1044 931
1218 8 X 1128 1162
664 12 X 414 404
870 11 X 681 664
602 12 X 361 179
862 11 X 674 602
1047 10 X 870 862
682 12 X 445 260
732 11 X 3 682
603 12 X 361 263
858 11 X 671 603
923 10 X 732 858
1165 9 X 1047 923
1243 8 X 1165 1087
1285 7 X 1218 1243
390 13 X 165 256
137 15 X 50 1
323 14 X 137 157
394 13 X 166 323
651 12 X 394 390
768 11 X 390 651
275 14 X 90 132
466 13 X 229 275
464 13 X 229 180
711 12 X 466 464
639 12 X 383 464
892 11 X 711 639
978 10 X 768 892
472 13 X 235 276
723 12 X 476 472
776 11 X 472 723
86 15 X 2 4
262 14 X 86 130
453 13 X 217 262
454 13 X 217 269
696 12 X 453 454
52 16 X 8 4
139 15 X 52 47
330 14 X 139 105
368 13 X 4 330
617 12 X 368 454
879 11 X 696 617
987 10 X 776 879
1123 9 X 978 987
255 14 X 84 106
399 13 X 170 255
659 12 X 399 1
402 13 X 175 323
660 12 X 402 399
854 11 X 659 660
273 14 X 90 47
377 13 X 47 273
380 13 X 47 319
627 12 X 377 380
638 12 X 383 370
837 11 X 627 638
1041 10 X 854 837
261 14 X 86 4
364 13 X 4 261
367 13 X 4 294
613 12 X 364 367
366 13 X 4 271
616 12 X 368 366
828 11 X 613 616
1058 10 X 893 828
1159 9 X 1041 1058
1213 8 X 1123 1159
645 12 X 390 403
652 12 X 394 403
846 11 X 645 652
710 12 X 466 180
636 12 X 383 180
891 11 X 710 636
1034 10 X 846 891
717 12 X 472 276
721 12 X 476 276
898 11 X 717 721
695 12 X 453 269
615 12 X 368 269
878 11 X 695 615
1060 10 X 898 878
1152 9 X 1034 1060
1232 8 X 1152 1076
1280 7 X 1213 1232
1321 6 X 1285 1280
282 14 X 91 101
430 13 X 197 282
678 12 X 431 430
307 14 X 124 126
437 13 X 204 307
600 12 X 360 437
866 11 X 678 600
278 14 X 91 3
358 13 X 3 278
595 12 X 358 427
306 14 X 124 39
409 13 X 188 306
599 12 X 360 409
822 11 X 595 599
1043 10 X 866 822
436 13 X 203 125
509 12 X 3 436
728 11 X 3 509
597 12 X 359 426
406 13 X 188 39
508 12 X 3 406
824 11 X 597 508
919 10 X 728 824
1161 9 X 1043 919
279 14 X 91 92
417 13 X 191 279
667 12 X 417 418
242 14 X 51 92
416 13 X 191 242
666 12 X 416 415
855 11 X 667 666
1049 10 X 871 855
287 14 X 95 94
422 13 X 193 287
669 12 X 422 423
856 11 X 669 670
932 10 X 740 856
1167 9 X 1049 932
1241 8 X 1161 1167
1240 8 X 1161 1087
1292 7 X 1241 1240
299 14 X 116 117
400 13 X 172 299
657 12 X 398 400
586 12 X 347 400
852 11 X 657 586
467 13 X 229 310
630 12 X 379 467
635 12 X 382 467
840 11 X 630 635
1038 10 X 852 840
473 13 X 236 314
699 12 X 459 473
565 12 X 228 473
882 11 X 699 565
1054 10 X 882 826
1156 9 X 1038 1054
619 12 X 370 380
625 12 X 375 370
831 11 X 619 625
1036 10 X 847 831
365 13 X 4 267
614 12 X 365 367
829 11 X 614 616
1063 10 X 900 829
1154 9 X 1036 1063
1236 8 X 1156 1154
1235 8 X 1156 1076
1289 7 X 1236 1235
1324 6 X 1292 1289
1340 5 X 1321 1324
1348 4 X 1338 1340
349 13 X 1 296
584 12 X 347 349
755 11 X 342 584
950 10 X 755 1
562 12 X 228 459
745 11 X 228 562
939 10 X 745 228
1088 9 X 950 939
37 16 X 2 1
121 15 X 37 2
302 14 X 121 1
352 13 X 1 302
344 13 X 1 249
592 12 X 352 344
239 14 X 50 1
341 13 X 1 239
340 13 X 1 176
578 12 X 341 340
821 11 X 592 578
1027 10 X 821 1
331 14 X 140 20
462 13 X 228 331
458 13 X 228 272
704 12 X 462 458
747 11 X 228 704
942 10 X 747 228
1145 9 X 1027 942
1185 8 X 1088 1145
1266 7 X 1185 1065
756 11 X 349 584
951 10 X 756 47
774 11 X 459 562
984 10 X 774 47
1089 9 X 951 984
577 12 X 340 344
813 11 X 577 578
1021 10 X 813 47
697 12 X 458 228
880 11 X 697 704
1050 10 X 880 47
1139 9 X 1021 1050
1186 8 X 1089 1139
589 12 X 349 296
583 12 X 347 296
818 11 X 589 583
628 12 X 379 311
633 12 X 382 311
838 11 X 628 633
1024 10 X 818 838
698 12 X 459 313
559 12 X 228 313
881 11 X 698 559
1053 10 X 881 832
1142 9 X 1024 1053
1225 8 X 1142 1075
1268 7 X 1186 1225
1316 6 X 1266 1268
952 10 X 756 762
985 10 X 774 760
1090 9 X 952 985
1187 8 X 1090 1075
1267 7 X 1186 1187
1315 6 X 1266 1267
1335 5 X 1316 1315
386 13 X 164 115
496 12 X 1 386
769 11 X 395 496
396 13 X 167 248
655 12 X 395 396
388 13 X 164 297
498 12 X 1 388
850 11 X 655 498
979 10 X 769 850
746 11 X 228 565
716 12 X 470 471
897 11 X 716 564
941 10 X 746 897
1124 9 X 979 941
120 15 X 37 1
301 14 X 120 1
351 13 X 1 301
591 12 X 351 1
322 14 X 137 1
353 13 X 1 322
348 13 X 1 254
594 12 X 353 348
820 11 X 591 594
345 13 X 1 251
495 12 X 1 345
593 12 X 353 340
784 11 X 495 593
1026 10 X 820 784
461 13 X 228 318
563 12 X 228 461
457 13 X 228 268
703 12 X 462 457
808 11 X 563 703
943 10 X 747 808
1144 9 X 1026 943
1214 8 X 1124 1144
1233 8 X 1155 1065
1281 7 X 1214 1233
765 11 X 386 496
463 13 X 229 132
706 12 X 463 467
526 12 X 47 467
887 11 X 706 526
975 10 X 765 887
777 11 X 473 565
691 12 X 451 450
874 11 X 691 608
988 10 X 777 874
1120 9 X 975 988
588 12 X 348 1
817 11 X 588 594
1023 10 X 817 837
1051 10 X 880 828
1141 9 X 1023 1051
1210 8 X 1120 1141
642 12 X 386 482
843 11 X 642 499
705 12 X 463 310
886 11 X 705 520
1031 10 X 843 886
718 12 X 473 314
899 11 X 718 560
1061 10 X 899 872
1149 9 X 1031 1061
1229 8 X 1149 1076
1277 7 X 1210 1229
1317 6 X 1281 1277
581 12 X 342 396
585 12 X 347 388
816 11 X 581 585
940 10 X 746 885
1073 9 X 816 940
580 12 X 342 345
815 11 X 580 578
1028 10 X 821 815
701 12 X 460 461
884 11 X 701 703
944 10 X 747 884
1146 9 X 1028 944
1179 8 X 1073 1146
1178 8 X 1073 1065
1264 7 X 1179 1178
590 12 X 349 388
819 11 X 590 585
1025 10 X 819 840
1143 9 X 1025 1054
1022 10 X 813 831
1052 10 X 880 829
1140 9 X 1022 1052
1227 8 X 1143 1140
1226 8 X 1143 1076
1288 7 X 1227 1226
1314 6 X 1264 1288
1336 5 X 1317 1314
1347 4 X 1335 1336
1352 3 X 1348 1347
1353 2 X 1349 1352
1355 1 X 1354 1353
