250
tkcqop xkmltt pfsuzv dampyx kbajso zxqglb zrqgfm ynkoao faidfj nujsql hpkhlk ecaadv qjgixw fcvisy oxowoi lxhdan wyhhhm tngfjy prevxw txbqqc
15 2 6 7 11 12 20 1 17 5 3 13 18 14 8 10 4 19 9 16
3 21 1 -1 -1
1 21 -1 -1 -1
11 18 X 3 1
51 14 X 3 11
6 19 X 1 3
22 16 X 3 6
87 12 X 3 22
124 11 X 51 87
119 11 X 3 87
185 8 X 124 119
35 15 X 3 1
36 15 X 11 1
64 14 X 35 36
13 18 X 6 1
32 16 X 11 13
53 14 X 22 32
98 12 X 64 53
139 11 X 98 87
90 12 X 35 22
133 11 X 90 87
202 8 X 139 133
213 7 X 185 202
63 14 X 35 11
97 12 X 63 53
138 11 X 97 87
62 14 X 35 3
96 12 X 62 22
137 11 X 96 87
200 8 X 138 137
212 7 X 185 200
228 6 X 213 212
23 16 X 3 11
54 14 X 23 11
24 16 X 3 13
89 12 X 23 24
127 11 X 54 89
121 11 X 23 89
189 8 X 127 121
56 14 X 24 32
93 12 X 54 56
134 11 X 93 89
195 8 X 134 89
218 7 X 189 195
2 21 0 -1 -1
8 19 X 3 2
5 19 X 1 2
15 18 X 8 5
19 17 X 11 15
26 16 X 3 19
14 18 X 8 1
18 17 X 11 14
25 16 X 3 18
44 15 X 26 25
33 16 X 11 18
70 14 X 44 33
84 13 X 54 70
111 12 X 84 54
148 11 X 111 89
165 10 X 148 127
177 9 X 127 165
75 13 X 23 25
101 12 X 75 23
42 15 X 25 23
76 13 X 23 42
104 12 X 76 24
142 11 X 101 104
159 10 X 142 121
57 14 X 25 44
78 13 X 23 57
106 12 X 78 23
43 15 X 26 23
69 14 X 42 43
79 13 X 23 69
108 12 X 79 24
145 11 X 106 108
55 14 X 23 43
77 13 X 23 55
105 12 X 77 24
122 11 X 23 105
162 10 X 145 122
180 9 X 159 162
206 8 X 177 180
112 12 X 84 56
149 11 X 112 89
166 10 X 149 134
179 9 X 134 166
107 12 X 78 24
146 11 X 107 108
132 11 X 89 105
163 10 X 146 132
174 9 X 89 163
209 8 X 179 174
227 7 X 206 209
233 6 X 218 227
130 11 X 75 89
153 10 X 130 121
190 8 X 127 153
12 18 X 5 1
20 17 X 13 12
27 16 X 3 20
80 13 X 24 27
103 12 X 75 80
144 11 X 103 89
161 10 X 144 89
173 9 X 89 161
197 8 X 134 173
219 7 X 190 197
231 6 X 218 219
237 5 X 233 231
243 4 X 228 237
141 11 X 101 89
158 10 X 141 121
203 8 X 177 158
102 12 X 75 24
143 11 X 102 89
160 10 X 143 89
172 9 X 89 160
208 8 X 179 172
224 7 X 203 208
232 6 X 218 224
236 5 X 232 231
242 4 X 228 236
246 3 X 243 242
4 20 X 3 1
9 18 X 1 4
7 19 X 1 4
10 18 X 1 7
29 16 X 9 10
88 12 X 9 29
120 11 X 9 88
186 8 X 124 120
117 11 X 1 88
201 8 X 139 117
215 7 X 186 201
199 8 X 138 117
214 7 X 186 199
229 6 X 215 214
16 17 X 1 5
30 16 X 9 16
17 17 X 1 12
31 16 X 9 17
48 15 X 30 31
28 16 X 9 1
73 14 X 48 28
86 13 X 73 28
114 12 X 86 28
151 11 X 114 28
168 10 X 151 28
182 9 X 168 28
193 8 X 127 182
115 11 X 1 28
196 8 X 134 115
222 7 X 193 196
60 14 X 28 48
95 12 X 60 28
47 15 X 30 28
59 14 X 28 47
82 13 X 28 59
109 12 X 82 28
136 11 X 95 109
123 11 X 28 109
156 10 X 136 123
171 9 X 28 156
205 8 X 177 171
40 15 X 23 25
37 15 X 11 33
67 14 X 40 37
83 13 X 54 67
110 12 X 83 56
147 11 X 110 89
164 10 X 147 134
178 9 X 134 164
21 16 X 1 17
34 15 X 1 21
50 14 X 1 34
74 13 X 1 50
100 12 X 74 1
140 11 X 100 28
157 10 X 140 115
176 9 X 115 157
207 8 X 178 176
226 7 X 205 207
235 6 X 222 226
188 8 X 127 28
217 7 X 188 196
58 14 X 28 31
81 13 X 28 58
131 11 X 81 28
154 10 X 131 28
169 9 X 28 154
191 8 X 127 169
129 11 X 74 28
152 10 X 129 115
175 9 X 115 152
198 8 X 134 175
220 7 X 191 198
230 6 X 217 220
239 5 X 235 230
245 4 X 229 239
61 14 X 31 28
85 13 X 61 28
113 12 X 85 28
150 11 X 113 28
167 10 X 150 28
181 9 X 167 28
192 8 X 127 181
221 7 X 192 196
94 12 X 58 28
135 11 X 94 28
155 10 X 135 28
170 9 X 28 155
204 8 X 177 170
225 7 X 204 207
234 6 X 221 225
238 5 X 234 230
244 4 X 229 238
247 3 X 245 244
249 2 X 246 247
38 15 X 22 3
49 15 X 32 11
65 14 X 38 49
91 12 X 51 65
125 11 X 51 91
210 7 X 125 91
39 15 X 23 3
66 14 X 39 11
41 15 X 24 3
68 14 X 41 49
99 12 X 66 68
128 11 X 66 99
211 7 X 128 99
240 4 X 210 211
52 14 X 9 1
46 15 X 29 9
72 14 X 46 1
92 12 X 52 72
126 11 X 52 92
187 8 X 125 126
118 11 X 1 92
183 8 X 91 118
216 7 X 187 183
45 15 X 28 9
71 14 X 45 1
194 8 X 128 71
116 11 X 1 71
184 8 X 99 116
223 7 X 194 184
241 4 X 216 223
248 2 X 240 241
250 1 X 249 248
