190
kpjhss fglraw vutevn gcidcu leeedn ucsxhc jwpbdx qowkaa lrvqck jxdsmb pclwff yssmyu jilnhg tchyao wbuemb weocav
3 11 16 4 9 6 10 2 5 1 12 13 7 8 15 14
3 17 1 -1 -1
1 17 -1 -1 -1
18 14 X 1 3
36 13 X 3 18
8 15 X 1 3
30 14 X 8 3
39 13 X 3 30
111 9 X 36 39
2 17 0 -1 -1
6 16 X 3 2
16 15 X 6 3
48 13 X 16 30
26 14 X 3 16
54 13 X 26 30
70 12 X 48 54
10 15 X 2 3
42 13 X 10 30
69 12 X 48 42
98 11 X 70 69
109 10 X 98 39
117 9 X 36 109
138 8 X 111 117
151 7 X 138 111
165 6 X 151 111
169 5 X 36 165
168 5 X 36 111
178 4 X 169 168
155 6 X 1 36
171 5 X 155 111
180 4 X 171 168
185 3 X 178 180
23 14 X 3 1
49 13 X 23 1
76 11 X 36 49
29 14 X 8 1
50 13 X 23 29
85 11 X 39 50
120 9 X 76 85
170 5 X 76 120
73 11 X 3 23
5 16 X 1 3
24 14 X 3 5
58 12 X 23 24
74 11 X 3 58
119 9 X 73 74
136 8 X 73 119
179 4 X 170 136
188 2 X 185 179
53 13 X 26 18
60 12 X 36 53
78 11 X 36 60
113 9 X 36 78
47 13 X 16 18
41 13 X 10 18
67 12 X 47 41
83 11 X 36 67
114 9 X 36 83
140 8 X 113 114
25 14 X 3 10
51 13 X 25 18
59 12 X 36 51
77 11 X 36 59
112 9 X 36 77
139 8 X 112 114
152 7 X 140 139
19 14 X 1 5
40 13 X 5 19
87 11 X 40 36
99 10 X 36 87
125 9 X 99 77
127 9 X 99 83
143 8 X 125 127
7 15 X 1 2
27 14 X 7 3
38 13 X 3 27
22 14 X 2 3
37 13 X 3 22
61 12 X 38 37
79 11 X 36 61
88 11 X 40 61
103 10 X 79 88
11 15 X 3 2
28 14 X 7 11
44 13 X 11 28
65 12 X 44 2
81 11 X 36 65
20 14 X 1 11
43 13 X 11 20
17 14 X 1 2
35 13 X 2 17
64 12 X 43 35
80 11 X 36 64
104 10 X 81 80
133 9 X 103 104
15 15 X 6 2
4 16 X 1 2
14 15 X 4 2
33 14 X 14 15
46 13 X 15 33
66 12 X 46 2
82 11 X 36 66
126 9 X 99 82
146 8 X 133 126
153 7 X 143 146
166 6 X 152 153
68 12 X 48 39
96 11 X 68 39
62 12 X 42 39
93 11 X 62 39
107 10 X 96 93
116 9 X 36 107
52 13 X 25 30
63 12 X 42 52
95 11 X 63 69
110 10 X 98 95
118 9 X 36 110
141 8 X 116 118
124 9 X 99 39
163 6 X 141 124
176 5 X 166 163
32 14 X 11 3
56 13 X 32 27
71 12 X 56 22
84 11 X 36 71
89 11 X 40 71
105 10 X 84 89
134 9 X 105 81
147 8 X 134 126
154 7 X 143 147
167 6 X 152 154
86 11 X 39 69
115 9 X 36 86
137 8 X 111 115
162 6 X 137 124
177 5 X 167 162
184 4 X 176 177
123 9 X 99 36
102 10 X 79 36
132 9 X 103 102
145 8 X 132 123
149 7 X 123 145
156 6 X 1 149
159 6 X 111 124
172 5 X 156 159
135 9 X 105 84
148 8 X 135 123
150 7 X 123 148
157 6 X 36 150
173 5 X 157 159
181 4 X 172 173
187 3 X 184 181
12 15 X 3 5
21 14 X 1 12
45 13 X 12 21
91 11 X 45 49
101 10 X 76 91
130 9 X 101 76
158 6 X 76 130
97 11 X 68 50
94 11 X 62 50
108 10 X 97 94
122 9 X 76 108
13 15 X 4 1
34 14 X 16 13
57 13 X 34 29
9 15 X 2 1
31 14 X 10 9
55 13 X 31 29
72 12 X 57 55
92 11 X 48 72
90 11 X 42 72
106 10 X 92 90
121 9 X 76 106
142 8 X 122 121
131 9 X 101 85
164 6 X 142 131
175 5 X 158 164
75 11 X 12 23
100 10 X 73 75
128 9 X 100 73
129 9 X 100 74
144 8 X 128 129
161 6 X 136 144
183 4 X 175 161
160 6 X 120 131
174 5 X 158 160
182 4 X 174 161
186 3 X 183 182
189 2 X 187 186
190 1 X 188 189
