3236
qcddgs tbspmc andxrk aqbneq qcfdcw dfbafa efdiea jkchap xldanp batxgx wqjxxz nqrtqk mvrbsg qbswwg lonegw dycnpz loenqm flbisj tydzia zwthrx krhvsj khacrt zxwtnw recezk veodgv cadobh ajhhbc kugsds ihjpnl spstby
20 9 19 15 12 27 8 7 1 10 29 3 4 6 23 25 17 28 13 30 2 24 14 16 21 26 18 5 11 22
3 31 1 -1 -1
1 31 -1 -1 -1
447 21 X 3 1
2140 15 X 447 3
14 28 X 1 3
448 21 X 3 14
1804 16 X 3 448
2143 15 X 447 1804
2679 12 X 2140 2143
115 25 X 14 3
449 21 X 3 115
1805 16 X 3 449
2144 15 X 447 1805
2680 12 X 2140 2144
2807 11 X 2679 2680
2982 9 X 2140 2807
3059 8 X 2982 2140
2 31 0 -1 -1
5 30 X 3 2
32 27 X 5 3
90 25 X 3 32
168 24 X 3 90
13 29 X 5 3
36 27 X 13 3
91 25 X 3 36
169 24 X 3 91
370 22 X 168 169
478 21 X 168 370
963 19 X 478 3
1228 18 X 3 963
1807 16 X 3 1228
369 22 X 168 3
477 21 X 168 369
962 19 X 477 3
1227 18 X 3 962
1806 16 X 3 1227
2164 15 X 1807 1806
2368 14 X 3 2164
2641 12 X 3 2368
2769 11 X 2641 3
2884 10 X 2769 3
19 28 X 5 3
42 27 X 19 3
94 25 X 3 42
172 24 X 3 94
80 26 X 42 3
110 25 X 3 80
188 24 X 3 110
373 22 X 172 188
4 30 X 1 2
17 28 X 4 3
40 27 X 17 14
117 25 X 14 40
215 24 X 14 117
12 29 X 4 1
25 28 X 12 3
48 27 X 25 14
87 26 X 48 14
124 25 X 14 87
222 24 X 14 124
386 22 X 215 222
669 21 X 373 386
15 28 X 2 3
37 27 X 15 3
92 25 X 3 37
170 24 X 3 92
75 26 X 37 3
108 25 X 3 75
186 24 X 3 108
372 22 X 170 186
38 27 X 15 14
116 25 X 14 38
214 24 X 14 116
8 29 X 2 1
21 28 X 8 3
44 27 X 21 14
83 26 X 44 14
123 25 X 14 83
221 24 X 14 123
383 22 X 214 221
666 21 X 372 383
948 20 X 669 666
1215 19 X 948 448
1319 18 X 448 1215
1823 16 X 3 1319
384 22 X 215 14
667 21 X 373 384
381 22 X 214 14
664 21 X 372 381
946 20 X 667 664
1213 19 X 946 448
1317 18 X 448 1213
1822 16 X 3 1317
2172 15 X 1823 1822
2486 14 X 1804 2172
70 26 X 32 3
103 25 X 3 70
181 24 X 3 103
371 22 X 168 181
663 21 X 371 386
28 27 X 2 3
89 25 X 3 28
167 24 X 3 89
16 28 X 2 5
39 27 X 16 3
93 25 X 3 39
171 24 X 3 93
267 23 X 167 171
66 26 X 28 3
102 25 X 3 66
180 24 X 3 102
77 26 X 39 3
109 25 X 3 77
187 24 X 3 109
272 23 X 180 187
411 22 X 267 272
690 21 X 411 383
943 20 X 663 690
1210 19 X 943 448
1316 18 X 448 1210
1821 16 X 3 1316
661 21 X 371 384
688 21 X 411 381
938 20 X 661 688
1205 19 X 938 448
1314 18 X 448 1205
1820 16 X 3 1314
2171 15 X 1821 1820
2485 14 X 1804 2171
2600 13 X 2486 2485
2672 12 X 3 2600
2631 12 X 3 1805
2800 11 X 2672 2631
2630 12 X 3 1804
2759 11 X 2630 2631
2915 10 X 2800 2759
2997 9 X 2884 2915
3068 8 X 2997 3
3133 7 X 3059 3068
2758 11 X 2630 3
2980 9 X 3 2758
3057 8 X 2980 3
52 26 X 3 32
97 25 X 3 52
175 24 X 3 97
53 26 X 3 36
98 25 X 3 53
176 24 X 3 98
375 22 X 175 176
480 21 X 175 375
965 19 X 480 3
1230 18 X 3 965
374 22 X 175 3
479 21 X 175 374
964 19 X 479 3
1229 18 X 3 964
2149 15 X 1230 1229
2355 14 X 3 2149
2634 12 X 3 2355
2762 11 X 2634 3
2877 10 X 2762 3
55 26 X 3 42
100 25 X 3 55
178 24 X 3 100
376 22 X 178 3
959 19 X 376 3
1226 18 X 3 959
62 26 X 14 40
119 25 X 14 62
217 24 X 14 119
388 22 X 217 14
672 21 X 376 388
54 26 X 3 37
99 25 X 3 54
177 24 X 3 99
269 23 X 177 178
413 22 X 269 3
61 26 X 14 38
118 25 X 14 61
216 24 X 14 118
387 22 X 216 14
692 21 X 413 387
954 20 X 672 692
1221 19 X 954 448
1321 18 X 448 1221
1970 16 X 1226 1321
2479 14 X 1804 1970
670 21 X 374 376
976 19 X 670 3
1235 18 X 3 976
671 21 X 374 388
51 26 X 3 28
96 25 X 3 51
174 24 X 3 96
268 23 X 174 175
412 22 X 268 3
691 21 X 412 387
953 20 X 671 691
1220 19 X 953 448
1320 18 X 448 1220
1975 16 X 1235 1320
2481 14 X 1804 1975
2597 13 X 2479 2481
2670 12 X 3 2597
2798 11 X 2670 3
2913 10 X 2798 2758
2990 9 X 2877 2913
2148 15 X 1230 3
2354 14 X 3 2148
2633 12 X 3 2354
2761 11 X 2633 3
2876 10 X 2761 3
2346 14 X 3 1226
2347 14 X 3 1235
2561 13 X 2346 2347
2667 12 X 3 2561
2795 11 X 2667 3
2910 10 X 2795 3
2989 9 X 2876 2910
3064 8 X 2990 2989
3119 7 X 3057 3064
3177 6 X 3133 3119
149 24 X 1 3
1268 18 X 149 3
2141 15 X 447 1268
2533 14 X 2140 2141
738 20 X 149 3
1322 18 X 738 3
2142 15 X 447 1322
2534 14 X 2140 2142
150 24 X 1 14
465 21 X 149 150
807 20 X 465 448
1330 18 X 807 448
2012 16 X 1322 1330
2145 15 X 447 2012
2535 14 X 2143 2145
2717 12 X 2534 2535
157 24 X 1 115
466 21 X 149 157
810 20 X 466 449
1335 18 X 810 449
2013 16 X 1322 1335
2146 15 X 447 2013
2536 14 X 2144 2146
2718 12 X 2534 2536
2844 11 X 2717 2718
2986 9 X 2533 2844
2985 9 X 2533 2534
3061 8 X 2986 2985
11 29 X 3 5
35 27 X 11 3
73 26 X 35 3
106 25 X 3 73
184 24 X 3 106
74 26 X 36 3
107 25 X 3 74
185 24 X 3 107
380 22 X 181 185
484 21 X 184 380
967 19 X 484 3
1356 18 X 967 3
1824 16 X 3 1356
154 24 X 1 106
153 24 X 1 103
367 22 X 153 149
473 21 X 154 367
961 19 X 473 149
1352 18 X 961 3
1977 16 X 1268 1352
2173 15 X 1824 1977
2373 14 X 3 2173
165 24 X 3 73
264 23 X 165 184
144 25 X 73 70
210 24 X 3 144
295 23 X 210 181
436 22 X 295 185
525 21 X 264 436
856 20 X 484 525
1122 19 X 856 3
1488 18 X 1122 3
162 24 X 3 70
261 23 X 162 181
166 24 X 3 74
266 23 X 166 185
410 22 X 261 266
524 21 X 264 410
855 20 X 484 524
1121 19 X 855 3
1486 18 X 1121 3
1737 17 X 1488 1486
1929 16 X 3 1737
152 24 X 1 73
253 23 X 152 154
160 24 X 1 144
258 23 X 160 153
407 22 X 258 149
509 21 X 253 407
826 20 X 473 509
1092 19 X 826 149
1463 18 X 1092 3
151 24 X 1 70
252 23 X 151 153
405 22 X 252 149
508 21 X 253 405
825 20 X 473 508
1091 19 X 825 149
1461 18 X 1091 3
1722 17 X 1463 1461
2001 16 X 1268 1722
2256 15 X 1929 2001
2418 14 X 3 2256
2581 13 X 2373 2418
1357 18 X 967 963
1825 16 X 3 1357
1353 18 X 961 962
1978 16 X 1268 1353
2174 15 X 1825 1978
2374 14 X 3 2174
141 25 X 70 32
207 24 X 3 141
292 23 X 207 168
143 25 X 73 32
209 24 X 3 143
294 23 X 209 168
435 22 X 294 169
555 21 X 292 435
840 20 X 478 555
1106 19 X 840 3
1489 18 X 1122 1106
145 25 X 74 36
211 24 X 3 145
296 23 X 211 169
431 22 X 292 296
553 21 X 292 431
839 20 X 478 553
1105 19 X 839 3
1487 18 X 1121 1105
1739 17 X 1489 1487
1931 16 X 3 1739
434 22 X 294 3
554 21 X 292 434
838 20 X 477 554
1104 19 X 838 3
1464 18 X 1092 1104
430 22 X 292 3
552 21 X 292 430
837 20 X 477 552
1103 19 X 837 3
1462 18 X 1091 1103
1724 17 X 1464 1462
2003 16 X 1268 1724
2258 15 X 1931 2003
2420 14 X 3 2258
2582 13 X 2374 2420
2747 12 X 2581 2582
2138 15 X 3 1268
2351 14 X 3 2138
2867 11 X 2747 2351
2972 10 X 2867 2351
10 29 X 3 2
34 27 X 10 3
72 26 X 34 3
105 25 X 3 72
183 24 X 3 105
23 28 X 10 11
46 27 X 23 3
85 26 X 46 3
113 25 X 3 85
191 24 X 3 113
274 23 X 183 191
9 29 X 2 3
33 27 X 9 3
71 26 X 33 3
104 25 X 3 71
182 24 X 3 104
378 22 X 180 182
533 21 X 274 378
859 20 X 484 533
1125 19 X 859 3
1492 18 X 1125 3
1835 16 X 3 1492
377 22 X 180 3
532 21 X 274 377
831 20 X 473 532
1097 19 X 831 738
1469 18 X 1097 3
2017 16 X 1322 1469
2182 15 X 1835 2017
2378 14 X 3 2182
164 24 X 3 72
263 23 X 164 191
142 25 X 72 66
208 24 X 3 142
293 23 X 208 180
433 22 X 293 182
518 21 X 263 433
854 20 X 484 518
1120 19 X 854 3
1485 18 X 1120 3
161 24 X 3 66
259 23 X 161 180
163 24 X 3 71
262 23 X 163 182
409 22 X 259 262
516 21 X 263 409
853 20 X 484 516
1119 19 X 853 3
1484 18 X 1119 3
1735 17 X 1485 1484
1927 16 X 3 1735
432 22 X 293 3
517 21 X 263 432
828 20 X 473 517
1094 19 X 828 738
1466 18 X 1094 3
408 22 X 259 3
515 21 X 263 408
827 20 X 473 515
1093 19 X 827 738
1465 18 X 1093 3
1726 17 X 1466 1465
2036 16 X 1322 1726
2254 15 X 1927 2036
2416 14 X 3 2254
2583 13 X 2378 2416
24 28 X 11 3
47 27 X 24 3
86 26 X 47 3
114 25 X 3 86
192 24 X 3 114
78 26 X 40 14
121 25 X 14 78
219 24 X 14 121
391 22 X 219 222
490 21 X 192 391
22 28 X 10 3
45 27 X 22 3
84 26 X 45 3
112 25 X 3 84
190 24 X 3 112
76 26 X 38 14
120 25 X 14 76
218 24 X 14 120
390 22 X 218 221
488 21 X 190 390
864 20 X 490 488
1130 19 X 864 448
1497 18 X 1130 1215
1837 16 X 3 1497
156 24 X 1 114
158 24 X 1 121
368 22 X 158 150
476 21 X 156 368
389 22 X 218 14
487 21 X 190 389
836 20 X 476 487
1102 19 X 836 807
1474 18 X 1102 1213
2019 16 X 1322 1474
2184 15 X 1837 2019
2487 14 X 1804 2184
485 21 X 184 391
6 29 X 1 2
20 28 X 6 3
43 27 X 20 14
82 26 X 43 14
148 25 X 82 76
226 24 X 14 148
304 23 X 226 218
445 22 X 304 221
522 21 X 263 445
862 20 X 485 522
1128 19 X 862 448
137 25 X 66 28
203 24 X 3 137
288 23 X 203 171
260 23 X 161 187
427 22 X 288 260
147 25 X 82 38
225 24 X 14 147
303 23 X 225 214
443 22 X 303 221
701 21 X 427 443
945 20 X 663 701
1212 19 X 945 448
1495 18 X 1128 1212
212 24 X 14 76
297 23 X 212 218
213 24 X 14 83
298 23 X 213 221
438 22 X 297 298
520 21 X 263 438
861 20 X 485 520
1127 19 X 861 448
146 25 X 76 38
224 24 X 14 146
302 23 X 224 214
441 22 X 302 298
699 21 X 427 441
944 20 X 663 699
1211 19 X 944 448
1494 18 X 1127 1211
1745 17 X 1495 1494
1937 16 X 3 1745
474 21 X 154 368
444 22 X 304 14
521 21 X 263 444
834 20 X 474 521
1100 19 X 834 807
442 22 X 303 14
700 21 X 427 442
940 20 X 661 700
1207 19 X 940 448
1472 18 X 1100 1207
437 22 X 297 14
519 21 X 263 437
833 20 X 474 519
1099 19 X 833 807
439 22 X 302 14
697 21 X 427 439
939 20 X 661 697
1206 19 X 939 448
1471 18 X 1099 1206
1732 17 X 1472 1471
2042 16 X 1322 1732
2264 15 X 1937 2042
2513 14 X 1804 2264
2601 13 X 2487 2513
2748 12 X 2583 2601
2139 15 X 3 1322
2352 14 X 3 2139
2163 15 X 1805 2013
2532 14 X 1805 2163
2694 12 X 2352 2532
2868 11 X 2748 2694
2162 15 X 1804 2012
2482 14 X 1804 2162
2693 12 X 2352 2482
2821 11 X 2693 2694
2973 10 X 2868 2821
3053 9 X 2972 2973
2983 9 X 2351 2352
3114 8 X 3053 2983
3171 7 X 3061 3114
2820 11 X 2693 2352
2984 9 X 2351 2820
3060 8 X 2984 2983
59 26 X 11 3
129 25 X 59 3
195 24 X 3 129
280 23 X 195 3
247 23 X 129 3
402 22 X 247 3
547 21 X 280 402
721 20 X 3 547
994 19 X 721 3
1376 18 X 994 3
2067 16 X 1376 3
159 24 X 1 129
257 23 X 159 149
7 29 X 1 4
58 26 X 7 1
128 25 X 58 1
227 24 X 128 129
305 23 X 227 149
446 22 X 305 149
512 21 X 257 446
744 20 X 149 512
1016 19 X 744 149
1400 18 X 1016 3
2078 16 X 1400 1268
2303 15 X 2067 2078
2439 14 X 3 2303
1377 18 X 994 965
2068 16 X 1377 1230
1401 18 X 1016 964
1271 18 X 149 964
2079 16 X 1401 1271
2305 15 X 2068 2079
2441 14 X 3 2305
57 26 X 5 3
127 25 X 57 52
194 24 X 3 127
279 23 X 194 175
130 25 X 59 52
196 24 X 3 130
281 23 X 196 175
419 22 X 281 176
544 21 X 279 419
844 20 X 480 544
1110 19 X 844 3
1379 18 X 994 1110
60 26 X 13 3
131 25 X 60 53
197 24 X 3 131
282 23 X 197 176
417 22 X 279 282
542 21 X 279 417
843 20 X 480 542
1109 19 X 843 3
1378 18 X 994 1109
1669 17 X 1379 1378
2099 16 X 1669 1230
418 22 X 281 3
543 21 X 279 418
842 20 X 479 543
1108 19 X 842 3
1403 18 X 1016 1108
415 22 X 279 3
541 21 X 279 415
841 20 X 479 541
1107 19 X 841 3
1402 18 X 1016 1107
1686 17 X 1403 1402
2121 16 X 1686 1271
2331 15 X 2099 2121
2467 14 X 3 2331
2591 13 X 2441 2467
2713 12 X 2439 2591
2840 11 X 2713 2439
2950 10 X 2840 2351
747 20 X 149 547
1019 19 X 747 738
1408 18 X 1019 3
2081 16 X 1408 1322
2304 15 X 2067 2081
2440 14 X 3 2304
2566 13 X 2352 2440
1323 18 X 738 959
1334 18 X 807 1221
2066 16 X 1323 1334
2298 15 X 1970 2066
2526 14 X 1804 2298
64 26 X 24 3
134 25 X 64 3
248 23 X 134 3
403 22 X 248 3
548 21 X 280 403
722 20 X 3 548
995 19 X 722 3
126 25 X 57 3
193 24 X 3 126
278 23 X 193 3
416 22 X 279 278
135 25 X 64 55
201 24 X 3 135
286 23 X 201 178
426 22 X 286 3
696 21 X 416 426
952 20 X 670 696
1219 19 X 952 3
1384 18 X 995 1219
63 26 X 19 3
133 25 X 63 55
199 24 X 3 133
284 23 X 199 178
27 28 X 13 3
65 26 X 27 3
136 25 X 65 3
202 24 X 3 136
287 23 X 202 3
424 22 X 284 287
695 21 X 416 424
951 20 X 670 695
1218 19 X 951 3
1383 18 X 995 1218
1676 17 X 1384 1383
2110 16 X 1676 1320
748 20 X 149 548
1020 19 X 748 738
1413 18 X 1020 1219
422 22 X 284 3
693 21 X 416 422
949 20 X 670 693
1216 19 X 949 3
1412 18 X 1020 1216
1694 17 X 1413 1412
1333 18 X 807 1220
2133 16 X 1694 1333
2342 15 X 2110 2133
2530 14 X 1804 2342
2622 13 X 2526 2530
2736 12 X 2566 2622
1380 18 X 995 3
2072 16 X 1380 3
1409 18 X 1020 3
2082 16 X 1409 1322
2309 15 X 2072 2082
2445 14 X 3 2309
2567 13 X 2352 2445
2730 12 X 2566 2567
2859 11 X 2736 2730
30 27 X 3 11
68 26 X 30 3
139 25 X 68 3
205 24 X 3 139
290 23 X 205 3
429 22 X 290 3
703 21 X 429 3
737 20 X 3 703
1010 19 X 737 3
1389 18 X 1010 3
551 21 X 290 3
725 20 X 3 551
998 19 X 725 3
1385 18 X 998 3
1678 17 X 1389 1385
2111 16 X 1678 3
752 20 X 149 703
1024 19 X 752 738
1418 18 X 1024 3
749 20 X 149 551
1021 19 X 749 738
1414 18 X 1021 3
1696 17 X 1418 1414
2134 16 X 1696 1322
2343 15 X 2111 2134
2475 14 X 3 2343
2575 13 X 2352 2475
29 27 X 3 5
67 26 X 29 3
138 25 X 67 3
204 24 X 3 138
289 23 X 204 3
31 27 X 3 13
69 26 X 31 3
140 25 X 69 3
206 24 X 3 140
291 23 X 206 3
428 22 X 289 291
702 21 X 428 3
736 20 X 3 702
1009 19 X 736 3
1390 18 X 1010 1009
550 21 X 289 3
724 20 X 3 550
997 19 X 724 3
1386 18 X 998 997
1679 17 X 1390 1386
2113 16 X 1679 448
1419 18 X 1024 1009
1415 18 X 1021 997
1697 17 X 1419 1415
2136 16 X 1697 1330
2345 15 X 2113 2136
2531 14 X 1804 2345
2598 13 X 2482 2531
2746 12 X 2575 2598
2865 11 X 2746 2575
2967 10 X 2859 2865
3042 9 X 2950 2967
406 22 X 257 149
511 21 X 257 406
743 20 X 149 511
1015 19 X 743 149
1398 18 X 1015 3
2076 16 X 1398 1268
2302 15 X 2067 2076
2438 14 X 3 2302
2563 13 X 2351 2438
2150 15 X 1230 1268
2356 14 X 3 2150
2070 16 X 1378 1230
414 22 X 278 3
538 21 X 278 414
716 20 X 3 538
989 19 X 716 3
1399 18 X 1015 989
2077 16 X 1399 1268
2307 15 X 2070 2077
2443 14 X 3 2307
2579 13 X 2356 2443
2726 12 X 2563 2579
2852 11 X 2726 2563
2960 10 X 2852 2351
2147 15 X 1226 1323
2353 14 X 3 2147
2074 16 X 1383 1235
1324 18 X 738 976
2084 16 X 1412 1324
2311 15 X 2074 2084
2447 14 X 3 2311
2577 13 X 2353 2447
2733 12 X 2566 2577
2856 11 X 2733 2730
2112 16 X 1679 3
2135 16 X 1697 1322
2344 15 X 2112 2135
2476 14 X 3 2344
2576 13 X 2352 2476
2745 12 X 2575 2576
2864 11 X 2745 2575
2964 10 X 2856 2864
3049 9 X 2960 2964
3107 8 X 3042 3049
3155 7 X 3060 3107
3202 6 X 3171 3155
3209 5 X 3177 3202
955 19 X 168 3
1222 18 X 3 955
1567 17 X 1228 1222
1849 16 X 3 1567
1566 17 X 1227 1222
1848 16 X 3 1566
2194 15 X 1849 1848
2383 14 X 3 2194
2646 12 X 3 2383
2774 11 X 2646 3
2889 10 X 2774 3
385 22 X 215 219
668 21 X 373 385
382 22 X 214 218
665 21 X 372 382
947 20 X 668 665
1214 19 X 947 448
1318 18 X 448 1214
1636 17 X 1319 1318
1898 16 X 3 1636
1635 17 X 1317 1318
1897 16 X 3 1635
2222 15 X 1898 1897
2503 14 X 1804 2222
662 21 X 371 385
689 21 X 411 382
941 20 X 662 689
1208 19 X 941 448
1315 18 X 448 1208
1634 17 X 1316 1315
1896 16 X 3 1634
1633 17 X 1314 1315
1895 16 X 3 1633
2221 15 X 1896 1895
2502 14 X 1804 2221
2609 13 X 2503 2502
2678 12 X 3 2609
2806 11 X 2678 2631
2921 10 X 2806 2759
3003 9 X 2889 2921
3074 8 X 3003 3
3137 7 X 3059 3074
956 19 X 175 3
1223 18 X 3 956
1569 17 X 1230 1223
1568 17 X 1229 1223
2157 15 X 1569 1568
2363 14 X 3 2157
2638 12 X 3 2363
2766 11 X 2638 3
2881 10 X 2766 3
2994 9 X 2881 2913
2155 15 X 1569 3
2361 14 X 3 2155
2637 12 X 3 2361
2765 11 X 2637 3
2880 10 X 2765 3
2993 9 X 2880 2910
3066 8 X 2994 2993
3121 7 X 3057 3066
3181 6 X 3137 3121
481 21 X 184 181
966 19 X 481 3
1354 18 X 966 3
1656 17 X 1356 1354
1908 16 X 3 1656
471 21 X 154 153
960 19 X 471 149
1350 18 X 960 3
1654 17 X 1352 1350
1989 16 X 1268 1654
2233 15 X 1908 1989
2402 14 X 3 2233
523 21 X 264 261
846 20 X 481 523
1112 19 X 846 3
1476 18 X 1112 3
1736 17 X 1488 1476
1928 16 X 3 1736
507 21 X 253 252
819 20 X 471 507
1085 19 X 819 149
1454 18 X 1085 3
1721 17 X 1463 1454
2000 16 X 1268 1721
2255 15 X 1928 2000
2417 14 X 3 2255
2584 13 X 2402 2417
1355 18 X 966 955
1657 17 X 1357 1355
1909 16 X 3 1657
1351 18 X 960 955
1655 17 X 1353 1351
1990 16 X 1268 1655
2234 15 X 1909 1990
2403 14 X 3 2234
753 20 X 168 292
1025 19 X 753 3
1477 18 X 1112 1025
1738 17 X 1489 1477
1930 16 X 3 1738
1455 18 X 1085 1025
1723 17 X 1464 1455
2002 16 X 1268 1723
2257 15 X 1930 2002
2419 14 X 3 2257
2585 13 X 2403 2419
2750 12 X 2584 2585
2870 11 X 2750 2351
2975 10 X 2870 2351
531 21 X 274 180
848 20 X 481 531
1114 19 X 848 3
1479 18 X 1114 3
1742 17 X 1492 1479
1934 16 X 3 1742
822 20 X 471 531
1088 19 X 822 738
1458 18 X 1088 3
1729 17 X 1469 1458
2039 16 X 1322 1729
2261 15 X 1934 2039
2422 14 X 3 2261
513 21 X 263 259
845 20 X 481 513
1111 19 X 845 3
1475 18 X 1111 3
1734 17 X 1485 1475
1926 16 X 3 1734
820 20 X 471 513
1086 19 X 820 738
1456 18 X 1086 3
1725 17 X 1466 1456
2035 16 X 1322 1725
2253 15 X 1926 2035
2415 14 X 3 2253
2586 13 X 2422 2415
489 21 X 192 219
486 21 X 190 218
863 20 X 489 486
1129 19 X 863 448
1496 18 X 1129 1214
1746 17 X 1497 1496
1938 16 X 3 1746
475 21 X 156 158
835 20 X 475 486
1101 19 X 835 807
1473 18 X 1101 1214
1733 17 X 1474 1473
2043 16 X 1322 1733
2265 15 X 1938 2043
2514 14 X 1804 2265
482 21 X 184 219
514 21 X 263 297
850 20 X 482 514
1116 19 X 850 448
440 22 X 302 297
698 21 X 427 440
942 20 X 662 698
1209 19 X 942 448
1481 18 X 1116 1209
1744 17 X 1495 1481
1936 16 X 3 1744
472 21 X 154 158
824 20 X 472 514
1090 19 X 824 807
1460 18 X 1090 1209
1731 17 X 1472 1460
2041 16 X 1322 1731
2263 15 X 1936 2041
2512 14 X 1804 2263
2614 13 X 2514 2512
2751 12 X 2586 2614
2871 11 X 2751 2694
2976 10 X 2871 2821
3055 9 X 2975 2976
3116 8 X 3055 2983
3173 7 X 3061 3116
545 21 X 280 247
719 20 X 3 545
992 19 X 719 3
1370 18 X 992 3
1665 17 X 1376 1370
2092 16 X 1665 3
510 21 X 257 305
742 20 X 149 510
1014 19 X 742 149
1395 18 X 1014 3
1683 17 X 1400 1395
2116 16 X 1683 1268
2323 15 X 2092 2116
2459 14 X 3 2323
1371 18 X 992 956
1666 17 X 1377 1371
2093 16 X 1666 1569
1396 18 X 1014 956
1684 17 X 1401 1396
1269 18 X 149 956
1602 17 X 1271 1269
2117 16 X 1684 1602
2325 15 X 2093 2117
2461 14 X 3 2325
754 20 X 175 279
1026 19 X 754 3
1372 18 X 992 1026
1668 17 X 1379 1372
2097 16 X 1668 1569
1397 18 X 1014 1026
1685 17 X 1403 1397
2119 16 X 1685 1602
2329 15 X 2097 2119
2465 14 X 3 2329
2594 13 X 2461 2465
2715 12 X 2459 2594
2842 11 X 2715 2459
2952 10 X 2842 2351
745 20 X 149 545
1017 19 X 745 738
1404 18 X 1017 3
1687 17 X 1408 1404
2123 16 X 1687 1322
2324 15 X 2092 2123
2460 14 X 3 2324
2570 13 X 2352 2460
546 21 X 280 248
720 20 X 3 546
993 19 X 720 3
132 25 X 63 3
198 24 X 3 132
283 23 X 198 3
423 22 X 284 283
694 21 X 416 423
950 20 X 670 694
1217 19 X 950 3
1375 18 X 993 1217
1675 17 X 1384 1375
2108 16 X 1675 1320
746 20 X 149 546
1018 19 X 746 738
1407 18 X 1018 1217
1693 17 X 1413 1407
2131 16 X 1693 1333
2340 15 X 2108 2131
2528 14 X 1804 2340
2621 13 X 2526 2528
2743 12 X 2570 2621
1373 18 X 993 3
1670 17 X 1380 1373
2101 16 X 1670 3
1405 18 X 1018 3
1688 17 X 1409 1405
2124 16 X 1688 1322
2333 15 X 2101 2124
2469 14 X 3 2333
2571 13 X 2352 2469
2737 12 X 2570 2571
2863 11 X 2743 2737
2971 10 X 2863 2865
3044 9 X 2952 2971
739 20 X 149 257
1011 19 X 739 149
1391 18 X 1011 3
1681 17 X 1398 1391
2114 16 X 1681 1268
2322 15 X 2092 2114
2458 14 X 3 2322
2565 13 X 2351 2458
2156 15 X 1569 1268
2362 14 X 3 2156
1667 17 X 1378 1372
2095 16 X 1667 1569
706 20 X 3 278
979 19 X 706 3
1392 18 X 1011 979
1682 17 X 1399 1392
2115 16 X 1682 1268
2327 15 X 2095 2115
2463 14 X 3 2327
2580 13 X 2362 2463
2728 12 X 2565 2580
2321 15 X 2092 1268
2457 14 X 3 2321
2564 13 X 2351 2457
2854 11 X 2728 2564
2962 10 X 2854 2351
1674 17 X 1383 1375
2105 16 X 1674 1235
1692 17 X 1412 1407
2128 16 X 1692 1324
2337 15 X 2105 2128
2473 14 X 3 2337
2578 13 X 2353 2473
2740 12 X 2570 2578
2860 11 X 2740 2737
2968 10 X 2860 2864
3051 9 X 2962 2968
3109 8 X 3044 3051
3157 7 X 3060 3109
3204 6 X 3173 3157
3213 5 X 3181 3204
3223 4 X 3209 3213
228 23 X 3 168
229 23 X 3 169
395 22 X 228 229
492 21 X 228 395
710 20 X 3 492
983 19 X 710 3
1241 18 X 3 983
1809 16 X 3 1241
394 22 X 228 3
491 21 X 228 394
709 20 X 3 491
982 19 X 709 3
1240 18 X 3 982
1808 16 X 3 1240
2165 15 X 1809 1808
2369 14 X 3 2165
2642 12 X 3 2369
2770 11 X 2642 3
2885 10 X 2770 3
460 21 X 3 386
230 23 X 3 170
241 23 X 3 186
396 22 X 230 241
675 21 X 396 383
796 20 X 460 675
1065 19 X 796 448
1299 18 X 448 1065
1818 16 X 3 1299
458 21 X 3 384
673 21 X 396 381
789 20 X 458 673
1058 19 X 789 448
1295 18 X 448 1058
1816 16 X 3 1295
2169 15 X 1818 1816
2483 14 X 1804 2169
231 23 X 3 171
242 23 X 3 187
397 22 X 231 242
678 21 X 397 383
797 20 X 460 678
1066 19 X 797 448
1300 18 X 448 1066
1819 16 X 3 1300
676 21 X 397 381
790 20 X 458 676
1059 19 X 790 448
1296 18 X 448 1059
1817 16 X 3 1296
2170 15 X 1819 1817
2484 14 X 1804 2170
2599 13 X 2483 2484
2671 12 X 3 2599
2799 11 X 2671 2631
2914 10 X 2799 2759
2998 9 X 2885 2914
3069 8 X 2998 3
3134 7 X 3059 3069
234 23 X 3 175
235 23 X 3 176
399 22 X 234 235
494 21 X 234 399
712 20 X 3 494
985 19 X 712 3
1243 18 X 3 985
1972 16 X 1230 1243
398 22 X 234 3
493 21 X 234 398
711 20 X 3 493
984 19 X 711 3
1242 18 X 3 984
1971 16 X 1229 1242
2301 15 X 1972 1971
2437 14 X 3 2301
2659 12 X 3 2437
2787 11 X 2659 3
2902 10 X 2787 3
461 21 X 3 388
236 23 X 3 178
400 22 X 236 3
687 21 X 400 387
801 20 X 461 687
1070 19 X 801 448
1302 18 X 448 1070
1969 16 X 1226 1302
2478 14 X 1804 1969
685 21 X 398 387
800 20 X 461 685
1069 19 X 800 448
1301 18 X 448 1069
1974 16 X 1235 1301
2480 14 X 1804 1974
2596 13 X 2478 2480
2669 12 X 3 2596
2797 11 X 2669 3
2912 10 X 2797 2758
3016 9 X 2902 2912
2299 15 X 1972 3
2435 14 X 3 2299
2658 12 X 3 2435
2786 11 X 2658 3
2901 10 X 2786 3
457 21 X 3 376
686 21 X 400 376
788 20 X 457 686
1057 19 X 788 3
1255 18 X 3 1057
1968 16 X 1226 1255
2349 14 X 3 1968
684 21 X 398 376
787 20 X 457 684
1056 19 X 787 3
1254 18 X 3 1056
1973 16 X 1235 1254
2350 14 X 3 1973
2562 13 X 2349 2350
2668 12 X 3 2562
2796 11 X 2668 3
2911 10 X 2796 3
3015 9 X 2901 2911
3086 8 X 3016 3015
3128 7 X 3057 3086
3178 6 X 3134 3128
852 20 X 484 3
1118 19 X 852 3
1483 18 X 1118 3
1834 16 X 3 1483
379 22 X 181 3
483 21 X 184 379
851 20 X 483 3
1117 19 X 851 3
1482 18 X 1117 3
1833 16 X 3 1482
2181 15 X 1834 1833
2541 14 X 2181 2173
2543 14 X 2181 2256
2625 13 X 2541 2543
239 23 X 3 184
238 23 X 3 181
240 23 X 3 185
401 22 X 238 240
496 21 X 239 401
714 20 X 3 496
987 19 X 714 3
1369 18 X 987 983
1827 16 X 3 1369
250 23 X 149 154
249 23 X 149 153
404 22 X 249 149
506 21 X 250 404
741 20 X 149 506
1013 19 X 741 149
1394 18 X 1013 982
1980 16 X 1268 1394
2176 15 X 1827 1980
2376 14 X 3 2176
2753 12 X 2625 2376
2873 11 X 2753 2351
2978 10 X 2873 2351
275 23 X 184 191
536 21 X 275 378
860 20 X 484 536
1126 19 X 860 3
1493 18 X 1126 3
1836 16 X 3 1493
535 21 X 275 377
832 20 X 473 535
1098 19 X 832 738
1470 18 X 1098 3
2018 16 X 1322 1470
2183 15 X 1836 2018
2542 14 X 2181 2183
265 23 X 165 191
530 21 X 265 433
858 20 X 484 530
1124 19 X 858 3
1491 18 X 1124 3
528 21 X 265 409
857 20 X 484 528
1123 19 X 857 3
1490 18 X 1123 3
1741 17 X 1491 1490
1933 16 X 3 1741
529 21 X 265 432
830 20 X 473 529
1096 19 X 830 738
1468 18 X 1096 3
527 21 X 265 408
829 20 X 473 527
1095 19 X 829 738
1467 18 X 1095 3
1728 17 X 1468 1467
2038 16 X 1322 1728
2260 15 X 1933 2038
2544 14 X 2181 2260
2626 13 X 2542 2544
18 28 X 4 5
41 27 X 18 14
79 26 X 41 14
122 25 X 14 79
220 24 X 14 122
26 28 X 12 13
49 27 X 26 14
88 26 X 49 14
125 25 X 14 88
223 24 X 14 125
393 22 X 220 223
464 21 X 3 393
806 20 X 464 448
1075 19 X 806 448
1444 18 X 1075 448
1832 16 X 3 1444
392 22 X 220 14
463 21 X 3 392
805 20 X 463 448
1074 19 X 805 448
1443 18 X 1074 448
1831 16 X 3 1443
2180 15 X 1832 1831
462 21 X 3 391
245 23 X 3 190
499 21 X 245 390
802 20 X 462 499
1071 19 X 802 448
1440 18 X 1071 1065
1830 16 X 3 1440
470 21 X 149 368
498 21 X 245 389
816 20 X 470 498
1082 19 X 816 807
1451 18 X 1082 1058
2016 16 X 1322 1451
2179 15 X 1830 2016
2539 14 X 2180 2179
246 23 X 3 191
504 21 X 246 445
804 20 X 462 504
1073 19 X 804 448
683 21 X 397 443
799 20 X 460 683
1068 19 X 799 448
1442 18 X 1073 1068
502 21 X 246 438
803 20 X 462 502
1072 19 X 803 448
681 21 X 397 441
798 20 X 460 681
1067 19 X 798 448
1441 18 X 1072 1067
1715 17 X 1442 1441
1925 16 X 3 1715
503 21 X 246 444
818 20 X 470 503
1084 19 X 818 807
682 21 X 397 442
792 20 X 458 682
1061 19 X 792 448
1453 18 X 1084 1061
501 21 X 246 437
817 20 X 470 501
1083 19 X 817 807
679 21 X 397 439
791 20 X 458 679
1060 19 X 791 448
1452 18 X 1083 1060
1720 17 X 1453 1452
2034 16 X 1322 1720
2252 15 X 1925 2034
2540 14 X 2180 2252
2624 13 X 2539 2540
2754 12 X 2626 2624
2874 11 X 2754 2694
2979 10 X 2874 2821
3056 9 X 2978 2979
3117 8 X 3056 2983
3174 7 X 3061 3117
2069 16 X 1377 1243
1275 18 X 149 984
2080 16 X 1401 1275
2306 15 X 2069 2080
2442 14 X 3 2306
2100 16 X 1669 1243
2122 16 X 1686 1275
2332 15 X 2100 2122
2468 14 X 3 2332
2592 13 X 2442 2468
2714 12 X 2439 2592
2841 11 X 2714 2439
2951 10 X 2841 2351
1332 18 X 807 1070
2065 16 X 1323 1332
2297 15 X 1969 2065
2525 14 X 1804 2297
2109 16 X 1676 1301
1331 18 X 807 1069
2132 16 X 1694 1331
2341 15 X 2109 2132
2529 14 X 1804 2341
2620 13 X 2525 2529
2735 12 X 2566 2620
200 24 X 3 134
285 23 X 200 3
425 22 X 285 3
549 21 X 280 425
723 20 X 3 549
996 19 X 723 3
1382 18 X 995 996
421 22 X 283 287
540 21 X 278 421
718 20 X 3 540
991 19 X 718 3
1381 18 X 995 991
1673 17 X 1382 1381
2104 16 X 1673 3
1411 18 X 1020 996
420 22 X 283 3
539 21 X 278 420
717 20 X 3 539
990 19 X 717 3
1410 18 X 1020 990
1691 17 X 1411 1410
2127 16 X 1691 1322
2336 15 X 2104 2127
2472 14 X 3 2336
2574 13 X 2352 2472
2732 12 X 2566 2574
2858 11 X 2735 2732
1562 17 X 1010 1386
2086 16 X 1562 3
1420 18 X 1024 1010
1698 17 X 1420 1415
2137 16 X 1698 1322
2313 15 X 2086 2137
2449 14 X 3 2313
2569 13 X 2352 2449
2744 12 X 2575 2569
2866 11 X 2746 2744
2966 10 X 2858 2866
3043 9 X 2951 2966
2300 15 X 1972 1268
2436 14 X 3 2300
2071 16 X 1378 1243
2308 15 X 2071 2077
2444 14 X 3 2308
2590 13 X 2436 2444
2727 12 X 2563 2590
2853 11 X 2727 2563
2961 10 X 2853 2351
1326 18 X 738 1057
2064 16 X 1323 1326
2296 15 X 1968 2064
2434 14 X 3 2296
2075 16 X 1383 1254
1325 18 X 738 1056
2085 16 X 1412 1325
2312 15 X 2075 2085
2448 14 X 3 2312
2588 13 X 2434 2448
2734 12 X 2566 2588
2073 16 X 1381 3
2083 16 X 1410 1322
2310 15 X 2073 2083
2446 14 X 3 2310
2568 13 X 2352 2446
2731 12 X 2566 2568
2857 11 X 2734 2731
2965 10 X 2857 2745
3050 9 X 2961 2965
3108 8 X 3043 3050
3156 7 X 3060 3108
3205 6 X 3174 3156
3210 5 X 3178 3205
704 20 X 3 228
977 19 X 704 3
1236 18 X 3 977
1571 17 X 1241 1236
1851 16 X 3 1571
1570 17 X 1240 1236
1850 16 X 3 1570
2195 15 X 1851 1850
2384 14 X 3 2195
2647 12 X 3 2384
2775 11 X 2647 3
2890 10 X 2775 3
459 21 X 3 385
674 21 X 396 382
793 20 X 459 674
1062 19 X 793 448
1297 18 X 448 1062
1626 17 X 1299 1297
1888 16 X 3 1626
1624 17 X 1295 1297
1886 16 X 3 1624
2217 15 X 1888 1886
2498 14 X 1804 2217
677 21 X 397 382
794 20 X 459 677
1063 19 X 794 448
1298 18 X 448 1063
1627 17 X 1300 1298
1889 16 X 3 1627
1625 17 X 1296 1298
1887 16 X 3 1625
2218 15 X 1889 1887
2499 14 X 1804 2218
2608 13 X 2498 2499
2677 12 X 3 2608
2805 11 X 2677 2631
2920 10 X 2805 2759
3004 9 X 2890 2920
3075 8 X 3004 3
3138 7 X 3059 3075
705 20 X 3 234
978 19 X 705 3
1237 18 X 3 978
1573 17 X 1243 1237
2088 16 X 1569 1573
1572 17 X 1242 1237
2087 16 X 1568 1572
2316 15 X 2088 2087
2452 14 X 3 2316
2661 12 X 3 2452
2789 11 X 2661 3
2904 10 X 2789 3
3018 9 X 2904 2912
2314 15 X 2088 3
2450 14 X 3 2314
2660 12 X 3 2450
2788 11 X 2660 3
2903 10 X 2788 3
3017 9 X 2903 2911
3087 8 X 3018 3017
3129 7 X 3057 3087
3182 6 X 3138 3129
495 21 X 239 238
713 20 X 3 495
986 19 X 713 3
1368 18 X 986 977
1664 17 X 1369 1368
1913 16 X 3 1664
505 21 X 250 249
740 20 X 149 505
1012 19 X 740 149
1393 18 X 1012 977
1680 17 X 1394 1393
1994 16 X 1268 1680
2238 15 X 1913 1994
2407 14 X 3 2238
2749 12 X 2584 2407
2869 11 X 2749 2351
2974 10 X 2869 2351
534 21 X 275 180
849 20 X 481 534
1115 19 X 849 3
1480 18 X 1115 3
1743 17 X 1493 1480
1935 16 X 3 1743
823 20 X 471 534
1089 19 X 823 738
1459 18 X 1089 3
1730 17 X 1470 1459
2040 16 X 1322 1730
2262 15 X 1935 2040
2423 14 X 3 2262
526 21 X 265 259
847 20 X 481 526
1113 19 X 847 3
1478 18 X 1113 3
1740 17 X 1491 1478
1932 16 X 3 1740
821 20 X 471 526
1087 19 X 821 738
1457 18 X 1087 3
1727 17 X 1468 1457
2037 16 X 1322 1727
2259 15 X 1932 2037
2421 14 X 3 2259
2587 13 X 2423 2421
450 21 X 3 219
497 21 X 245 218
773 20 X 450 497
1045 19 X 773 448
1431 18 X 1045 1062
1713 17 X 1440 1431
1923 16 X 3 1713
467 21 X 149 158
811 20 X 467 497
1078 19 X 811 807
1447 18 X 1078 1062
1718 17 X 1451 1447
2032 16 X 1322 1718
2250 15 X 1923 2032
2510 14 X 1804 2250
500 21 X 246 297
774 20 X 450 500
1046 19 X 774 448
680 21 X 397 440
795 20 X 459 680
1064 19 X 795 448
1432 18 X 1046 1064
1714 17 X 1442 1432
1924 16 X 3 1714
812 20 X 467 500
1079 19 X 812 807
1448 18 X 1079 1064
1719 17 X 1453 1448
2033 16 X 1322 1719
2251 15 X 1924 2033
2511 14 X 1804 2251
2613 13 X 2510 2511
2752 12 X 2587 2613
2872 11 X 2752 2694
2977 10 X 2872 2821
3054 9 X 2974 2977
3115 8 X 3054 2983
3172 7 X 3061 3115
2094 16 X 1666 1573
1273 18 X 149 978
1603 17 X 1275 1273
2118 16 X 1684 1603
2326 15 X 2094 2118
2462 14 X 3 2326
2098 16 X 1668 1573
2120 16 X 1685 1603
2330 15 X 2098 2120
2466 14 X 3 2330
2595 13 X 2462 2466
2716 12 X 2459 2595
2843 11 X 2716 2459
2953 10 X 2843 2351
2107 16 X 1675 1301
2130 16 X 1693 1331
2339 15 X 2107 2130
2527 14 X 1804 2339
2619 13 X 2525 2527
2742 12 X 2570 2619
537 21 X 278 283
715 20 X 3 537
988 19 X 715 3
1374 18 X 993 988
1672 17 X 1382 1374
2103 16 X 1672 3
1406 18 X 1018 988
1690 17 X 1411 1406
2126 16 X 1690 1322
2335 15 X 2103 2126
2471 14 X 3 2335
2573 13 X 2352 2471
2739 12 X 2570 2573
2862 11 X 2742 2739
2970 10 X 2862 2866
3045 9 X 2953 2970
2315 15 X 2088 1268
2451 14 X 3 2315
2096 16 X 1667 1573
2328 15 X 2096 2115
2464 14 X 3 2328
2593 13 X 2451 2464
2729 12 X 2565 2593
2855 11 X 2729 2564
2963 10 X 2855 2351
2106 16 X 1674 1254
2129 16 X 1692 1325
2338 15 X 2106 2129
2474 14 X 3 2338
2589 13 X 2434 2474
2741 12 X 2570 2589
1671 17 X 1381 1374
2102 16 X 1671 3
1689 17 X 1410 1406
2125 16 X 1689 1322
2334 15 X 2102 2125
2470 14 X 3 2334
2572 13 X 2352 2470
2738 12 X 2570 2572
2861 11 X 2741 2738
2969 10 X 2861 2745
3052 9 X 2963 2969
3110 8 X 3045 3052
3158 7 X 3060 3110
3203 6 X 3172 3158
3214 5 X 3182 3203
3224 4 X 3210 3214
3230 3 X 3223 3224
308 22 X 3 172
50 27 X 27 3
95 25 X 3 50
173 24 X 3 95
309 22 X 3 173
559 21 X 308 309
866 20 X 559 3
1132 19 X 866 3
1257 18 X 3 1132
312 22 X 3 178
56 26 X 3 50
101 25 X 3 56
179 24 X 3 101
313 22 X 3 179
563 21 X 312 313
868 20 X 563 3
1135 19 X 868 3
1260 18 X 3 1135
1589 17 X 1257 1260
1867 16 X 3 1589
558 21 X 308 3
865 20 X 558 3
1131 19 X 865 3
1256 18 X 3 1131
562 21 X 312 3
867 20 X 562 3
1133 19 X 867 3
1258 18 X 3 1133
1587 17 X 1256 1258
1865 16 X 3 1587
2206 15 X 1867 1865
2395 14 X 3 2206
2655 12 X 3 2395
2783 11 X 2655 3
2898 10 X 2783 3
320 22 X 3 188
351 22 X 14 222
579 21 X 320 351
886 20 X 579 448
1157 19 X 886 448
1309 18 X 448 1157
1629 17 X 1309 448
1891 16 X 3 1629
577 21 X 320 14
883 20 X 577 448
1154 19 X 883 448
1306 18 X 448 1154
1628 17 X 1306 448
1890 16 X 3 1628
2219 15 X 1891 1890
2500 14 X 1804 2219
2665 12 X 3 2500
2793 11 X 2665 2631
2908 10 X 2793 2759
3012 9 X 2898 2908
3083 8 X 3012 3
3143 7 X 3059 3083
2152 15 X 1260 1258
2358 14 X 3 2152
2636 12 X 3 2358
2764 11 X 2636 3
2879 10 X 2764 3
2992 9 X 2879 2758
2151 15 X 1260 3
2357 14 X 3 2151
2635 12 X 3 2357
2763 11 X 2635 3
2878 10 X 2763 3
2991 9 X 2878 3
3065 8 X 2992 2991
3120 7 X 3057 3065
3187 6 X 3143 3120
315 22 X 3 181
318 22 X 3 185
566 21 X 315 318
871 20 X 566 3
1140 19 X 871 3
1500 18 X 1140 3
1749 17 X 1500 3
1941 16 X 3 1749
356 22 X 149 153
640 21 X 356 149
916 20 X 640 149
1184 19 X 916 149
1532 18 X 1184 3
1778 17 X 1532 1268
2004 16 X 1268 1778
2267 15 X 1941 2004
2424 14 X 3 2267
1501 18 X 1140 1132
1751 17 X 1501 1260
1943 16 X 3 1751
1533 18 X 1184 1131
1280 18 X 149 1133
1780 17 X 1533 1280
2006 16 X 1268 1780
2270 15 X 1943 2006
2427 14 X 3 2270
2706 12 X 2424 2427
2833 11 X 2706 2351
2943 10 X 2833 2351
915 20 X 640 3
1182 19 X 915 738
1530 18 X 1182 3
1776 17 X 1530 1322
2044 16 X 1322 1776
2268 15 X 1941 2044
2425 14 X 3 2268
1563 17 X 1157 448
1845 16 X 3 1563
155 24 X 1 110
358 22 X 149 155
646 21 X 358 150
924 20 X 646 448
1194 19 X 924 807
1544 18 X 1194 1154
1790 17 X 1544 1330
2052 16 X 1322 1790
2191 15 X 1845 2052
2488 14 X 1804 2191
568 21 X 315 351
873 20 X 568 448
1143 19 X 873 448
1503 18 X 1143 1157
1755 17 X 1503 448
1947 16 X 3 1755
641 21 X 356 150
917 20 X 641 448
1186 19 X 917 807
1535 18 X 1186 1154
1784 17 X 1535 1330
2046 16 X 1322 1784
2276 15 X 1947 2046
2515 14 X 1804 2276
2602 13 X 2488 2515
2707 12 X 2425 2602
2834 11 X 2707 2694
2944 10 X 2834 2821
3039 9 X 2943 2944
3104 8 X 3039 2983
3165 7 X 3061 3104
2154 15 X 1260 1280
2360 14 X 3 2154
2682 12 X 2351 2360
2809 11 X 2682 2351
2923 10 X 2809 2351
3022 9 X 2923 2820
2153 15 X 1260 1268
2359 14 X 3 2153
2681 12 X 2351 2359
2808 11 X 2681 2351
2922 10 X 2808 2351
3021 9 X 2922 2352
3089 8 X 3022 3021
3146 7 X 3060 3089
3196 6 X 3165 3146
3219 5 X 3187 3196
755 20 X 312 3
1027 19 X 755 3
1252 18 X 3 1027
1588 17 X 1257 1252
1866 16 X 3 1588
1586 17 X 1256 1252
1864 16 X 3 1586
2205 15 X 1866 1864
2394 14 X 3 2205
2654 12 X 3 2394
2782 11 X 2654 3
2897 10 X 2782 3
3011 9 X 2897 2908
3082 8 X 3011 3
3142 7 X 3059 3082
1593 17 X 1260 1252
1591 17 X 1258 1252
2160 15 X 1593 1591
2366 14 X 3 2160
2640 12 X 3 2366
2768 11 X 2640 3
2883 10 X 2768 3
2996 9 X 2883 2758
2158 15 X 1593 3
2364 14 X 3 2158
2639 12 X 3 2364
2767 11 X 2639 3
2882 10 X 2767 3
2995 9 X 2882 3
3067 8 X 2996 2995
3122 7 X 3057 3067
3186 6 X 3142 3122
1750 17 X 1501 1252
1942 16 X 3 1750
1278 18 X 149 1027
1779 17 X 1533 1278
2005 16 X 1268 1779
2269 15 X 1942 2005
2426 14 X 3 2269
2705 12 X 2424 2426
2832 11 X 2705 2351
2942 10 X 2832 2351
3038 9 X 2942 2944
3103 8 X 3038 2983
3164 7 X 3061 3103
1608 17 X 1280 1278
2161 15 X 1593 1608
2367 14 X 3 2161
2684 12 X 2351 2367
2811 11 X 2684 2351
2925 10 X 2811 2351
3024 9 X 2925 2820
2159 15 X 1593 1268
2365 14 X 3 2159
2683 12 X 2351 2365
2810 11 X 2683 2351
2924 10 X 2810 2351
3023 9 X 2924 2352
3090 8 X 3024 3023
3147 7 X 3060 3090
3195 6 X 3164 3147
3218 5 X 3186 3195
3228 4 X 3219 3218
232 23 X 3 172
325 22 X 3 232
233 23 X 3 173
326 22 X 3 233
588 21 X 325 326
891 20 X 588 3
1163 19 X 891 3
1263 18 X 3 1163
1595 17 X 1263 3
1869 16 X 3 1595
587 21 X 325 3
890 20 X 587 3
1162 19 X 890 3
1262 18 X 3 1162
1594 17 X 1262 3
1868 16 X 3 1594
2207 15 X 1869 1868
2396 14 X 3 2207
2656 12 X 3 2396
2784 11 X 2656 3
2899 10 X 2784 3
243 23 X 3 188
336 22 X 3 243
611 21 X 336 351
904 20 X 611 448
1180 19 X 904 448
1313 18 X 448 1180
1632 17 X 1313 448
1894 16 X 3 1632
609 21 X 336 14
902 20 X 609 448
1177 19 X 902 448
1311 18 X 448 1177
1630 17 X 1311 448
1892 16 X 3 1630
2220 15 X 1894 1892
2501 14 X 1804 2220
2666 12 X 3 2501
2794 11 X 2666 2631
2909 10 X 2794 2759
3013 9 X 2899 2909
3084 8 X 3013 3
3144 7 X 3059 3084
1592 17 X 1260 3
329 22 X 3 236
237 23 X 3 179
330 22 X 3 237
594 21 X 329 330
895 20 X 594 3
1167 19 X 895 3
1267 18 X 3 1167
1599 17 X 1267 3
2090 16 X 1592 1599
1590 17 X 1258 3
593 21 X 329 3
894 20 X 593 3
1166 19 X 894 3
1266 18 X 3 1166
1598 17 X 1266 3
2089 16 X 1590 1598
2319 15 X 2090 2089
2455 14 X 3 2319
2663 12 X 3 2455
2791 11 X 2663 3
2906 10 X 2791 3
3020 9 X 2906 2758
2317 15 X 2090 3
2453 14 X 3 2317
2662 12 X 3 2453
2790 11 X 2662 3
2905 10 X 2790 3
3019 9 X 2905 3
3088 8 X 3020 3019
3130 7 X 3057 3088
3188 6 X 3144 3130
564 21 X 315 3
869 20 X 564 3
1137 19 X 869 3
1498 18 X 1137 3
1747 17 X 1498 3
1939 16 X 3 1747
2266 15 X 1941 1939
2551 14 X 2266 2267
331 22 X 3 238
333 22 X 3 240
597 21 X 331 333
898 20 X 597 3
1170 19 X 898 3
1520 18 X 1170 3
1766 17 X 1520 3
1958 16 X 3 1766
595 21 X 331 3
896 20 X 595 3
1168 19 X 896 3
1518 18 X 1168 3
1764 17 X 1518 3
1956 16 X 3 1764
2285 15 X 1958 1956
1521 18 X 1170 1163
1767 17 X 1521 3
1959 16 X 3 1767
360 22 X 149 249
649 21 X 360 149
927 20 X 649 149
1198 19 X 927 149
1550 18 X 1198 1162
1795 17 X 1550 1268
2011 16 X 1268 1795
2287 15 X 1959 2011
2556 14 X 2285 2287
2722 12 X 2551 2556
2848 11 X 2722 2351
2956 10 X 2848 2351
2552 14 X 2266 2268
352 22 X 14 223
600 21 X 331 352
901 20 X 600 448
1175 19 X 901 448
1526 18 X 1175 448
1772 17 X 1526 448
1964 16 X 3 1772
596 21 X 331 14
897 20 X 596 448
1169 19 X 897 448
1519 18 X 1169 448
1765 17 X 1519 448
1957 16 X 3 1765
2292 15 X 1964 1957
1565 17 X 1180 448
1847 16 X 3 1565
251 23 X 149 155
362 22 X 149 251
654 21 X 362 150
930 20 X 654 448
1202 19 X 930 807
1556 18 X 1202 1177
1801 17 X 1556 1330
2061 16 X 1322 1801
2193 15 X 1847 2061
2557 14 X 2292 2193
599 21 X 331 351
900 20 X 599 448
1173 19 X 900 448
1524 18 X 1173 1180
1770 17 X 1524 448
1962 16 X 3 1770
650 21 X 360 150
928 20 X 650 448
1199 19 X 928 807
1552 18 X 1199 1177
1797 17 X 1552 1330
2057 16 X 1322 1797
2290 15 X 1962 2057
2558 14 X 2292 2290
2628 13 X 2557 2558
2723 12 X 2552 2628
2849 11 X 2723 2694
2957 10 X 2849 2821
3047 9 X 2956 2957
3112 8 X 3047 2983
3169 7 X 3061 3112
1607 17 X 1280 1268
1282 18 X 149 1166
1609 17 X 1282 1268
2091 16 X 1607 1609
2320 15 X 2090 2091
2456 14 X 3 2320
2692 12 X 2351 2456
2819 11 X 2692 2351
2933 10 X 2819 2351
3032 9 X 2933 2820
2318 15 X 2090 1268
2454 14 X 3 2318
2691 12 X 2351 2454
2818 11 X 2691 2351
2932 10 X 2818 2351
3031 9 X 2932 2352
3097 8 X 3032 3031
3154 7 X 3060 3097
3200 6 X 3169 3154
3220 5 X 3188 3200
81 26 X 42 50
111 25 X 3 81
189 24 X 3 111
244 23 X 3 189
337 22 X 3 244
590 21 X 325 337
893 20 X 590 3
1165 19 X 893 3
1265 18 X 3 1165
1597 17 X 1265 3
1871 16 X 3 1597
589 21 X 325 336
892 20 X 589 3
1164 19 X 892 3
1264 18 X 3 1164
1596 17 X 1264 3
1870 16 X 3 1596
2208 15 X 1871 1870
2397 14 X 3 2208
2657 12 X 3 2397
2785 11 X 2657 3
2900 10 X 2785 3
349 22 X 14 219
610 21 X 336 349
903 20 X 610 448
1178 19 X 903 448
1312 18 X 448 1178
1631 17 X 1312 448
1893 16 X 3 1631
2477 14 X 1804 1893
2664 12 X 3 2477
2792 11 X 2664 2631
2907 10 X 2792 2759
3014 9 X 2900 2907
3085 8 X 3014 3
3145 7 X 3059 3085
3189 6 X 3145 3130
756 20 X 315 3
1029 19 X 756 3
1421 18 X 1029 3
1699 17 X 1421 3
1915 16 X 3 1699
761 20 X 356 149
1034 19 X 761 149
1427 18 X 1034 3
1705 17 X 1427 1268
1996 16 X 1268 1705
2240 15 X 1915 1996
2409 14 X 3 2240
757 20 X 331 3
1031 19 X 757 3
1424 18 X 1031 1165
1702 17 X 1424 3
1918 16 X 3 1702
762 20 X 360 149
1036 19 X 762 149
1430 18 X 1036 1164
1708 17 X 1430 1268
1999 16 X 1268 1708
2245 15 X 1918 1999
2414 14 X 3 2245
2701 12 X 2409 2414
2828 11 X 2701 2351
2938 10 X 2828 2351
760 20 X 356 3
1032 19 X 760 738
1425 18 X 1032 3
1703 17 X 1425 1322
2028 16 X 1322 1703
2241 15 X 1915 2028
2410 14 X 3 2241
1564 17 X 1178 448
1846 16 X 3 1564
365 22 X 150 158
655 21 X 362 365
931 20 X 655 448
1203 19 X 931 807
1557 18 X 1203 1178
1802 17 X 1557 1330
2062 16 X 1322 1802
2192 15 X 1846 2062
2489 14 X 1804 2192
598 21 X 331 349
899 20 X 598 448
1171 19 X 899 448
1522 18 X 1171 1178
1768 17 X 1522 448
1960 16 X 3 1768
651 21 X 360 365
929 20 X 651 448
1200 19 X 929 807
1553 18 X 1200 1178
1798 17 X 1553 1330
2058 16 X 1322 1798
2288 15 X 1960 2058
2522 14 X 1804 2288
2603 13 X 2489 2522
2702 12 X 2410 2603
2829 11 X 2702 2694
2939 10 X 2829 2821
3036 9 X 2938 2939
3101 8 X 3036 2983
3162 7 X 3061 3101
3193 6 X 3162 3154
3221 5 X 3189 3193
3229 4 X 3220 3221
3233 3 X 3228 3229
3234 2 X 3230 3233
306 22 X 3 168
307 22 X 3 169
557 21 X 306 307
727 20 X 3 557
1000 19 X 727 3
1245 18 X 3 1000
969 19 X 557 3
1232 18 X 3 969
1577 17 X 1245 1232
1855 16 X 3 1577
556 21 X 306 3
726 20 X 3 556
999 19 X 726 3
1244 18 X 3 999
968 19 X 556 3
1231 18 X 3 968
1575 17 X 1244 1231
1853 16 X 3 1575
2197 15 X 1855 1853
2386 14 X 3 2197
2649 12 X 3 2386
2777 11 X 2649 3
2892 10 X 2777 3
319 22 X 3 186
350 22 X 14 221
576 21 X 319 350
766 20 X 448 576
1038 19 X 766 448
1284 18 X 448 1038
887 20 X 579 576
1159 19 X 887 448
1310 18 X 448 1159
1613 17 X 1284 1310
1875 16 X 3 1613
574 21 X 319 14
765 20 X 448 574
1037 19 X 765 448
1283 18 X 448 1037
884 20 X 577 574
1155 19 X 884 448
1307 18 X 448 1155
1610 17 X 1283 1307
1872 16 X 3 1610
2210 15 X 1875 1872
2491 14 X 1804 2210
342 22 X 3 272
622 21 X 342 350
772 20 X 448 622
1044 19 X 772 448
1290 18 X 448 1044
874 20 X 568 622
1145 19 X 874 448
1305 18 X 448 1145
1623 17 X 1290 1305
1885 16 X 3 1623
620 21 X 342 14
771 20 X 448 620
1043 19 X 771 448
1289 18 X 448 1043
565 21 X 315 14
870 20 X 565 620
1139 19 X 870 448
1303 18 X 448 1139
1620 17 X 1289 1303
1882 16 X 3 1620
2216 15 X 1885 1882
2497 14 X 1804 2216
2605 13 X 2491 2497
2674 12 X 3 2605
2802 11 X 2674 2631
2917 10 X 2802 2759
3006 9 X 2892 2917
3077 8 X 3006 3
3140 7 X 3059 3077
310 22 X 3 175
311 22 X 3 176
561 21 X 310 311
729 20 X 3 561
1002 19 X 729 3
1247 18 X 3 1002
971 19 X 561 3
1234 18 X 3 971
1581 17 X 1247 1234
1859 16 X 3 1581
560 21 X 310 3
728 20 X 3 560
1001 19 X 728 3
1246 18 X 3 1001
970 19 X 560 3
1233 18 X 3 970
1579 17 X 1246 1233
1857 16 X 3 1579
2200 15 X 1859 1857
2389 14 X 3 2200
2651 12 X 3 2389
2779 11 X 2651 3
2894 10 X 2779 3
3008 9 X 2894 2758
3079 8 X 3008 3
3126 7 X 3057 3079
3184 6 X 3140 3126
317 22 X 3 184
571 21 X 317 318
973 19 X 571 3
1360 18 X 973 3
1826 16 X 3 1360
357 22 X 149 154
642 21 X 357 149
974 19 X 642 149
1363 18 X 974 3
1979 16 X 1268 1363
2175 15 X 1826 1979
2375 14 X 3 2175
1362 18 X 973 1000
1361 18 X 973 969
1660 17 X 1362 1361
1912 16 X 3 1660
1365 18 X 974 999
1364 18 X 974 968
1662 17 X 1365 1364
1992 16 X 1268 1662
2237 15 X 1912 1992
2406 14 X 3 2237
2695 12 X 2375 2406
2822 11 X 2695 2351
2934 10 X 2822 2351
344 22 X 3 274
316 22 X 3 182
632 21 X 344 316
879 20 X 571 632
1150 19 X 879 3
1509 18 X 1150 3
1840 16 X 3 1509
629 21 X 344 3
918 20 X 642 629
1188 19 X 918 738
1537 18 X 1188 3
2020 16 X 1322 1537
2186 15 X 1840 2020
2379 14 X 3 2186
322 22 X 3 192
584 21 X 322 351
321 22 X 3 190
582 21 X 321 350
889 20 X 584 582
1161 19 X 889 448
1516 18 X 1161 1038
1517 18 X 1161 1159
1763 17 X 1516 1517
1955 16 X 3 1763
359 22 X 149 156
647 21 X 359 150
580 21 X 321 14
925 20 X 647 580
1196 19 X 925 807
1546 18 X 1196 1037
1547 18 X 1196 1155
1792 17 X 1546 1547
2054 16 X 1322 1792
2284 15 X 1955 2054
2521 14 X 1804 2284
573 21 X 317 351
634 21 X 344 350
882 20 X 573 634
1153 19 X 882 448
1512 18 X 1153 1044
1513 18 X 1153 1145
1760 17 X 1512 1513
1952 16 X 3 1760
643 21 X 357 150
630 21 X 344 14
920 20 X 643 630
1190 19 X 920 807
1539 18 X 1190 1043
1540 18 X 1190 1139
1788 17 X 1539 1540
2050 16 X 1322 1788
2281 15 X 1952 2050
2518 14 X 1804 2281
2617 13 X 2521 2518
2696 12 X 2379 2617
2823 11 X 2696 2694
2935 10 X 2823 2821
3033 9 X 2934 2935
3098 8 X 3033 2983
3159 7 X 3061 3098
1276 18 X 149 1001
1272 18 X 149 970
1605 17 X 1276 1272
1985 16 X 1268 1605
2201 15 X 1859 1985
2390 14 X 3 2201
2689 12 X 2351 2390
2816 11 X 2689 2351
2930 10 X 2816 2351
3029 9 X 2930 2820
3095 8 X 3029 2983
3152 7 X 3060 3095
3190 6 X 3159 3152
3216 5 X 3184 3190
957 19 X 306 3
1224 18 X 3 957
1576 17 X 1245 1224
1854 16 X 3 1576
1574 17 X 1244 1224
1852 16 X 3 1574
2196 15 X 1854 1852
2385 14 X 3 2196
2648 12 X 3 2385
2776 11 X 2648 3
2891 10 X 2776 3
578 21 X 320 349
348 22 X 14 218
575 21 X 319 348
885 20 X 578 575
1156 19 X 885 448
1308 18 X 448 1156
1612 17 X 1284 1308
1874 16 X 3 1612
1611 17 X 1283 1308
1873 16 X 3 1611
2209 15 X 1874 1873
2490 14 X 1804 2209
567 21 X 315 349
621 21 X 342 348
872 20 X 567 621
1142 19 X 872 448
1304 18 X 448 1142
1622 17 X 1290 1304
1884 16 X 3 1622
1621 17 X 1289 1304
1883 16 X 3 1621
2215 15 X 1884 1883
2496 14 X 1804 2215
2604 13 X 2490 2496
2673 12 X 3 2604
2801 11 X 2673 2631
2916 10 X 2801 2759
3005 9 X 2891 2916
3076 8 X 3005 3
3139 7 X 3059 3076
958 19 X 310 3
1225 18 X 3 958
1580 17 X 1247 1225
1858 16 X 3 1580
1578 17 X 1246 1225
1856 16 X 3 1578
2198 15 X 1858 1856
2387 14 X 3 2198
2650 12 X 3 2387
2778 11 X 2650 3
2893 10 X 2778 3
3007 9 X 2893 2758
3078 8 X 3007 3
3125 7 X 3057 3078
3183 6 X 3139 3125
570 21 X 317 315
972 19 X 570 3
1358 18 X 972 3
1658 17 X 1360 1358
1910 16 X 3 1658
644 21 X 357 356
975 19 X 644 149
1366 18 X 975 3
1661 17 X 1363 1366
1991 16 X 1268 1661
2235 15 X 1910 1991
2404 14 X 3 2235
1359 18 X 972 957
1659 17 X 1362 1359
1911 16 X 3 1659
1367 18 X 975 957
1663 17 X 1365 1367
1993 16 X 1268 1663
2236 15 X 1911 1993
2405 14 X 3 2236
2699 12 X 2404 2405
2826 11 X 2699 2351
2936 10 X 2826 2351
314 22 X 3 180
631 21 X 344 314
876 20 X 570 631
1147 19 X 876 3
1506 18 X 1147 3
1757 17 X 1509 1506
1949 16 X 3 1757
921 20 X 644 631
1191 19 X 921 738
1541 18 X 1191 3
1786 17 X 1537 1541
2048 16 X 1322 1786
2278 15 X 1949 2048
2432 14 X 3 2278
583 21 X 322 349
581 21 X 321 348
888 20 X 583 581
1160 19 X 888 448
1515 18 X 1160 1156
1762 17 X 1516 1515
1954 16 X 3 1762
648 21 X 359 365
926 20 X 648 581
1197 19 X 926 807
1548 18 X 1197 1156
1793 17 X 1546 1548
2055 16 X 1322 1793
2283 15 X 1954 2055
2520 14 X 1804 2283
572 21 X 317 349
633 21 X 344 348
881 20 X 572 633
1152 19 X 881 448
1511 18 X 1152 1142
1759 17 X 1512 1511
1951 16 X 3 1759
645 21 X 357 365
923 20 X 645 633
1193 19 X 923 807
1543 18 X 1193 1142
1789 17 X 1539 1543
2051 16 X 1322 1789
2280 15 X 1951 2051
2517 14 X 1804 2280
2616 13 X 2520 2517
2711 12 X 2432 2616
2838 11 X 2711 2694
2948 10 X 2838 2821
3034 9 X 2936 2948
3099 8 X 3034 2983
3160 7 X 3061 3099
1270 18 X 149 958
1604 17 X 1276 1270
1984 16 X 1268 1604
2199 15 X 1858 1984
2388 14 X 3 2199
2688 12 X 2351 2388
2815 11 X 2688 2351
2929 10 X 2815 2351
3028 9 X 2929 2820
3094 8 X 3028 2983
3151 7 X 3060 3094
3191 6 X 3160 3151
3215 5 X 3183 3191
3227 4 X 3216 3215
323 22 X 3 228
324 22 X 3 229
586 21 X 323 324
731 20 X 3 586
1004 19 X 731 3
1249 18 X 3 1004
1811 16 X 3 1249
585 21 X 323 3
730 20 X 3 585
1003 19 X 730 3
1248 18 X 3 1003
1810 16 X 3 1248
2166 15 X 1811 1810
2370 14 X 3 2166
2643 12 X 3 2370
2771 11 X 2643 3
2886 10 X 2771 3
334 22 X 3 241
605 21 X 334 350
768 20 X 448 605
1040 19 X 768 448
1286 18 X 448 1040
452 21 X 3 351
779 20 X 452 605
1051 19 X 779 448
1293 18 X 448 1051
1616 17 X 1286 1293
1878 16 X 3 1616
603 21 X 334 14
767 20 X 448 603
1039 19 X 767 448
1285 18 X 448 1039
1814 16 X 3 1285
2212 15 X 1878 1814
2493 14 X 1804 2212
335 22 X 3 242
608 21 X 335 350
770 20 X 448 608
1042 19 X 770 448
1288 18 X 448 1042
780 20 X 452 608
1052 19 X 780 448
1294 18 X 448 1052
1619 17 X 1288 1294
1881 16 X 3 1619
606 21 X 335 14
769 20 X 448 606
1041 19 X 769 448
1287 18 X 448 1041
1815 16 X 3 1287
2214 15 X 1881 1815
2495 14 X 1804 2214
2607 13 X 2493 2495
2676 12 X 3 2607
2804 11 X 2676 2631
2919 10 X 2804 2759
2999 9 X 2886 2919
3070 8 X 2999 3
3135 7 X 3059 3070
327 22 X 3 234
328 22 X 3 235
592 21 X 327 328
733 20 X 3 592
1006 19 X 733 3
1251 18 X 3 1006
1813 16 X 3 1251
591 21 X 327 3
732 20 X 3 591
1005 19 X 732 3
1250 18 X 3 1005
1812 16 X 3 1250
2167 15 X 1813 1812
2371 14 X 3 2167
2644 12 X 3 2371
2772 11 X 2644 3
2887 10 X 2772 3
3000 9 X 2887 2758
3071 8 X 3000 3
3123 7 X 3057 3071
3179 6 X 3135 3123
878 20 X 571 3
1149 19 X 878 3
1508 18 X 1149 3
1839 16 X 3 1508
569 21 X 317 3
875 20 X 569 3
1146 19 X 875 3
1505 18 X 1146 3
1838 16 X 3 1505
2185 15 X 1839 1838
2545 14 X 2185 2175
332 22 X 3 239
602 21 X 332 333
735 20 X 3 602
1008 19 X 735 3
1388 18 X 1008 1004
1828 16 X 3 1388
361 22 X 149 250
652 21 X 361 149
750 20 X 149 652
1022 19 X 750 149
1416 18 X 1022 1003
1981 16 X 1268 1416
2177 15 X 1828 1981
2377 14 X 3 2177
2719 12 X 2545 2377
2845 11 X 2719 2351
2954 10 X 2845 2351
345 22 X 3 275
637 21 X 345 316
880 20 X 571 637
1151 19 X 880 3
1510 18 X 1151 3
1841 16 X 3 1510
635 21 X 345 3
919 20 X 642 635
1189 19 X 919 738
1538 18 X 1189 3
2021 16 X 1322 1538
2187 15 X 1841 2021
2546 14 X 2185 2187
453 21 X 3 352
783 20 X 453 448
1055 19 X 783 448
1439 18 X 1055 448
1829 16 X 3 1439
2178 15 X 1829 1804
338 22 X 3 245
614 21 X 338 350
781 20 X 452 614
1053 19 X 781 448
1435 18 X 1053 1040
1436 18 X 1053 1051
1710 17 X 1435 1436
1920 16 X 3 1710
612 21 X 338 14
808 20 X 465 612
1076 19 X 808 807
1445 18 X 1076 1039
2014 16 X 1322 1445
2247 15 X 1920 2014
2537 14 X 2178 2247
339 22 X 3 246
617 21 X 339 350
782 20 X 452 617
1054 19 X 782 448
1437 18 X 1054 1042
1438 18 X 1054 1052
1712 17 X 1437 1438
1922 16 X 3 1712
615 21 X 339 14
809 20 X 465 615
1077 19 X 809 807
1446 18 X 1077 1041
2015 16 X 1322 1446
2249 15 X 1922 2015
2538 14 X 2178 2249
2623 13 X 2537 2538
2720 12 X 2546 2623
2846 11 X 2720 2694
2955 10 X 2846 2821
3046 9 X 2954 2955
3111 8 X 3046 2983
3168 7 X 3061 3111
1277 18 X 149 1005
1976 16 X 1268 1277
2168 15 X 1813 1976
2372 14 X 3 2168
2685 12 X 2351 2372
2812 11 X 2685 2351
2926 10 X 2812 2351
3025 9 X 2926 2820
3091 8 X 3025 2983
3148 7 X 3060 3091
3199 6 X 3168 3148
3211 5 X 3179 3199
707 20 X 3 323
980 19 X 707 3
1238 18 X 3 980
1583 17 X 1249 1238
1861 16 X 3 1583
1582 17 X 1248 1238
1860 16 X 3 1582
2202 15 X 1861 1860
2391 14 X 3 2202
2652 12 X 3 2391
2780 11 X 2652 3
2895 10 X 2780 3
451 21 X 3 349
604 21 X 334 348
775 20 X 451 604
1047 19 X 775 448
1291 18 X 448 1047
1615 17 X 1286 1291
1877 16 X 3 1615
1614 17 X 1285 1291
1876 16 X 3 1614
2211 15 X 1877 1876
2492 14 X 1804 2211
607 21 X 335 348
776 20 X 451 607
1048 19 X 776 448
1292 18 X 448 1048
1618 17 X 1288 1292
1880 16 X 3 1618
1617 17 X 1287 1292
1879 16 X 3 1617
2213 15 X 1880 1879
2494 14 X 1804 2213
2606 13 X 2492 2494
2675 12 X 3 2606
2803 11 X 2675 2631
2918 10 X 2803 2759
3009 9 X 2895 2918
3080 8 X 3009 3
3141 7 X 3059 3080
708 20 X 3 327
981 19 X 708 3
1239 18 X 3 981
1585 17 X 1251 1239
1863 16 X 3 1585
1584 17 X 1250 1239
1862 16 X 3 1584
2203 15 X 1863 1862
2392 14 X 3 2203
2653 12 X 3 2392
2781 11 X 2653 3
2896 10 X 2781 3
3010 9 X 2896 2758
3081 8 X 3010 3
3127 7 X 3057 3081
3185 6 X 3141 3127
601 21 X 332 331
734 20 X 3 601
1007 19 X 734 3
1387 18 X 1007 980
1677 17 X 1388 1387
1914 16 X 3 1677
653 21 X 361 360
751 20 X 149 653
1023 19 X 751 149
1417 18 X 1023 980
1695 17 X 1416 1417
1995 16 X 1268 1695
2239 15 X 1914 1995
2408 14 X 3 2239
2700 12 X 2404 2408
2827 11 X 2700 2351
2937 10 X 2827 2351
636 21 X 345 314
877 20 X 570 636
1148 19 X 877 3
1507 18 X 1148 3
1758 17 X 1510 1507
1950 16 X 3 1758
922 20 X 644 636
1192 19 X 922 738
1542 18 X 1192 3
1787 17 X 1538 1542
2049 16 X 1322 1787
2279 15 X 1950 2049
2433 14 X 3 2279
613 21 X 338 348
777 20 X 451 613
1049 19 X 777 448
1433 18 X 1049 1047
1709 17 X 1435 1433
1919 16 X 3 1709
468 21 X 149 365
813 20 X 468 613
1080 19 X 813 807
1449 18 X 1080 1047
1716 17 X 1445 1449
2030 16 X 1322 1716
2246 15 X 1919 2030
2508 14 X 1804 2246
616 21 X 339 348
778 20 X 451 616
1050 19 X 778 448
1434 18 X 1050 1048
1711 17 X 1437 1434
1921 16 X 3 1711
814 20 X 468 616
1081 19 X 814 807
1450 18 X 1081 1048
1717 17 X 1446 1450
2031 16 X 1322 1717
2248 15 X 1921 2031
2509 14 X 1804 2248
2612 13 X 2508 2509
2712 12 X 2433 2612
2839 11 X 2712 2694
2949 10 X 2839 2821
3035 9 X 2937 2949
3100 8 X 3035 2983
3161 7 X 3061 3100
1274 18 X 149 981
1606 17 X 1277 1274
1986 16 X 1268 1606
2204 15 X 1863 1986
2393 14 X 3 2204
2690 12 X 2351 2393
2817 11 X 2690 2351
2931 10 X 2817 2351
3030 9 X 2931 2820
3096 8 X 3030 2983
3153 7 X 3060 3096
3192 6 X 3161 3153
3217 5 X 3185 3192
3225 4 X 3211 3217
3232 3 X 3227 3225
270 23 X 178 3
340 22 X 3 270
271 23 X 179 3
341 22 X 3 271
619 21 X 340 341
906 20 X 619 3
1136 19 X 868 906
1261 18 X 3 1136
1561 17 X 3 1261
1844 16 X 3 1561
618 21 X 340 3
905 20 X 618 3
1134 19 X 867 905
1259 18 X 3 1134
1560 17 X 3 1259
1843 16 X 3 1560
2189 15 X 1844 1843
2381 14 X 3 2189
2645 12 X 3 2381
2773 11 X 2645 3
2888 10 X 2773 3
3002 9 X 2888 2759
3073 8 X 3002 3
3136 7 X 3059 3073
3001 9 X 2888 2758
3072 8 X 3001 3
3124 7 X 3057 3072
3180 6 X 3136 3124
273 23 X 181 3
343 22 X 3 273
276 23 X 185 3
346 22 X 3 276
625 21 X 343 346
909 20 X 625 3
1141 19 X 871 909
1502 18 X 1141 3
1752 17 X 1502 3
1944 16 X 3 1752
254 23 X 153 149
363 22 X 149 254
656 21 X 363 149
933 20 X 656 149
1185 19 X 916 933
1534 18 X 1185 3
1781 17 X 1534 1268
2007 16 X 1268 1781
2272 15 X 1944 2007
2428 14 X 3 2272
1754 17 X 1502 1261
1946 16 X 3 1754
1281 18 X 149 1134
1783 17 X 1534 1281
2009 16 X 1268 1783
2275 15 X 1946 2009
2431 14 X 3 2275
2709 12 X 2428 2431
2836 11 X 2709 2351
1338 18 X 909 3
1642 17 X 1338 3
1902 16 X 3 1642
1345 18 X 933 3
1649 17 X 1345 1268
1988 16 X 1268 1649
2226 15 X 1902 1988
2400 14 X 3 2226
2756 11 X 2400 2351
2946 10 X 2836 2756
932 20 X 656 3
1183 19 X 915 932
1531 18 X 1183 3
1777 17 X 1531 1322
2045 16 X 1322 1777
2273 15 X 1944 2045
2429 14 X 3 2273
277 23 X 188 3
347 22 X 3 277
300 23 X 222 14
354 22 X 14 300
639 21 X 347 354
914 20 X 639 448
1158 19 X 886 914
1514 18 X 1158 448
1761 17 X 1514 448
1953 16 X 3 1761
255 23 X 155 149
364 22 X 149 255
659 21 X 364 150
936 20 X 659 448
1195 19 X 924 936
1545 18 X 1195 448
1791 17 X 1545 1330
2053 16 X 1322 1791
2282 15 X 1953 2053
2519 14 X 1804 2282
627 21 X 343 354
911 20 X 627 448
1144 19 X 873 911
1504 18 X 1144 448
1756 17 X 1504 448
1948 16 X 3 1756
657 21 X 363 150
934 20 X 657 448
1187 19 X 917 934
1536 18 X 1187 448
1785 17 X 1536 1330
2047 16 X 1322 1785
2277 15 X 1948 2047
2516 14 X 1804 2277
2615 13 X 2519 2516
2710 12 X 2429 2615
2837 11 X 2710 2694
1344 18 X 932 3
1648 17 X 1344 1322
2023 16 X 1322 1648
2227 15 X 1902 2023
2401 14 X 3 2227
1343 18 X 914 448
1647 17 X 1343 448
1907 16 X 3 1647
1348 18 X 936 448
1652 17 X 1348 1330
2026 16 X 1322 1652
2232 15 X 1907 2026
2507 14 X 1804 2232
1340 18 X 911 448
1644 17 X 1340 448
1904 16 X 3 1644
1346 18 X 934 448
1650 17 X 1346 1330
2024 16 X 1322 1650
2229 15 X 1904 2024
2505 14 X 1804 2229
2611 13 X 2507 2505
2698 12 X 2401 2611
2825 11 X 2698 2694
2947 10 X 2837 2825
3041 9 X 2946 2947
3106 8 X 3041 2983
3167 7 X 3061 3106
1601 17 X 1268 1281
1983 16 X 1268 1601
2190 15 X 1844 1983
2382 14 X 3 2190
2687 12 X 2351 2382
2814 11 X 2687 2351
2928 10 X 2814 2351
3027 9 X 2928 2820
3093 8 X 3027 2983
3150 7 X 3060 3093
3198 6 X 3167 3150
3212 5 X 3180 3198
758 20 X 340 3
1028 19 X 755 758
1253 18 X 3 1028
1559 17 X 3 1253
1842 16 X 3 1559
2348 14 X 3 1842
2632 12 X 3 2348
2760 11 X 2632 3
2875 10 X 2760 3
2988 9 X 2875 2759
3063 8 X 2988 3
3132 7 X 3059 3063
2987 9 X 2875 2758
3062 8 X 2987 3
3118 7 X 3057 3062
3176 6 X 3132 3118
1753 17 X 1502 1253
1945 16 X 3 1753
1279 18 X 149 1028
1782 17 X 1534 1279
2008 16 X 1268 1782
2274 15 X 1945 2008
2430 14 X 3 2274
2708 12 X 2428 2430
2835 11 X 2708 2351
2945 10 X 2835 2756
3040 9 X 2945 2947
3105 8 X 3040 2983
3166 7 X 3061 3105
1600 17 X 1268 1279
1982 16 X 1268 1600
2188 15 X 1842 1982
2380 14 X 3 2188
2686 12 X 2351 2380
2813 11 X 2686 2351
2927 10 X 2813 2351
3026 9 X 2927 2820
3092 8 X 3026 2983
3149 7 X 3060 3092
3197 6 X 3166 3149
3208 5 X 3176 3197
3226 4 X 3212 3208
2981 9 X 3 2759
3058 8 X 2981 3
3131 7 X 3059 3058
3175 6 X 3131 3057
623 21 X 343 3
907 20 X 623 3
1138 19 X 869 907
1499 18 X 1138 3
1748 17 X 1499 3
1940 16 X 3 1748
2271 15 X 1944 1940
2553 14 X 2271 2272
1549 18 X 1198 3
1794 17 X 1549 1268
2010 16 X 1268 1794
2286 15 X 1958 2010
2555 14 X 2285 2286
2724 12 X 2553 2555
2850 11 X 2724 2351
1336 18 X 907 3
1640 17 X 1336 3
1900 16 X 3 1640
2225 15 X 1902 1900
2547 14 X 2225 2226
2757 11 X 2547 2351
2958 10 X 2850 2757
2554 14 X 2271 2273
301 23 X 223 14
355 22 X 14 301
456 21 X 3 355
786 20 X 456 448
1176 19 X 901 786
1527 18 X 1176 448
1773 17 X 1527 448
1965 16 X 3 1773
2293 15 X 1965 1957
455 21 X 3 354
785 20 X 455 448
1181 19 X 904 785
1529 18 X 1181 448
1775 17 X 1529 448
1967 16 X 3 1775
1555 18 X 1202 448
1800 17 X 1555 1330
2060 16 X 1322 1800
2295 15 X 1967 2060
2560 14 X 2293 2295
1174 19 X 900 785
1525 18 X 1174 448
1771 17 X 1525 448
1963 16 X 3 1771
1551 18 X 1199 448
1796 17 X 1551 1330
2056 16 X 1322 1796
2291 15 X 1963 2056
2559 14 X 2293 2291
2629 13 X 2560 2559
2725 12 X 2554 2629
2851 11 X 2725 2694
2548 14 X 2225 2227
628 21 X 343 355
912 20 X 628 448
1341 18 X 912 448
1645 17 X 1341 448
1905 16 X 3 1645
624 21 X 343 14
908 20 X 624 448
1337 18 X 908 448
1641 17 X 1337 448
1901 16 X 3 1641
2230 15 X 1905 1901
2550 14 X 2230 2232
2549 14 X 2230 2229
2627 13 X 2550 2549
2721 12 X 2548 2627
2847 11 X 2721 2694
2959 10 X 2851 2847
3048 9 X 2958 2959
3113 8 X 3048 2983
3170 7 X 3061 3113
3201 6 X 3170 3060
3207 5 X 3175 3201
759 20 X 343 3
1030 19 X 756 759
1422 18 X 1030 3
1700 17 X 1422 3
1916 16 X 3 1700
764 20 X 363 149
1035 19 X 761 764
1428 18 X 1035 3
1706 17 X 1428 1268
1997 16 X 1268 1706
2242 15 X 1916 1997
2411 14 X 3 2242
1423 18 X 1031 3
1701 17 X 1423 3
1917 16 X 3 1701
1429 18 X 1036 3
1707 17 X 1429 1268
1998 16 X 1268 1707
2244 15 X 1917 1998
2413 14 X 3 2244
2703 12 X 2411 2413
2830 11 X 2703 2351
1327 18 X 759 3
1637 17 X 1327 3
1899 16 X 3 1637
1329 18 X 764 3
1639 17 X 1329 1268
1987 16 X 1268 1639
2223 15 X 1899 1987
2398 14 X 3 2223
2755 11 X 2398 2351
2940 10 X 2830 2755
763 20 X 363 3
1033 19 X 760 763
1426 18 X 1033 3
1704 17 X 1426 1322
2029 16 X 1322 1704
2243 15 X 1916 2029
2412 14 X 3 2243
299 23 X 219 14
353 22 X 14 299
454 21 X 3 353
784 20 X 454 448
1179 19 X 903 784
1528 18 X 1179 448
1774 17 X 1528 448
1966 16 X 3 1774
256 23 X 158 150
366 22 X 150 256
469 21 X 149 366
815 20 X 469 448
1204 19 X 931 815
1558 18 X 1204 448
1803 17 X 1558 1330
2063 16 X 1322 1803
2294 15 X 1966 2063
2524 14 X 1804 2294
1172 19 X 899 784
1523 18 X 1172 448
1769 17 X 1523 448
1961 16 X 3 1769
1201 19 X 929 815
1554 18 X 1201 448
1799 17 X 1554 1330
2059 16 X 1322 1799
2289 15 X 1961 2059
2523 14 X 1804 2289
2618 13 X 2524 2523
2704 12 X 2412 2618
2831 11 X 2704 2694
1328 18 X 763 3
1638 17 X 1328 1322
2022 16 X 1322 1638
2224 15 X 1899 2022
2399 14 X 3 2224
638 21 X 347 353
913 20 X 638 448
1342 18 X 913 448
1646 17 X 1342 448
1906 16 X 3 1646
660 21 X 364 366
937 20 X 660 448
1349 18 X 937 448
1653 17 X 1349 1330
2027 16 X 1322 1653
2231 15 X 1906 2027
2506 14 X 1804 2231
626 21 X 343 353
910 20 X 626 448
1339 18 X 910 448
1643 17 X 1339 448
1903 16 X 3 1643
658 21 X 363 366
935 20 X 658 448
1347 18 X 935 448
1651 17 X 1347 1330
2025 16 X 1322 1651
2228 15 X 1903 2025
2504 14 X 1804 2228
2610 13 X 2506 2504
2697 12 X 2399 2610
2824 11 X 2697 2694
2941 10 X 2831 2824
3037 9 X 2940 2941
3102 8 X 3037 2983
3163 7 X 3061 3102
3194 6 X 3163 3060
3206 5 X 3175 3194
3222 4 X 3207 3206
3231 3 X 3226 3222
3235 2 X 3232 3231
3236 1 X 3234 3235
