356
pxklmj cvewzw enunqz pnbdle wvnncw cdewzc hueoit shwjhy pepbeh ieaeln bajzgu vijqop ezmgzx vpqhui mbrvub spctak
1 13 10 8 15 14 12 5 3 11 6 9 2 7 4 16
3 17 1 -1 -1
2 17 0 -1 -1
6 16 X 3 2
13 15 X 6 3
21 14 X 3 13
73 12 X 21 3
149 10 X 3 73
53 13 X 21 3
84 12 X 53 3
137 11 X 84 3
150 10 X 3 137
200 9 X 149 150
155 10 X 21 3
102 11 X 21 3
166 10 X 102 3
205 9 X 155 166
251 8 X 200 205
275 7 X 3 251
160 10 X 53 3
115 11 X 53 3
178 10 X 115 3
209 9 X 160 178
236 8 X 3 209
235 8 X 3 205
295 7 X 236 235
309 6 X 275 295
8 15 X 2 3
19 14 X 3 8
103 11 X 21 19
52 13 X 19 8
24 14 X 8 3
41 13 X 3 24
83 12 X 52 41
129 11 X 73 83
167 10 X 103 129
212 9 X 167 137
105 11 X 21 52
54 13 X 21 13
28 14 X 13 3
42 13 X 3 28
85 12 X 54 42
130 11 X 73 85
173 10 X 105 130
104 11 X 21 41
128 11 X 73 42
169 10 X 104 128
218 9 X 173 169
261 8 X 212 218
278 7 X 3 261
51 13 X 19 3
82 12 X 51 3
138 11 X 84 82
191 10 X 138 84
222 9 X 191 137
116 11 X 53 51
180 10 X 116 84
179 10 X 115 137
219 9 X 180 179
268 8 X 222 219
217 9 X 173 137
265 8 X 217 218
307 7 X 268 265
311 6 X 278 307
334 5 X 309 311
344 4 X 334 3
39 13 X 3 21
158 10 X 39 73
208 9 X 158 150
258 8 X 208 205
277 7 X 3 258
310 6 X 277 295
172 10 X 105 129
216 9 X 172 137
264 8 X 216 218
280 7 X 3 264
238 8 X 3 219
297 7 X 238 265
313 6 X 280 297
335 5 X 310 313
345 4 X 335 3
351 3 X 344 345
1 17 -1 -1 -1
31 13 X 1 3
148 10 X 1 31
96 11 X 1 3
106 11 X 31 3
162 10 X 96 106
199 9 X 148 162
249 8 X 199 3
250 8 X 199 205
302 7 X 249 250
325 6 X 302 250
4 16 X 1 2
12 15 X 4 1
15 14 X 1 12
7 15 X 2 1
14 14 X 1 7
99 11 X 15 14
33 13 X 1 24
107 11 X 31 33
163 10 X 99 107
47 13 X 15 1
79 12 X 47 1
132 11 X 79 3
188 10 X 132 106
210 9 X 163 188
98 11 X 3 42
171 10 X 105 98
168 10 X 104 98
214 9 X 171 168
259 8 X 210 214
304 7 X 249 259
69 12 X 15 1
46 13 X 14 7
78 12 X 46 1
124 11 X 69 78
34 13 X 1 28
75 12 X 34 31
109 11 X 31 75
184 10 X 124 109
220 9 X 184 188
266 8 X 220 214
100 11 X 15 46
108 11 X 31 34
164 10 X 100 108
211 9 X 164 188
260 8 X 211 214
305 7 X 266 260
327 6 X 304 305
340 5 X 325 327
241 8 X 162 3
348 4 X 340 241
32 13 X 1 15
156 10 X 32 31
206 9 X 156 162
256 8 X 206 205
303 7 X 249 256
326 6 X 303 250
97 11 X 3 41
170 10 X 105 97
190 10 X 137 3
213 9 X 170 190
262 8 X 213 214
279 7 X 3 262
237 8 X 3 214
215 9 X 171 190
263 8 X 215 214
296 7 X 237 263
312 6 X 279 296
341 5 X 326 312
329 5 X 241 3
349 4 X 341 329
353 3 X 348 349
354 2 X 351 353
18 14 X 3 6
50 13 X 18 3
114 11 X 50 53
177 10 X 114 3
232 8 X 3 177
226 8 X 3 155
291 7 X 232 226
270 7 X 3 226
320 6 X 291 270
17 14 X 3 2
48 13 X 17 3
80 12 X 48 3
134 11 X 80 82
23 14 X 8 2
57 13 X 23 3
45 13 X 8 3
119 11 X 57 45
59 13 X 24 3
87 12 X 57 59
77 12 X 45 59
140 11 X 87 77
183 10 X 119 140
240 8 X 134 183
72 12 X 19 3
154 10 X 19 72
204 9 X 154 82
68 12 X 8 24
152 10 X 8 68
255 8 X 204 152
299 7 X 240 255
76 12 X 45 3
131 11 X 76 82
202 9 X 152 131
253 8 X 202 152
276 7 X 3 253
323 6 X 299 276
338 5 X 320 323
71 12 X 18 21
127 11 X 71 21
186 10 X 127 3
234 8 X 3 186
292 7 X 232 234
272 7 X 3 234
321 6 X 292 272
133 11 X 80 3
27 14 X 13 2
62 13 X 27 3
29 14 X 13 8
65 13 X 29 3
121 11 X 62 65
239 8 X 133 121
194 9 X 19 82
22 14 X 6 2
63 13 X 27 22
5 16 X 2 3
9 15 X 2 5
30 14 X 13 9
93 12 X 63 30
146 11 X 93 29
243 8 X 194 146
298 7 X 239 243
95 12 X 65 3
195 9 X 29 95
245 8 X 195 146
274 7 X 3 245
322 6 X 298 274
339 5 X 321 322
347 4 X 338 339
228 8 X 3 160
285 7 X 228 226
317 6 X 285 270
159 10 X 45 77
227 8 X 3 159
284 7 X 227 255
316 6 X 284 276
336 5 X 317 316
55 13 X 21 18
117 11 X 55 21
181 10 X 117 3
233 8 X 3 181
286 7 X 228 233
271 7 X 3 233
318 6 X 286 271
224 8 X 3 65
66 13 X 29 22
123 11 X 66 29
242 8 X 194 123
281 7 X 224 242
244 8 X 195 123
273 7 X 3 244
314 6 X 281 273
337 5 X 318 314
346 4 X 336 337
352 3 X 347 346
101 11 X 18 21
165 10 X 101 3
229 8 X 3 165
287 7 X 229 226
70 12 X 17 3
126 11 X 70 72
185 10 X 126 3
10 15 X 3 2
20 14 X 3 10
49 13 X 17 20
81 12 X 49 3
136 11 X 81 82
189 10 X 136 3
221 9 X 185 189
56 13 X 23 2
118 11 X 56 8
16 14 X 2 3
60 13 X 24 16
120 11 X 60 24
182 10 X 118 120
267 8 X 221 182
153 10 X 19 3
161 10 X 82 3
203 9 X 153 161
151 10 X 8 24
254 8 X 203 151
306 7 X 267 254
86 12 X 56 3
67 12 X 8 3
139 11 X 86 67
90 12 X 60 3
74 12 X 24 3
143 11 X 90 74
192 10 X 139 143
58 13 X 23 10
88 12 X 58 3
141 11 X 88 82
25 14 X 10 3
61 13 X 24 25
91 12 X 61 3
144 11 X 91 3
193 10 X 141 144
223 9 X 192 193
269 8 X 223 182
89 12 X 59 3
142 11 X 89 3
187 10 X 131 142
201 9 X 151 187
252 8 X 201 151
308 7 X 269 252
328 6 X 306 308
330 5 X 287 328
37 13 X 3 18
111 11 X 37 39
175 10 X 111 3
230 8 X 3 175
288 7 X 229 230
125 11 X 70 3
135 11 X 81 3
197 9 X 125 135
122 11 X 63 29
247 8 X 197 122
38 13 X 3 19
196 9 X 38 3
35 13 X 3 2
36 13 X 3 8
110 11 X 35 36
40 13 X 3 22
43 13 X 3 29
112 11 X 40 43
174 10 X 110 112
246 8 X 196 174
300 7 X 247 246
92 12 X 63 3
145 11 X 92 3
11 15 X 3 6
26 14 X 11 10
64 13 X 27 26
94 12 X 64 3
147 11 X 94 3
198 9 X 145 147
248 8 X 198 122
157 10 X 36 43
207 9 X 157 3
257 8 X 207 174
301 7 X 248 257
324 6 X 300 301
331 5 X 288 324
342 4 X 330 331
293 7 X 233 226
44 13 X 8 2
113 11 X 44 8
176 10 X 113 120
231 8 X 3 176
290 7 X 231 254
289 7 X 231 252
319 6 X 290 289
332 5 X 293 319
294 7 X 233 230
225 8 X 3 123
282 7 X 225 246
283 7 X 225 257
315 6 X 282 283
333 5 X 294 315
343 4 X 332 333
350 3 X 342 343
355 2 X 352 350
356 1 X 354 355
