539
zcvzgw igjocv dmgita ctvurn sgvygb oryqys mayypf zxbhhy nyatoa puawrv pkppfo tdjuvg rgkxqz leezti kqttzl syoziz itlgxp duajna yorkxz tgkhqb
7 16 2 10 14 13 17 8 12 18 5 11 9 15 4 19 3 1 6 20
1 21 -1 -1 -1
3 21 1 -1 -1
151 14 X 1 3
247 13 X 151 1
4 20 X 1 3
60 16 X 3 4
94 15 X 3 60
152 14 X 1 94
248 13 X 152 1
487 8 X 247 248
206 13 X 94 60
2 21 0 -1 -1
5 20 X 2 3
11 19 X 5 3
30 17 X 3 5
39 17 X 4 5
68 16 X 30 39
100 15 X 11 68
12 19 X 5 4
62 16 X 11 12
120 15 X 62 68
232 13 X 100 120
44 17 X 11 3
102 15 X 44 60
48 17 X 12 4
79 16 X 44 48
127 15 X 79 60
234 13 X 102 127
317 12 X 232 234
395 11 X 317 206
409 10 X 206 395
19 18 X 3 11
16 18 X 3 5
53 17 X 19 16
87 16 X 53 4
99 15 X 3 87
116 15 X 60 87
231 13 X 99 116
51 17 X 19 3
84 16 X 51 4
98 15 X 3 84
229 13 X 98 60
315 12 X 231 229
163 14 X 99 94
177 14 X 116 60
255 13 X 163 177
162 14 X 98 94
253 13 X 162 60
329 12 X 255 253
394 11 X 315 329
29 18 X 11 5
47 17 X 11 29
45 17 X 11 5
81 16 X 47 45
131 15 X 81 68
49 17 X 12 5
82 16 X 47 49
133 15 X 82 68
240 13 X 131 133
323 12 X 240 234
96 15 X 3 68
161 14 X 96 94
109 15 X 60 68
171 14 X 109 60
252 13 X 161 171
328 12 X 252 206
403 11 X 323 328
440 10 X 394 403
458 9 X 409 440
481 8 X 3 458
119 15 X 62 5
180 14 X 119 60
219 13 X 94 180
42 17 X 5 3
43 17 X 5 4
78 16 X 42 43
129 15 X 79 78
184 14 X 129 60
221 13 X 94 184
305 12 X 219 221
390 11 X 305 206
407 10 X 206 390
9 19 X 3 5
26 18 X 9 5
56 17 X 26 16
90 16 X 56 4
118 15 X 60 90
179 14 X 118 60
218 13 X 94 179
303 12 X 218 206
132 15 X 82 5
186 14 X 132 60
223 13 X 94 186
309 12 X 223 221
107 15 X 60 5
169 14 X 107 60
211 13 X 94 169
114 15 X 60 78
175 14 X 114 60
216 13 X 94 175
298 12 X 211 216
392 11 X 309 298
413 10 X 303 392
456 9 X 407 413
479 8 X 3 456
502 7 X 481 479
64 16 X 19 3
37 17 X 3 26
76 16 X 37 4
123 15 X 64 76
65 16 X 19 4
126 15 X 65 76
239 13 X 123 126
83 16 X 51 3
134 15 X 83 60
140 15 X 84 60
241 13 X 134 140
322 12 X 239 241
402 11 X 322 206
410 10 X 206 402
86 16 X 53 3
148 15 X 86 76
150 15 X 87 76
246 13 X 148 150
327 12 X 246 241
97 15 X 3 76
112 15 X 60 76
228 13 X 97 112
314 12 X 228 206
404 11 X 327 314
417 10 X 315 404
459 9 X 410 417
482 8 X 3 459
66 16 X 26 4
124 15 X 65 66
181 14 X 124 60
220 13 X 94 181
55 17 X 26 3
89 16 X 55 4
147 15 X 84 89
196 14 X 147 60
226 13 X 94 196
306 12 X 220 226
391 11 X 306 206
408 10 X 206 391
149 15 X 87 66
197 14 X 149 60
227 13 X 94 197
313 12 X 227 226
108 15 X 60 66
170 14 X 108 60
212 13 X 94 170
117 15 X 60 89
178 14 X 117 60
217 13 X 94 178
299 12 X 212 217
393 11 X 313 299
414 10 X 303 393
457 9 X 408 414
480 8 X 3 457
504 7 X 482 480
518 6 X 502 504
469 8 X 3 206
501 7 X 481 469
503 7 X 482 469
517 6 X 501 503
525 5 X 518 517
529 4 X 487 525
28 18 X 11 3
57 17 X 28 3
205 13 X 57 3
269 12 X 57 205
153 14 X 57 3
249 13 X 153 3
272 12 X 153 249
357 11 X 269 272
268 12 X 28 57
356 11 X 268 153
427 10 X 357 356
25 18 X 9 3
59 17 X 28 25
91 16 X 57 59
106 15 X 57 91
271 12 X 106 205
168 14 X 106 3
274 12 X 168 249
359 11 X 271 274
23 18 X 5 3
58 17 X 28 23
67 16 X 28 58
270 12 X 67 57
273 12 X 168 153
358 11 X 270 273
428 10 X 359 358
464 9 X 427 428
104 15 X 44 79
236 13 X 104 79
235 13 X 104 60
319 12 X 236 235
166 14 X 104 94
157 14 X 79 60
259 13 X 166 157
258 13 X 166 60
332 12 X 259 258
398 11 X 319 332
31 17 X 3 11
40 17 X 4 12
69 16 X 31 40
101 15 X 11 69
121 15 X 62 69
233 13 X 101 121
318 12 X 233 234
164 14 X 102 94
182 14 X 127 60
256 13 X 164 182
396 11 X 318 256
441 10 X 398 396
46 17 X 11 19
22 18 X 4 12
50 17 X 12 22
80 16 X 46 50
105 15 X 44 80
130 15 X 79 80
237 13 X 105 130
320 12 X 237 235
167 14 X 105 94
185 14 X 130 60
260 13 X 167 185
333 12 X 260 258
399 11 X 320 333
34 17 X 3 19
41 17 X 4 22
73 16 X 34 41
103 15 X 44 73
165 14 X 103 94
128 15 X 79 73
183 14 X 128 60
257 13 X 165 183
331 12 X 257 256
397 11 X 318 331
442 10 X 399 397
468 9 X 441 442
492 8 X 464 468
199 13 X 3 57
276 12 X 199 3
202 13 X 3 153
279 12 X 202 3
363 11 X 276 279
198 13 X 3 28
275 12 X 198 199
361 11 X 275 202
430 10 X 363 361
201 13 X 3 106
278 12 X 201 3
204 13 X 3 168
280 12 X 204 3
367 11 X 278 280
200 13 X 3 67
277 12 X 200 199
281 12 X 204 202
365 11 X 277 281
432 10 X 367 365
466 9 X 430 432
209 13 X 94 157
296 12 X 209 206
155 14 X 62 60
207 13 X 94 155
294 12 X 207 209
386 11 X 294 209
411 10 X 296 386
222 13 X 94 185
307 12 X 222 206
308 12 X 222 209
387 11 X 294 308
415 10 X 307 387
460 9 X 411 415
494 8 X 466 460
512 7 X 492 494
138 15 X 83 84
245 13 X 138 84
244 13 X 138 60
326 12 X 245 244
72 16 X 34 4
122 15 X 64 72
125 15 X 65 72
238 13 X 122 125
321 12 X 238 241
400 11 X 321 241
419 10 X 326 400
135 15 X 83 65
141 15 X 84 65
242 13 X 135 141
324 12 X 242 244
136 15 X 83 72
143 15 X 84 72
243 13 X 136 143
325 12 X 243 241
401 11 X 321 325
418 10 X 324 401
462 9 X 419 418
484 8 X 3 462
158 14 X 84 60
210 13 X 94 158
297 12 X 210 206
156 14 X 65 60
208 13 X 94 156
295 12 X 208 210
388 11 X 295 210
412 10 X 297 388
192 14 X 141 60
224 13 X 94 192
310 12 X 224 206
311 12 X 224 210
389 11 X 295 311
416 10 X 310 389
461 9 X 412 416
483 8 X 3 461
506 7 X 484 483
522 6 X 512 506
362 11 X 276 3
360 11 X 275 3
429 10 X 362 360
366 11 X 278 3
364 11 X 277 3
431 10 X 366 364
465 9 X 429 431
493 8 X 465 206
511 7 X 492 493
505 7 X 484 469
521 6 X 511 505
527 5 X 522 521
531 4 X 487 527
535 3 X 529 531
14 18 X 3 1
92 15 X 1 14
159 14 X 92 3
250 13 X 159 92
351 11 X 247 250
21 18 X 4 1
63 16 X 14 21
93 15 X 1 63
160 14 X 93 94
251 13 X 160 93
352 11 X 248 251
488 8 X 351 352
532 4 X 488 469
538 2 X 535 532
115 15 X 60 84
176 14 X 115 60
254 13 X 162 176
289 12 X 206 254
330 12 X 255 254
379 11 X 289 330
290 12 X 206 256
380 11 X 290 328
437 10 X 379 380
451 9 X 206 437
475 8 X 3 451
284 12 X 206 217
304 12 X 218 217
371 11 X 284 304
285 12 X 206 221
372 11 X 285 298
433 10 X 371 372
450 9 X 206 433
474 8 X 3 450
499 7 X 475 474
287 12 X 206 241
375 11 X 287 206
406 10 X 206 375
230 13 X 98 115
316 12 X 231 230
378 11 X 289 316
187 14 X 134 94
191 14 X 140 60
261 13 X 187 191
292 12 X 206 261
383 11 X 292 314
436 10 X 378 383
455 9 X 406 436
478 8 X 3 455
286 12 X 206 226
373 11 X 286 206
405 10 X 206 373
374 11 X 286 299
434 10 X 371 374
454 9 X 405 434
477 8 X 3 454
500 7 X 478 477
516 6 X 499 500
346 11 X 206 330
345 11 X 206 328
423 10 X 346 345
448 9 X 206 423
473 8 X 3 448
498 7 X 473 469
344 11 X 206 316
343 11 X 206 314
422 10 X 344 343
447 9 X 206 422
472 8 X 3 447
497 7 X 472 469
515 6 X 498 497
524 5 X 516 515
528 4 X 487 524
265 12 X 3 153
353 11 X 265 273
444 9 X 3 353
291 12 X 206 259
334 12 X 260 259
382 11 X 291 334
381 11 X 290 331
438 10 X 382 381
452 9 X 206 438
490 8 X 444 452
266 12 X 3 202
354 11 X 266 281
61 16 X 3 57
95 15 X 3 61
154 14 X 57 95
203 13 X 3 154
267 12 X 3 203
355 11 X 267 281
426 10 X 354 355
445 9 X 3 426
282 12 X 206 209
368 11 X 282 308
446 9 X 206 368
491 8 X 445 446
510 7 X 490 491
288 12 X 206 245
377 11 X 288 245
376 11 X 287 241
435 10 X 377 376
190 14 X 138 94
264 13 X 190 158
293 12 X 206 264
139 15 X 83 87
188 14 X 135 139
7 19 X 2 3
18 18 X 3 7
54 17 X 19 18
88 16 X 54 4
146 15 X 84 88
15 18 X 3 2
52 17 X 19 15
85 16 X 52 4
145 15 X 84 85
195 14 X 146 145
262 13 X 188 195
335 12 X 262 245
385 11 X 293 335
137 15 X 83 76
189 14 X 136 137
33 17 X 3 18
71 16 X 33 4
142 15 X 84 71
8 19 X 3 2
24 18 X 8 2
36 17 X 3 24
75 16 X 36 4
144 15 X 84 75
193 14 X 142 144
263 13 X 189 193
336 12 X 263 241
384 11 X 292 336
439 10 X 385 384
467 9 X 435 439
486 8 X 3 467
283 12 X 206 210
369 11 X 283 210
194 14 X 146 60
225 13 X 94 194
312 12 X 225 210
370 11 X 283 312
453 9 X 369 370
476 8 X 3 453
508 7 X 486 476
520 6 X 510 508
337 11 X 3 273
443 9 X 3 337
348 11 X 206 334
347 11 X 206 331
424 10 X 348 347
449 9 X 206 424
489 8 X 443 449
509 7 X 489 469
339 11 X 206 245
338 11 X 206 241
420 10 X 339 338
349 11 X 206 335
350 11 X 206 336
425 10 X 349 350
463 9 X 420 425
485 8 X 3 463
507 7 X 485 469
519 6 X 509 507
526 5 X 520 519
530 4 X 487 526
534 3 X 528 530
6 20 X 3 2
13 19 X 6 3
20 18 X 3 13
35 17 X 3 20
74 16 X 35 4
111 15 X 60 74
17 18 X 3 6
32 17 X 3 17
70 16 X 32 4
110 15 X 60 70
173 14 X 111 110
214 13 X 94 173
301 12 X 214 206
341 11 X 206 301
10 19 X 3 6
27 18 X 10 6
38 17 X 3 27
77 16 X 38 4
113 15 X 60 77
174 14 X 111 113
215 13 X 94 174
302 12 X 215 206
342 11 X 206 302
421 10 X 341 342
471 8 X 3 421
172 14 X 111 60
213 13 X 94 172
300 12 X 213 206
340 11 X 206 300
470 8 X 3 340
496 7 X 471 470
514 6 X 469 496
495 7 X 471 469
513 6 X 469 495
523 5 X 514 513
533 4 X 488 523
536 3 X 532 533
537 2 X 534 536
539 1 X 538 537
