3441
qhwknl xqyqfc regmwk jtbcyw cwiycm wrqkcn cawwyd ovmhiy pzyeos tevsmx nhruhj ecizah pidfoj pelkcq lpzdse cqxpod wypoxt uxqfhs gubvqy ofqbsi xbosbc davsry rwirok ltkusu coskge awuuwt gsorvu fcdwyv gaozpa ehtndp
28 6 3 25 26 30 18 22 10 17 12 9 19 29 5 27 2 23 13 24 4 16 20 11 15 21 14 8 1 7
3 31 1 -1 -1
1 31 -1 -1 -1
103 26 X 3 1
558 23 X 103 3
1570 19 X 3 558
15 28 X 1 3
125 26 X 15 1
559 23 X 125 15
1571 19 X 15 559
3213 10 X 1570 1571
2458 16 X 1571 1570
3233 10 X 2458 1571
3281 9 X 3213 3233
3360 7 X 1570 3281
3198 10 X 3 15
2412 16 X 15 3
3232 10 X 2412 15
3267 9 X 3198 3232
3352 7 X 3 3267
3396 6 X 3360 3352
2 31 0 -1 -1
6 30 X 2 3
54 27 X 3 6
144 26 X 54 3
291 25 X 144 3
510 24 X 291 3
688 23 X 510 3
925 22 X 688 3
1259 21 X 925 3
12 29 X 3 6
49 28 X 12 6
71 27 X 3 49
173 26 X 71 3
318 25 X 173 3
537 24 X 318 3
715 23 X 537 3
949 22 X 715 3
1296 21 X 949 3
1542 20 X 1259 1296
1904 19 X 1542 558
23 28 X 3 6
60 27 X 3 23
152 26 X 60 3
299 25 X 152 3
518 24 X 299 3
696 23 X 518 3
935 22 X 696 3
1278 21 X 935 3
1621 19 X 1278 558
2161 18 X 1904 1621
2371 17 X 2161 1570
2457 16 X 1570 2371
2639 15 X 2457 1570
2842 14 X 2639 1570
3025 13 X 2842 1570
33 28 X 6 3
66 27 X 3 33
161 26 X 66 3
306 25 X 161 3
525 24 X 306 3
703 23 X 525 3
1115 21 X 703 3
48 28 X 12 3
70 27 X 3 48
171 26 X 70 3
316 25 X 171 3
535 24 X 316 3
713 23 X 535 3
1119 21 X 713 3
1473 20 X 1115 1119
1806 19 X 1473 558
2095 18 X 1806 1570
2305 17 X 2095 1570
2456 16 X 1570 2305
2638 15 X 2456 1570
2841 14 X 2638 1570
3024 13 X 2841 1570
3154 12 X 3025 3024
3266 9 X 3154 1570
3318 8 X 3266 1570
3369 7 X 3318 3213
1903 19 X 1542 3
1620 19 X 1278 3
2160 18 X 1903 1620
2370 17 X 2160 3
2410 16 X 3 2370
2599 15 X 2410 3
2814 14 X 2599 3
947 22 X 713 3
1290 21 X 947 3
1340 20 X 3 1290
1645 19 X 1340 3
1989 18 X 1645 3
2213 17 X 1989 3
2393 16 X 3 2213
2582 15 X 2393 3
2797 14 X 2582 3
3002 13 X 2814 2797
1805 19 X 1473 3
2094 18 X 1805 3
2304 17 X 2094 3
2401 16 X 3 2304
2589 15 X 2401 3
2804 14 X 2589 3
1330 20 X 3 1119
1635 19 X 1330 3
1979 18 X 1635 3
2203 17 X 1979 3
2390 16 X 3 2203
2579 15 X 2390 3
2794 14 X 2579 3
2990 13 X 2804 2794
3140 12 X 3002 2990
941 22 X 703 3
1284 21 X 941 3
1558 20 X 1284 1290
1923 19 X 1558 3
2167 18 X 1923 3
2377 17 X 2167 3
2411 16 X 3 2377
2600 15 X 2411 3
2815 14 X 2600 3
3003 13 X 2815 2797
3141 12 X 3002 3003
3265 9 X 3140 3141
3317 8 X 3265 3
3367 7 X 3317 3198
3403 6 X 3369 3367
3418 5 X 3396 3403
57 27 X 3 12
113 26 X 3 57
257 25 X 113 3
474 24 X 257 3
659 23 X 474 3
899 22 X 659 3
1240 21 X 899 3
1532 20 X 1240 3
1891 19 X 1532 558
26 28 X 3 12
63 27 X 3 26
117 26 X 3 63
263 25 X 117 3
479 24 X 263 3
664 23 X 479 3
903 22 X 664 3
1243 21 X 903 3
1613 19 X 1243 558
2150 18 X 1891 1613
2360 17 X 2150 1570
2569 15 X 2360 1570
2784 14 X 2569 1570
2976 13 X 2784 1570
120 26 X 3 70
266 25 X 120 3
482 24 X 266 3
667 23 X 482 3
109 26 X 3 48
251 25 X 109 3
468 24 X 251 3
653 23 X 468 3
906 22 X 667 653
1245 21 X 906 3
1535 20 X 1245 3
1895 19 X 1535 558
2153 18 X 1895 1570
2363 17 X 2153 1570
2570 15 X 2363 1570
2785 14 X 2570 1570
2977 13 X 2785 1570
3124 12 X 2976 2977
3223 10 X 1570 3124
3289 9 X 3223 1570
3331 8 X 3289 1570
3377 7 X 3331 3281
1890 19 X 1532 3
1612 19 X 1243 3
2149 18 X 1890 1612
2359 17 X 2149 3
2408 16 X 3 2359
2597 15 X 2408 3
2812 14 X 2597 3
3000 13 X 2812 3
1894 19 X 1535 3
2152 18 X 1894 3
2362 17 X 2152 3
2409 16 X 3 2362
2598 15 X 2409 3
2813 14 X 2598 3
3001 13 X 2813 3
3139 12 X 3000 3001
3207 10 X 3 3139
3276 9 X 3207 3
3323 8 X 3276 3
3373 7 X 3323 3267
3405 6 X 3377 3373
111 26 X 3 54
253 25 X 111 3
470 24 X 253 3
655 23 X 470 3
896 22 X 655 3
1239 21 X 896 3
121 26 X 3 71
267 25 X 121 3
483 24 X 267 3
668 23 X 483 3
907 22 X 668 3
1246 21 X 907 3
1531 20 X 1239 1246
1889 19 X 1531 558
115 26 X 3 60
259 25 X 115 3
476 24 X 259 3
661 23 X 476 3
901 22 X 661 3
1241 21 X 901 3
1611 19 X 1241 558
2148 18 X 1889 1611
2358 17 X 2148 1570
211 25 X 54 3
419 24 X 211 3
613 23 X 419 3
851 22 X 613 3
1206 21 X 851 3
225 25 X 71 3
435 24 X 225 3
627 23 X 435 3
869 22 X 627 3
1221 21 X 869 3
1514 20 X 1206 1221
1868 19 X 1514 558
217 25 X 60 3
427 24 X 217 3
619 23 X 427 3
856 22 X 619 3
1212 21 X 856 3
1607 19 X 1212 558
2137 18 X 1868 1607
2347 17 X 2137 1570
2531 16 X 2358 2347
2708 15 X 2531 1570
2899 14 X 2708 1570
3063 13 X 2899 1570
119 26 X 3 66
265 25 X 119 3
481 24 X 265 3
666 23 X 481 3
1098 21 X 666 3
1099 21 X 667 3
1461 20 X 1098 1099
1790 19 X 1461 558
2084 18 X 1790 1570
2294 17 X 2084 1570
221 25 X 66 3
431 24 X 221 3
623 23 X 431 3
1085 21 X 623 3
224 25 X 70 3
434 24 X 224 3
626 23 X 434 3
1086 21 X 626 3
1454 20 X 1085 1086
1781 19 X 1454 558
2079 18 X 1781 1570
2289 17 X 2079 1570
2513 16 X 2294 2289
2690 15 X 2513 1570
2881 14 X 2690 1570
3045 13 X 2881 1570
3163 12 X 3063 3045
108 26 X 3 33
250 25 X 108 3
467 24 X 250 3
652 23 X 467 3
905 22 X 666 652
1244 21 X 905 3
1534 20 X 1244 1245
1893 19 X 1534 558
2151 18 X 1893 1570
2361 17 X 2151 1570
162 26 X 66 33
307 25 X 162 3
526 24 X 307 3
704 23 X 526 3
862 22 X 623 704
1216 21 X 862 3
172 26 X 70 48
317 25 X 172 3
536 24 X 317 3
714 23 X 536 3
868 22 X 626 714
1220 21 X 868 3
1521 20 X 1216 1220
1877 19 X 1521 558
2142 18 X 1877 1570
2352 17 X 2142 1570
2532 16 X 2361 2352
2709 15 X 2532 1570
2900 14 X 2709 1570
3064 13 X 2900 1570
3164 12 X 3063 3064
3263 10 X 3163 3164
3311 9 X 3263 1570
3349 8 X 3311 1570
3391 7 X 3349 3213
1867 19 X 1514 3
1606 19 X 1212 3
2136 18 X 1867 1606
2346 17 X 2136 3
2405 16 X 3 2346
2594 15 X 2405 3
2809 14 X 2594 3
867 22 X 626 3
1219 21 X 867 3
1339 20 X 3 1219
1644 19 X 1339 3
1988 18 X 1644 3
2212 17 X 1988 3
2392 16 X 3 2212
2581 15 X 2392 3
2796 14 X 2581 3
2995 13 X 2809 2796
1780 19 X 1454 3
2078 18 X 1780 3
2288 17 X 2078 3
2400 16 X 3 2288
2588 15 X 2400 3
2803 14 X 2588 3
1329 20 X 3 1086
1634 19 X 1329 3
1978 18 X 1634 3
2202 17 X 1978 3
2389 16 X 3 2202
2578 15 X 2389 3
2793 14 X 2578 3
2989 13 X 2803 2793
3135 12 X 2995 2989
948 22 X 714 3
1294 21 X 948 3
1344 20 X 3 1294
1649 19 X 1344 3
1993 18 X 1649 3
2217 17 X 1993 3
2394 16 X 3 2217
2583 15 X 2394 3
2798 14 X 2583 3
2996 13 X 2809 2798
1876 19 X 1521 3
2141 18 X 1876 3
2351 17 X 2141 3
2407 16 X 3 2351
2596 15 X 2407 3
2811 14 X 2596 3
1122 21 X 714 3
1333 20 X 3 1122
1638 19 X 1333 3
1982 18 X 1638 3
2206 17 X 1982 3
2391 16 X 3 2206
2580 15 X 2391 3
2795 14 X 2580 3
2999 13 X 2811 2795
3138 12 X 2996 2999
3256 10 X 3135 3138
861 22 X 623 3
1215 21 X 861 3
1520 20 X 1215 1219
1875 19 X 1520 3
2140 18 X 1875 3
2350 17 X 2140 3
2406 16 X 3 2350
2595 15 X 2406 3
2810 14 X 2595 3
2997 13 X 2810 2796
3136 12 X 2995 2997
2998 13 X 2810 2798
3137 12 X 2996 2998
3257 10 X 3136 3137
3305 9 X 3256 3257
3345 8 X 3305 3
3389 7 X 3345 3198
3415 6 X 3391 3389
3423 5 X 3405 3415
3429 4 X 3418 3423
3359 7 X 1570 3213
3351 7 X 3 3198
3395 6 X 3359 3351
3417 5 X 3396 3395
3435 3 X 3429 3417
5 30 X 2 1
10 29 X 1 5
44 28 X 10 12
96 27 X 15 44
140 26 X 15 96
342 24 X 15 140
746 22 X 15 342
1013 21 X 15 746
1411 20 X 1013 15
1712 19 X 1411 559
19 28 X 1 12
80 27 X 15 19
130 26 X 15 80
340 24 X 15 130
744 22 X 15 340
1011 21 X 15 744
1592 19 X 1011 559
2037 18 X 1712 1592
2259 17 X 2037 1571
2462 16 X 1571 2259
2643 15 X 2462 1571
2746 14 X 1571 2643
2948 13 X 2746 1571
8 29 X 1 2
11 29 X 3 2
36 28 X 8 11
88 27 X 15 36
135 26 X 15 88
281 25 X 135 15
286 25 X 140 15
500 24 X 281 286
782 22 X 15 500
1049 21 X 15 782
1428 20 X 1049 15
1740 19 X 1428 559
276 25 X 130 15
499 24 X 281 276
781 22 X 15 499
1048 21 X 15 781
18 28 X 1 11
79 27 X 15 18
129 26 X 15 79
275 25 X 129 15
492 24 X 275 276
779 22 X 15 492
1046 21 X 15 779
1427 20 X 1048 1046
1739 19 X 1427 559
2054 18 X 1740 1739
383 24 X 135 140
757 22 X 15 383
1024 21 X 15 757
1416 20 X 1024 15
1722 19 X 1416 559
382 24 X 135 130
756 22 X 15 382
1023 21 X 15 756
379 24 X 129 130
755 22 X 15 379
1022 21 X 15 755
1415 20 X 1023 1022
1720 19 X 1415 559
2045 18 X 1722 1720
2475 16 X 2054 2045
2653 15 X 2475 1571
2749 14 X 1571 2653
2951 13 X 2749 1571
3113 12 X 2948 2951
3221 10 X 1570 3113
3287 9 X 3221 3233
3328 8 X 3281 3287
3364 7 X 1570 3328
1711 19 X 1411 15
1591 19 X 1011 15
2036 18 X 1711 1591
2258 17 X 2036 15
2436 16 X 15 2258
2617 15 X 2436 15
2740 14 X 15 2617
2942 13 X 2740 15
1721 19 X 1416 15
1719 19 X 1415 15
2044 18 X 1721 1719
2418 16 X 15 2044
2603 15 X 2418 15
2734 14 X 15 2603
2938 13 X 2734 15
3109 12 X 2942 2938
3204 10 X 3 3109
3273 9 X 3204 3232
3319 8 X 3267 3273
3356 7 X 3 3319
3400 6 X 3364 3356
1951 18 X 1570 1621
2187 17 X 1951 1570
2453 16 X 1570 2187
2635 15 X 2453 1570
2838 14 X 2635 1570
3021 13 X 2838 1570
3151 12 X 3021 1570
31 28 X 5 6
85 27 X 15 31
186 26 X 85 15
331 25 X 186 15
550 24 X 331 15
728 23 X 550 15
962 22 X 728 15
1314 21 X 962 15
42 28 X 10 6
94 27 X 15 42
193 26 X 94 15
338 25 X 193 15
557 24 X 338 15
735 23 X 557 15
969 22 X 735 15
1323 21 X 969 15
1569 20 X 1314 1323
1936 19 X 1569 559
16 28 X 1 6
77 27 X 15 16
180 26 X 77 15
326 25 X 180 15
545 24 X 326 15
723 23 X 545 15
957 22 X 723 15
1308 21 X 957 15
1625 19 X 1308 559
2174 18 X 1936 1625
2384 17 X 2174 1571
2468 16 X 1571 2384
2649 15 X 2468 1571
2845 14 X 2649 1571
3028 13 X 2845 1571
30 28 X 5 3
84 27 X 15 30
185 26 X 84 15
330 25 X 185 15
549 24 X 330 15
727 23 X 549 15
1132 21 X 727 15
41 28 X 10 3
93 27 X 15 41
192 26 X 93 15
337 25 X 192 15
556 24 X 337 15
734 23 X 556 15
1135 21 X 734 15
1479 20 X 1132 1135
1814 19 X 1479 559
2099 18 X 1814 1571
2309 17 X 2099 1571
2466 16 X 1571 2309
2647 15 X 2466 1571
2843 14 X 2647 1571
3026 13 X 2843 1571
3155 12 X 3028 3026
3258 10 X 3151 3155
3306 9 X 3258 3213
1594 19 X 1013 559
1973 18 X 1594 1592
2199 17 X 1973 1571
2460 16 X 1571 2199
2641 15 X 2460 1571
2744 14 X 1571 2641
2946 13 X 2744 1571
792 22 X 15 727
1152 21 X 792 15
794 22 X 15 734
1155 21 X 794 15
1489 20 X 1152 1155
1828 19 X 1489 559
2105 18 X 1828 1571
2315 17 X 2105 1571
2467 16 X 1571 2315
2648 15 X 2467 1571
75 27 X 15 2
126 26 X 15 75
271 25 X 126 15
138 26 X 15 94
284 25 X 138 15
488 24 X 271 284
777 22 X 15 488
1044 21 X 15 777
34 28 X 8 2
86 27 X 15 34
134 26 X 15 86
280 25 X 134 15
497 24 X 280 284
780 22 X 15 497
1047 21 X 15 780
1426 20 X 1044 1047
1738 19 X 1426 559
128 26 X 15 77
273 25 X 128 15
487 24 X 271 273
776 22 X 15 487
1043 21 X 15 776
14 28 X 1 2
76 27 X 15 14
127 26 X 15 76
272 25 X 127 15
489 24 X 272 273
778 22 X 15 489
1045 21 X 15 778
1425 20 X 1043 1045
1737 19 X 1425 559
2053 18 X 1738 1737
355 24 X 75 138
751 22 X 15 355
1018 21 X 15 751
360 24 X 86 138
753 22 X 15 360
1020 21 X 15 753
1414 20 X 1018 1020
1718 19 X 1414 559
354 24 X 75 128
750 22 X 15 354
1017 21 X 15 750
356 24 X 76 128
752 22 X 15 356
1019 21 X 15 752
1413 20 X 1017 1019
1716 19 X 1413 559
2042 18 X 1718 1716
2474 16 X 2053 2042
2652 15 X 2474 1571
2844 14 X 2648 2652
3027 13 X 2844 1571
3111 12 X 2946 3027
3219 10 X 1570 3111
3285 9 X 3219 3213
3346 8 X 3306 3285
3370 7 X 3318 3346
1940 18 X 3 1620
2178 17 X 1940 3
2386 16 X 3 2178
2575 15 X 2386 3
2790 14 X 2575 3
2982 13 X 2790 3
3129 12 X 2982 3
1935 19 X 1569 15
1624 19 X 1308 15
2173 18 X 1935 1624
2383 17 X 2173 15
2452 16 X 15 2383
2634 15 X 2452 15
2837 14 X 2634 15
968 22 X 734 15
1319 21 X 968 15
1379 20 X 15 1319
1669 19 X 1379 15
2013 18 X 1669 15
2235 17 X 2013 15
2434 16 X 15 2235
2615 15 X 2434 15
2822 14 X 2615 15
3020 13 X 2837 2822
1813 19 X 1479 15
2098 18 X 1813 15
2308 17 X 2098 15
2445 16 X 15 2308
2627 15 X 2445 15
2830 14 X 2627 15
1367 20 X 15 1135
1657 19 X 1367 15
2001 18 X 1657 15
2223 17 X 2001 15
2431 16 X 15 2223
2612 15 X 2431 15
2819 14 X 2612 15
3013 13 X 2830 2819
3149 12 X 3020 3013
3252 10 X 3129 3149
961 22 X 727 15
1313 21 X 961 15
1568 20 X 1313 1319
1934 19 X 1568 15
2172 18 X 1934 15
2382 17 X 2172 15
2451 16 X 15 2382
2633 15 X 2451 15
2836 14 X 2633 15
3019 13 X 2836 2822
3150 12 X 3020 3019
3253 10 X 3129 3150
3302 9 X 3252 3253
1593 19 X 1013 15
1972 18 X 1593 1591
2198 17 X 1972 15
2426 16 X 15 2198
1348 20 X 15 1013
1574 19 X 15 1348
1346 20 X 15 1011
1572 19 X 15 1346
1959 18 X 1574 1572
2193 17 X 1959 15
2421 16 X 15 2193
2606 15 X 2426 2421
2736 14 X 15 2606
137 26 X 15 93
341 24 X 15 137
745 22 X 15 341
1012 21 X 15 745
1347 20 X 15 1012
1651 19 X 1347 15
1995 18 X 1651 15
2219 17 X 1995 15
2428 16 X 15 2219
1573 19 X 15 1347
1958 18 X 1573 15
2192 17 X 1958 15
2420 16 X 15 2192
2609 15 X 2428 2420
2738 14 X 15 2609
2940 13 X 2736 2738
1827 19 X 1489 15
2104 18 X 1827 15
2314 17 X 2104 15
2446 16 X 15 2314
2628 15 X 2446 15
1717 19 X 1414 15
1715 19 X 1413 15
2040 18 X 1717 1715
2417 16 X 15 2040
1353 20 X 15 1020
1579 19 X 15 1353
1352 20 X 15 1019
1578 19 X 15 1352
1962 18 X 1579 1578
2413 16 X 15 1962
2602 15 X 2417 2413
2831 14 X 2628 2602
1370 20 X 15 1155
1660 19 X 1370 15
2004 18 X 1660 15
2226 17 X 2004 15
2432 16 X 15 2226
2613 15 X 2432 15
35 28 X 8 3
87 27 X 15 35
240 25 X 87 15
283 25 X 137 15
457 24 X 240 283
775 22 X 15 457
1042 21 X 15 775
1361 20 X 15 1042
1653 19 X 1361 15
1997 18 X 1653 15
2416 16 X 15 1997
1587 19 X 15 1361
1969 18 X 1587 15
2415 16 X 15 1969
2601 15 X 2416 2415
2820 14 X 2613 2601
3014 13 X 2831 2820
3107 12 X 2940 3014
3202 10 X 3 3107
3271 9 X 3202 3198
3344 8 X 3302 3271
3368 7 X 3317 3344
3404 6 X 3370 3368
3420 5 X 3400 3404
505 24 X 286 15
683 23 X 505 15
919 22 X 683 15
1258 21 X 919 15
1541 20 X 1258 15
1902 19 X 1541 559
493 24 X 276 15
674 23 X 493 15
912 22 X 674 15
1253 21 X 912 15
1616 19 X 1253 559
2159 18 X 1902 1616
2369 17 X 2159 1571
2571 15 X 2369 1571
2786 14 X 2571 1571
2978 13 X 2786 1571
502 24 X 283 15
680 23 X 502 15
1102 21 X 680 15
1464 20 X 1102 15
1794 19 X 1464 559
2087 18 X 1794 1571
2297 17 X 2087 1571
2565 15 X 2297 1571
2780 14 X 2565 1571
2972 13 X 2780 1571
3125 12 X 2978 2972
3224 10 X 1570 3125
3290 9 X 3224 3233
3332 8 X 3290 3281
3378 7 X 3331 3332
1901 19 X 1541 15
1615 19 X 1253 15
2158 18 X 1901 1615
2368 17 X 2158 15
2450 16 X 15 2368
2632 15 X 2450 15
2835 14 X 2632 15
3018 13 X 2835 15
1793 19 X 1464 15
2086 18 X 1793 15
2296 17 X 2086 15
2444 16 X 15 2296
2626 15 X 2444 15
2829 14 X 2626 15
3012 13 X 2829 15
3148 12 X 3018 3012
3209 10 X 3 3148
3278 9 X 3209 3232
3325 8 X 3278 3267
3374 7 X 3323 3325
3406 6 X 3378 3374
1950 18 X 1570 1611
2186 17 X 1950 1570
1949 18 X 1570 1607
2185 17 X 1949 1570
2480 16 X 2186 2185
2658 15 X 2480 1570
2849 14 X 2658 1570
3032 13 X 2849 1570
3157 12 X 3032 1570
133 26 X 15 85
279 25 X 133 15
496 24 X 279 15
677 23 X 496 15
914 22 X 677 15
1254 21 X 914 15
503 24 X 284 15
681 23 X 503 15
917 22 X 681 15
1255 21 X 917 15
1539 20 X 1254 1255
1899 19 X 1539 559
490 24 X 273 15
672 23 X 490 15
910 22 X 672 15
1251 21 X 910 15
1614 19 X 1251 559
2156 18 X 1899 1614
2366 17 X 2156 1571
238 25 X 85 15
453 24 X 238 15
640 23 X 453 15
882 22 X 640 15
1230 21 X 882 15
245 25 X 94 15
462 24 X 245 15
647 23 X 462 15
888 22 X 647 15
1234 21 X 888 15
1527 20 X 1230 1234
1885 19 X 1527 559
231 25 X 77 15
446 24 X 231 15
633 23 X 446 15
875 22 X 633 15
1227 21 X 875 15
1610 19 X 1227 559
2146 18 X 1885 1610
2356 17 X 2146 1571
2535 16 X 2366 2356
2714 15 X 2535 1571
2905 14 X 2714 1571
3069 13 X 2905 1571
132 26 X 15 84
278 25 X 132 15
495 24 X 278 15
676 23 X 495 15
1101 21 X 676 15
1463 20 X 1101 1102
1792 19 X 1463 559
2085 18 X 1792 1571
2295 17 X 2085 1571
237 25 X 84 15
452 24 X 237 15
639 23 X 452 15
1091 21 X 639 15
244 25 X 93 15
461 24 X 244 15
646 23 X 461 15
1093 21 X 646 15
1458 20 X 1091 1093
1787 19 X 1458 559
2082 18 X 1787 1571
2292 17 X 2082 1571
2514 16 X 2295 2292
2691 15 X 2514 1571
2882 14 X 2691 1571
3046 13 X 2882 1571
3167 12 X 3069 3046
3262 10 X 3157 3167
3310 9 X 3262 3213
3348 8 X 3310 3213
3392 7 X 3349 3348
1939 18 X 3 1606
2177 17 X 1939 3
2385 16 X 3 2177
2574 15 X 2385 3
2789 14 X 2574 3
2981 13 X 2789 3
3128 12 X 2981 3
1884 19 X 1527 15
1609 19 X 1227 15
2145 18 X 1884 1609
2355 17 X 2145 15
2449 16 X 15 2355
2631 15 X 2449 15
2834 14 X 2631 15
887 22 X 646 15
1232 21 X 887 15
1377 20 X 15 1232
1667 19 X 1377 15
2011 18 X 1667 15
2233 17 X 2011 15
2433 16 X 15 2233
2614 15 X 2433 15
2821 14 X 2614 15
3017 13 X 2834 2821
1786 19 X 1458 15
2081 18 X 1786 15
2291 17 X 2081 15
2443 16 X 15 2291
2625 15 X 2443 15
2828 14 X 2625 15
1365 20 X 15 1093
1655 19 X 1365 15
1999 18 X 1655 15
2221 17 X 1999 15
2430 16 X 15 2221
2611 15 X 2430 15
2818 14 X 2611 15
3011 13 X 2828 2818
3146 12 X 3017 3011
3250 10 X 3128 3146
881 22 X 639 15
1229 21 X 881 15
1526 20 X 1229 1232
1883 19 X 1526 15
2144 18 X 1883 15
2354 17 X 2144 15
2448 16 X 15 2354
2630 15 X 2448 15
2833 14 X 2630 15
3016 13 X 2833 2821
3147 12 X 3017 3016
3251 10 X 3128 3147
3301 9 X 3250 3251
3343 8 X 3301 3198
3390 7 X 3345 3343
3416 6 X 3392 3390
3424 5 X 3406 3416
3430 4 X 3420 3424
206 25 X 15 140
345 24 X 15 206
749 22 X 15 345
1016 21 X 15 749
1412 20 X 1016 15
1714 19 X 1412 559
202 25 X 15 130
343 24 X 15 202
747 22 X 15 343
1014 21 X 15 747
1596 19 X 1014 559
2039 18 X 1714 1596
2261 17 X 2039 1571
2463 16 X 1571 2261
2644 15 X 2463 1571
2747 14 X 1571 2644
2949 13 X 2747 1571
203 25 X 15 135
414 24 X 203 206
768 22 X 15 414
1035 21 X 15 768
1421 20 X 1035 15
1732 19 X 1421 559
413 24 X 203 202
767 22 X 15 413
1034 21 X 15 767
201 25 X 15 129
412 24 X 201 202
766 22 X 15 412
1033 21 X 15 766
1420 20 X 1034 1033
1730 19 X 1420 559
2051 18 X 1732 1730
2459 16 X 1571 2051
2640 15 X 2459 1571
2743 14 X 1571 2640
2945 13 X 2743 1571
3114 12 X 2949 2945
3222 10 X 1570 3114
3288 9 X 3222 3233
3329 8 X 3281 3288
3365 7 X 1570 3329
1713 19 X 1412 15
1595 19 X 1014 15
2038 18 X 1713 1595
2260 17 X 2038 15
2437 16 X 15 2260
2618 15 X 2437 15
2741 14 X 15 2618
2943 13 X 2741 15
1731 19 X 1421 15
1729 19 X 1420 15
2050 18 X 1731 1729
2419 16 X 15 2050
2604 15 X 2419 15
2735 14 X 15 2604
2939 13 X 2735 15
3110 12 X 2943 2939
3205 10 X 3 3110
3274 9 X 3205 3232
3320 8 X 3267 3274
3357 7 X 3 3320
3401 6 X 3365 3357
1598 19 X 1016 559
1975 18 X 1598 1596
2201 17 X 1975 1571
2461 16 X 1571 2201
2642 15 X 2461 1571
2745 14 X 1571 2642
2947 13 X 2745 1571
194 25 X 15 75
205 25 X 15 138
405 24 X 194 205
759 22 X 15 405
1026 21 X 15 759
197 25 X 15 86
408 24 X 197 205
762 22 X 15 408
1029 21 X 15 762
1418 20 X 1026 1029
1726 19 X 1418 559
200 25 X 15 128
404 24 X 194 200
758 22 X 15 404
1025 21 X 15 758
195 25 X 15 76
406 24 X 195 200
760 22 X 15 406
1027 21 X 15 760
1417 20 X 1025 1027
1724 19 X 1417 559
2048 18 X 1726 1724
199 25 X 15 88
411 24 X 199 206
765 22 X 15 411
1032 21 X 15 765
1600 19 X 1032 559
410 24 X 199 202
764 22 X 15 410
1031 21 X 15 764
196 25 X 15 79
407 24 X 196 202
761 22 X 15 407
1028 21 X 15 761
1419 20 X 1031 1028
1728 19 X 1419 559
1977 18 X 1600 1728
2264 17 X 2048 1977
2464 16 X 1571 2264
2645 15 X 2464 1571
2748 14 X 1571 2645
2950 13 X 2748 1571
3112 12 X 2947 2950
3220 10 X 1570 3112
3286 9 X 3220 3213
3315 8 X 3213 3286
3362 7 X 1570 3315
1597 19 X 1016 15
1974 18 X 1597 1595
2200 17 X 1974 15
2427 16 X 15 2200
1351 20 X 15 1016
1577 19 X 15 1351
1349 20 X 15 1014
1575 19 X 15 1349
1961 18 X 1577 1575
2195 17 X 1961 15
2423 16 X 15 2195
2608 15 X 2427 2423
2737 14 X 15 2608
204 25 X 15 137
344 24 X 15 204
748 22 X 15 344
1015 21 X 15 748
1350 20 X 15 1015
1652 19 X 1350 15
1996 18 X 1652 15
2220 17 X 1996 15
2429 16 X 15 2220
1576 19 X 15 1350
1960 18 X 1576 15
2194 17 X 1960 15
2422 16 X 15 2194
2610 15 X 2429 2422
2739 14 X 15 2610
2941 13 X 2737 2739
1725 19 X 1418 15
1723 19 X 1417 15
2046 18 X 1725 1723
1599 19 X 1032 15
1727 19 X 1419 15
1976 18 X 1599 1727
2262 17 X 2046 1976
2438 16 X 15 2262
1357 20 X 15 1029
1583 19 X 15 1357
1355 20 X 15 1027
1581 19 X 15 1355
1965 18 X 1583 1581
1359 20 X 15 1032
1585 19 X 15 1359
1356 20 X 15 1028
1582 19 X 15 1356
1968 18 X 1585 1582
2196 17 X 1965 1968
2424 16 X 15 2196
2619 15 X 2438 2424
2742 14 X 15 2619
2944 13 X 2742 15
3108 12 X 2941 2944
3203 10 X 3 3108
3272 9 X 3203 3198
3313 8 X 3198 3272
3354 7 X 3 3313
3398 6 X 3362 3354
3421 5 X 3401 3398
3431 4 X 3421 3417
3436 3 X 3430 3431
3439 2 X 3435 3436
56 27 X 3 11
112 26 X 3 56
254 25 X 112 3
471 24 X 254 3
656 23 X 471 3
897 22 X 656 3
997 21 X 3 897
1399 20 X 997 3
1697 19 X 1399 558
25 28 X 3 11
62 27 X 3 25
116 26 X 3 62
261 25 X 116 3
477 24 X 261 3
662 23 X 477 3
902 22 X 662 3
1000 21 X 3 902
1400 20 X 997 1000
1698 19 X 1400 558
2029 18 X 1697 1698
2251 17 X 2029 1570
371 24 X 112 3
579 23 X 371 3
820 22 X 579 3
982 21 X 3 820
1387 20 X 982 3
1680 19 X 1387 558
373 24 X 116 3
581 23 X 373 3
824 22 X 581 3
986 21 X 3 824
1388 20 X 982 986
1682 19 X 1388 558
2021 18 X 1680 1682
2243 17 X 2021 1570
2503 16 X 2251 2243
2681 15 X 2503 1570
2872 14 X 2681 1570
3036 13 X 2872 1570
46 28 X 11 3
99 27 X 46 11
123 26 X 3 99
269 25 X 123 3
485 24 X 269 3
670 23 X 485 3
898 22 X 656 670
998 21 X 3 898
1401 20 X 998 3
1699 19 X 1401 558
971 21 X 3 656
972 21 X 3 662
1383 20 X 971 972
1673 19 X 1383 558
2030 18 X 1699 1673
2252 17 X 2030 1570
376 24 X 123 3
584 23 X 376 3
821 22 X 579 584
983 21 X 3 821
1389 20 X 983 3
1684 19 X 1389 558
256 25 X 112 123
473 24 X 256 3
658 23 X 473 3
822 22 X 579 658
984 21 X 3 822
970 21 X 3 581
1390 20 X 984 970
1686 19 X 1390 558
2023 18 X 1684 1686
2245 17 X 2023 1570
2504 16 X 2252 2245
2682 15 X 2504 1570
2873 14 X 2682 1570
3037 13 X 2873 1570
3158 12 X 3036 3037
3225 10 X 1570 3158
7 30 X 3 2
13 29 X 3 7
58 27 X 3 13
114 26 X 3 58
258 25 X 114 3
475 24 X 258 3
660 23 X 475 3
900 22 X 660 3
999 21 X 3 900
1402 20 X 999 3
1700 19 X 1402 558
27 28 X 3 13
64 27 X 3 27
118 26 X 3 64
264 25 X 118 3
480 24 X 264 3
665 23 X 480 3
904 22 X 665 3
1001 21 X 3 904
1403 20 X 999 1001
1701 19 X 1403 558
2031 18 X 1700 1701
2253 17 X 2031 1570
372 24 X 114 3
580 23 X 372 3
823 22 X 580 3
985 21 X 3 823
1391 20 X 985 3
1688 19 X 1391 558
374 24 X 118 3
582 23 X 374 3
825 22 X 582 3
987 21 X 3 825
1392 20 X 985 987
1690 19 X 1392 558
2025 18 X 1688 1690
2247 17 X 2025 1570
2505 16 X 2253 2247
2683 15 X 2505 1570
2874 14 X 2683 1570
3038 13 X 2874 1570
3095 12 X 1570 3038
3215 10 X 1570 3095
3291 9 X 3225 3215
3333 8 X 3291 1570
2926 13 X 2458 1570
3237 10 X 2926 1571
3282 9 X 3213 3237
3379 7 X 3333 3282
1679 19 X 1387 3
1681 19 X 1388 3
2020 18 X 1679 1681
2242 17 X 2020 3
2396 16 X 3 2242
2584 15 X 2396 3
2799 14 X 2584 3
2985 13 X 2799 3
1683 19 X 1389 3
1685 19 X 1390 3
2022 18 X 1683 1685
2244 17 X 2022 3
2397 16 X 3 2244
2585 15 X 2397 3
2800 14 X 2585 3
2986 13 X 2800 3
3132 12 X 2985 2986
3206 10 X 3 3132
1687 19 X 1391 3
1689 19 X 1392 3
2024 18 X 1687 1689
2246 17 X 2024 3
2398 16 X 3 2246
2586 15 X 2398 3
2801 14 X 2586 3
2987 13 X 2801 3
3089 12 X 3 2987
3199 10 X 3 3089
3275 9 X 3206 3199
3322 8 X 3275 3
2925 13 X 2412 3
3234 10 X 2925 15
3268 9 X 3198 3234
3371 7 X 3322 3268
3407 6 X 3379 3371
2573 15 X 2371 1570
2788 14 X 2573 1570
2980 13 X 2788 1570
1105 21 X 688 3
1124 21 X 715 3
1466 20 X 1105 1124
1797 19 X 1466 558
1111 21 X 696 3
1604 19 X 1111 558
2090 18 X 1797 1604
2300 17 X 2090 1570
2567 15 X 2300 1570
2782 14 X 2567 1570
2974 13 X 2782 1570
3127 12 X 2980 2974
32 28 X 6 2
65 27 X 3 32
158 26 X 65 3
303 25 X 158 3
522 24 X 303 3
700 23 X 522 3
939 22 X 700 3
53 27 X 3 2
207 25 X 53 3
415 24 X 207 3
609 23 X 415 3
847 22 X 609 3
1280 21 X 939 847
47 28 X 12 2
69 27 X 3 47
168 26 X 69 3
313 25 X 168 3
532 24 X 313 3
710 23 X 532 3
945 22 X 710 3
45 28 X 11 2
67 27 X 3 45
222 25 X 67 3
432 24 X 222 3
624 23 X 432 3
863 22 X 624 3
1286 21 X 945 863
1554 20 X 1280 1286
1919 19 X 1554 558
22 28 X 3 2
59 27 X 3 22
150 26 X 59 3
295 25 X 150 3
514 24 X 295 3
692 23 X 514 3
929 22 X 692 3
1261 21 X 929 847
214 25 X 59 3
422 24 X 214 3
616 23 X 422 3
854 22 X 616 3
1262 21 X 929 854
1543 20 X 1261 1262
1905 19 X 1543 558
2163 18 X 1919 1905
2373 17 X 2163 1570
389 24 X 158 3
594 23 X 389 3
835 22 X 594 3
346 24 X 53 3
560 23 X 346 3
795 22 X 560 3
1183 21 X 835 795
395 24 X 168 3
600 23 X 395 3
839 22 X 600 3
350 24 X 67 3
563 23 X 350 3
800 22 X 563 3
1189 21 X 839 800
1506 20 X 1183 1189
1857 19 X 1506 558
155 26 X 62 3
296 25 X 150 155
515 24 X 296 3
693 23 X 515 3
930 22 X 693 3
208 25 X 53 56
416 24 X 208 3
610 23 X 416 3
849 22 X 610 3
1267 21 X 930 849
215 25 X 59 62
424 24 X 215 3
617 23 X 424 3
855 22 X 617 3
1269 21 X 930 855
1546 20 X 1267 1269
1909 19 X 1546 558
2126 18 X 1857 1909
2336 17 X 2126 1570
2541 16 X 2373 2336
2720 15 X 2541 1570
2911 14 X 2720 1570
3075 13 X 2911 1570
21 28 X 2 3
97 27 X 21 2
143 26 X 53 97
290 25 X 143 3
509 24 X 290 3
687 23 X 509 3
848 22 X 609 687
1113 21 X 700 848
100 27 X 46 45
165 26 X 67 100
310 25 X 165 3
529 24 X 310 3
707 23 X 529 3
864 22 X 624 707
1117 21 X 710 864
1471 20 X 1113 1117
1803 19 X 1471 558
1106 21 X 692 609
1107 21 X 692 616
1467 20 X 1106 1107
1798 19 X 1467 558
2092 18 X 1803 1798
2302 17 X 2092 1570
387 24 X 143 3
592 23 X 387 3
796 22 X 560 592
1075 21 X 594 796
393 24 X 165 3
598 23 X 393 3
801 22 X 563 598
1077 21 X 600 801
1448 20 X 1075 1077
1770 19 X 1448 558
148 26 X 56 99
210 25 X 53 148
418 24 X 210 3
612 23 X 418 3
850 22 X 610 612
1110 21 X 693 850
1109 21 X 693 617
1469 20 X 1110 1109
1801 19 X 1469 558
2071 18 X 1770 1801
2281 17 X 2071 1570
2520 16 X 2302 2281
2697 15 X 2520 1570
2888 14 X 2697 1570
3052 13 X 2888 1570
3173 12 X 3075 3052
3249 10 X 3127 3173
55 27 X 3 7
212 25 X 55 3
420 24 X 212 3
614 23 X 420 3
852 22 X 614 3
990 21 X 3 852
52 28 X 13 7
74 27 X 3 52
226 25 X 74 3
436 24 X 226 3
628 23 X 436 3
870 22 X 628 3
994 21 X 3 870
1395 20 X 990 994
1693 19 X 1395 558
24 28 X 3 7
61 27 X 3 24
218 25 X 61 3
428 24 X 218 3
620 23 X 428 3
857 22 X 620 3
992 21 X 3 857
1394 20 X 990 992
1692 19 X 1394 558
2027 18 X 1693 1692
2249 17 X 2027 1570
347 24 X 55 3
561 23 X 347 3
797 22 X 561 3
978 21 X 3 797
352 24 X 74 3
565 23 X 352 3
804 22 X 565 3
979 21 X 3 804
1384 20 X 978 979
1674 19 X 1384 558
213 25 X 55 58
421 24 X 213 3
615 23 X 421 3
853 22 X 615 3
991 21 X 3 853
219 25 X 61 64
429 24 X 219 3
621 23 X 429 3
858 22 X 621 3
993 21 X 3 858
1396 20 X 991 993
1694 19 X 1396 558
2017 18 X 1674 1694
2239 17 X 2017 1570
2501 16 X 2249 2239
2679 15 X 2501 1570
2870 14 X 2679 1570
3034 13 X 2870 1570
3093 12 X 1570 3034
3214 10 X 1570 3093
3300 9 X 3249 3214
3342 8 X 3300 1570
3387 7 X 3342 3213
2572 15 X 2370 3
2787 14 X 2572 3
2563 15 X 2213 3
2778 14 X 2563 3
2979 13 X 2787 2778
1796 19 X 1466 3
1603 19 X 1111 3
2089 18 X 1796 1603
2299 17 X 2089 3
2566 15 X 2299 3
2781 14 X 2566 3
2562 15 X 2203 3
2777 14 X 2562 3
2973 13 X 2781 2777
3126 12 X 2979 2973
142 26 X 53 3
289 25 X 142 3
508 24 X 289 3
686 23 X 508 3
924 22 X 686 3
1281 21 X 939 924
163 26 X 67 3
308 25 X 163 3
527 24 X 308 3
705 23 X 527 3
942 22 X 705 3
1287 21 X 945 942
1555 20 X 1281 1287
1920 19 X 1555 3
1263 21 X 929 924
1544 20 X 1263 929
1906 19 X 1544 3
2164 18 X 1920 1906
2374 17 X 2164 3
1856 19 X 1506 3
1908 19 X 1546 3
2125 18 X 1856 1908
2335 17 X 2125 3
2543 16 X 2374 2335
2723 15 X 2543 3
2914 14 X 2723 3
68 27 X 3 46
166 26 X 68 3
311 25 X 166 3
530 24 X 311 3
708 23 X 530 3
944 22 X 708 3
1291 21 X 947 944
1341 20 X 3 1291
1646 19 X 1341 3
1990 18 X 1646 3
2214 17 X 1990 3
398 24 X 171 3
603 23 X 398 3
841 22 X 603 3
167 26 X 68 46
394 24 X 167 3
599 23 X 394 3
838 22 X 599 3
1195 21 X 841 838
1336 20 X 3 1195
1641 19 X 1336 3
1985 18 X 1641 3
2209 17 X 1985 3
2488 16 X 2214 2209
2666 15 X 2488 3
2857 14 X 2666 3
3078 13 X 2914 2857
1112 21 X 700 686
1116 21 X 710 705
1470 20 X 1112 1116
1802 19 X 1470 3
1108 21 X 692 686
1468 20 X 1108 692
1799 19 X 1468 3
2091 18 X 1802 1799
2301 17 X 2091 3
1769 19 X 1448 3
1800 19 X 1469 3
2070 18 X 1769 1800
2280 17 X 2070 3
2517 16 X 2301 2280
2694 15 X 2517 3
2885 14 X 2694 3
1120 21 X 713 708
1331 20 X 3 1120
1636 19 X 1331 3
1980 18 X 1636 3
2204 17 X 1980 3
312 25 X 167 3
531 24 X 312 3
709 23 X 531 3
1121 21 X 713 709
1332 20 X 3 1121
1637 19 X 1332 3
1981 18 X 1637 3
2205 17 X 1981 3
2483 16 X 2204 2205
2661 15 X 2483 3
2852 14 X 2661 3
3049 13 X 2885 2852
3176 12 X 3078 3049
3248 10 X 3126 3176
1279 21 X 939 3
1285 21 X 945 3
1553 20 X 1279 1285
1918 19 X 1553 3
1260 21 X 929 3
1617 19 X 1260 3
2162 18 X 1918 1617
2372 17 X 2162 3
1182 21 X 835 3
1188 21 X 839 3
1505 20 X 1182 1188
1855 19 X 1505 3
1266 21 X 930 3
1618 19 X 1266 3
2124 18 X 1855 1618
2334 17 X 2124 3
2539 16 X 2372 2334
2719 15 X 2539 3
2910 14 X 2719 3
1194 21 X 841 3
1335 20 X 3 1194
1640 19 X 1335 3
1984 18 X 1640 3
2208 17 X 1984 3
2485 16 X 2213 2208
2663 15 X 2485 3
2854 14 X 2663 3
3074 13 X 2910 2854
145 26 X 55 3
292 25 X 145 3
511 24 X 292 3
689 23 X 511 3
926 22 X 689 3
1282 21 X 939 926
176 26 X 74 3
321 25 X 176 3
540 24 X 321 3
718 23 X 540 3
952 22 X 718 3
1288 21 X 945 952
1556 20 X 1282 1288
1921 19 X 1556 3
1264 21 X 929 926
153 26 X 61 3
300 25 X 153 3
519 24 X 300 3
697 23 X 519 3
936 22 X 697 3
1265 21 X 929 936
1545 20 X 1264 1265
1907 19 X 1545 3
2165 18 X 1921 1907
2375 17 X 2165 3
1184 21 X 835 797
1190 21 X 839 804
1507 20 X 1184 1190
1858 19 X 1507 3
1268 21 X 930 853
1270 21 X 930 858
1547 20 X 1268 1270
1910 19 X 1547 3
2127 18 X 1858 1910
2337 17 X 2127 3
2546 16 X 2375 2337
2726 15 X 2546 3
2917 14 X 2726 3
51 28 X 13 3
73 27 X 3 51
174 26 X 73 3
319 25 X 174 3
538 24 X 319 3
716 23 X 538 3
950 22 X 716 3
1292 21 X 947 950
1342 20 X 3 1292
1647 19 X 1342 3
1991 18 X 1647 3
2215 17 X 1991 3
175 26 X 73 51
320 25 X 175 3
539 24 X 320 3
717 23 X 539 3
951 22 X 717 3
1293 21 X 947 951
1343 20 X 3 1293
1648 19 X 1343 3
1992 18 X 1648 3
2216 17 X 1992 3
2490 16 X 2215 2216
2668 15 X 2490 3
2859 14 X 2668 3
3081 13 X 2917 2859
3172 12 X 3074 3081
3241 10 X 2979 3172
3299 9 X 3248 3241
3341 8 X 3299 3
3385 7 X 3341 3198
3413 6 X 3387 3385
3425 5 X 3407 3413
50 28 X 12 11
72 27 X 3 50
122 26 X 3 72
268 25 X 122 3
484 24 X 268 3
669 23 X 484 3
908 22 X 669 3
1248 21 X 908 897
1247 21 X 908 3
1536 20 X 1248 1247
1896 19 X 1536 558
1242 21 X 902 897
1533 20 X 1242 902
1892 19 X 1533 558
2154 18 X 1896 1892
2364 17 X 2154 1570
375 24 X 122 3
583 23 X 375 3
826 22 X 583 3
1178 21 X 826 820
1501 20 X 1178 3
1848 19 X 1501 558
1177 21 X 824 820
1500 20 X 1177 824
1846 19 X 1500 558
2119 18 X 1848 1846
2329 17 X 2119 1570
2533 16 X 2364 2329
2710 15 X 2533 1570
2901 14 X 2710 1570
3065 13 X 2901 1570
102 27 X 48 50
124 26 X 3 102
270 25 X 124 3
486 24 X 270 3
671 23 X 486 3
909 22 X 669 671
1250 21 X 909 898
1249 21 X 909 3
1537 20 X 1250 1249
1897 19 X 1537 558
1097 21 X 662 656
1460 20 X 1097 662
1789 19 X 1460 558
2155 18 X 1897 1789
2365 17 X 2155 1570
377 24 X 124 3
585 23 X 377 3
827 22 X 583 585
1179 21 X 827 821
1502 20 X 1179 3
1850 19 X 1502 558
1072 21 X 581 822
1445 20 X 1072 581
1764 19 X 1445 558
2121 18 X 1850 1764
2331 17 X 2121 1570
2534 16 X 2365 2331
2712 15 X 2534 1570
2903 14 X 2712 1570
3067 13 X 2903 1570
3165 12 X 3065 3067
110 26 X 3 50
252 25 X 110 3
469 24 X 252 3
654 23 X 469 3
895 22 X 654 3
104 26 X 3 11
246 25 X 104 3
463 24 X 246 3
648 23 X 463 3
889 22 X 648 3
1238 21 X 895 889
1237 21 X 895 3
1530 20 X 1238 1237
1888 19 X 1530 558
106 26 X 3 25
248 25 X 106 3
465 24 X 248 3
650 23 X 465 3
892 22 X 650 3
1235 21 X 892 889
1528 20 X 1235 892
1886 19 X 1528 558
2147 18 X 1888 1886
2357 17 X 2147 1570
370 24 X 110 3
578 23 X 370 3
819 22 X 578 3
366 24 X 104 3
574 23 X 366 3
813 22 X 574 3
1176 21 X 819 813
1499 20 X 1176 3
1844 19 X 1499 558
368 24 X 106 3
576 23 X 368 3
816 22 X 576 3
1174 21 X 816 813
1497 20 X 1174 816
1840 19 X 1497 558
2117 18 X 1844 1840
2327 17 X 2117 1570
2530 16 X 2357 2327
2711 15 X 2533 2530
2902 14 X 2711 1570
3066 13 X 2902 1570
1096 21 X 654 648
1095 21 X 654 3
1459 20 X 1096 1095
1788 19 X 1459 558
893 22 X 650 662
890 22 X 648 656
1236 21 X 893 890
1529 20 X 1236 893
1887 19 X 1529 558
2083 18 X 1788 1887
2293 17 X 2083 1570
1071 21 X 578 574
1444 20 X 1071 3
1762 19 X 1444 558
262 25 X 116 106
478 24 X 262 3
663 23 X 478 3
817 22 X 576 663
255 25 X 112 104
472 24 X 255 3
657 23 X 472 3
814 22 X 574 657
1175 21 X 817 814
1498 20 X 1175 817
1842 19 X 1498 558
2067 18 X 1762 1842
2277 17 X 2067 1570
2512 16 X 2293 2277
2713 15 X 2534 2512
2904 14 X 2713 1570
3068 13 X 2904 1570
3166 12 X 3066 3068
3192 11 X 3165 3166
3230 10 X 1570 3192
105 26 X 3 13
247 25 X 105 3
464 24 X 247 3
649 23 X 464 3
891 22 X 649 3
995 21 X 3 891
1397 20 X 995 3
1695 19 X 1397 558
107 26 X 3 27
249 25 X 107 3
466 24 X 249 3
651 23 X 466 3
894 22 X 651 3
996 21 X 3 894
1398 20 X 995 996
1696 19 X 1398 558
2028 18 X 1695 1696
2250 17 X 2028 1570
367 24 X 105 3
575 23 X 367 3
815 22 X 575 3
980 21 X 3 815
1385 20 X 980 3
1676 19 X 1385 558
369 24 X 107 3
577 23 X 369 3
818 22 X 577 3
981 21 X 3 818
1386 20 X 980 981
1678 19 X 1386 558
2019 18 X 1676 1678
2241 17 X 2019 1570
2502 16 X 2250 2241
2684 15 X 2505 2502
2875 14 X 2684 1570
3039 13 X 2875 1570
3096 12 X 1570 3039
3185 11 X 3095 3096
3228 10 X 1570 3185
3293 9 X 3230 3228
3335 8 X 3293 1570
3381 7 X 3335 3282
1847 19 X 1501 3
1845 19 X 1500 3
2118 18 X 1847 1845
2328 17 X 2118 3
2403 16 X 3 2328
2590 15 X 2403 3
2805 14 X 2590 3
2991 13 X 2805 3
1849 19 X 1502 3
1763 19 X 1445 3
2120 18 X 1849 1763
2330 17 X 2120 3
2404 16 X 3 2330
2592 15 X 2404 3
2807 14 X 2592 3
2993 13 X 2807 3
3133 12 X 2991 2993
1843 19 X 1499 3
1839 19 X 1497 3
2116 18 X 1843 1839
2326 17 X 2116 3
2402 16 X 3 2326
2591 15 X 2403 2402
2806 14 X 2591 3
2992 13 X 2806 3
1761 19 X 1444 3
1841 19 X 1498 3
2066 18 X 1761 1841
2276 17 X 2066 3
2399 16 X 3 2276
2593 15 X 2404 2399
2808 14 X 2593 3
2994 13 X 2808 3
3134 12 X 2992 2994
3188 11 X 3133 3134
3211 10 X 3 3188
1675 19 X 1385 3
1677 19 X 1386 3
2018 18 X 1675 1677
2240 17 X 2018 3
2395 16 X 3 2240
2587 15 X 2398 2395
2802 14 X 2587 3
2988 13 X 2802 3
3090 12 X 3 2988
3182 11 X 3089 3090
3210 10 X 3 3182
3279 9 X 3211 3210
3326 8 X 3279 3
3375 7 X 3326 3268
3409 6 X 3381 3375
2568 15 X 2347 1570
2783 14 X 2568 1570
2975 13 X 2783 1570
1081 21 X 613 3
1087 21 X 627 3
1451 20 X 1081 1087
1776 19 X 1451 558
1084 21 X 619 3
1602 19 X 1084 558
2077 18 X 1776 1602
2287 17 X 2077 1570
2564 15 X 2287 1570
2779 14 X 2564 1570
2971 13 X 2779 1570
3123 12 X 2975 2971
220 25 X 65 3
430 24 X 220 3
622 23 X 430 3
859 22 X 622 3
1213 21 X 859 847
223 25 X 69 3
433 24 X 223 3
625 23 X 433 3
865 22 X 625 3
1217 21 X 865 863
1518 20 X 1213 1217
1873 19 X 1518 558
1207 21 X 854 847
1515 20 X 1207 854
1869 19 X 1515 558
2138 18 X 1873 1869
2348 17 X 2138 1570
349 24 X 65 3
562 23 X 349 3
798 22 X 562 3
1159 21 X 798 795
351 24 X 69 3
564 23 X 351 3
802 22 X 564 3
1163 21 X 802 800
1491 20 X 1159 1163
1831 19 X 1491 558
1209 21 X 855 849
1516 20 X 1209 855
1871 19 X 1516 558
2108 18 X 1831 1871
2318 17 X 2108 1570
2527 16 X 2348 2318
2703 15 X 2527 1570
2894 14 X 2703 1570
3058 13 X 2894 1570
98 27 X 33 32
160 26 X 65 98
305 25 X 160 3
524 24 X 305 3
702 23 X 524 3
860 22 X 622 702
1214 21 X 860 848
101 27 X 48 47
170 26 X 69 101
315 25 X 170 3
534 24 X 315 3
712 23 X 534 3
866 22 X 625 712
1218 21 X 866 864
1519 20 X 1214 1218
1874 19 X 1519 558
1082 21 X 616 609
1452 20 X 1082 616
1777 19 X 1452 558
2139 18 X 1874 1777
2349 17 X 2139 1570
391 24 X 160 3
596 23 X 391 3
799 22 X 562 596
1161 21 X 799 796
397 24 X 170 3
602 23 X 397 3
803 22 X 564 602
1165 21 X 803 801
1493 20 X 1161 1165
1834 19 X 1493 558
1083 21 X 617 850
1453 20 X 1083 617
1779 19 X 1453 558
2111 18 X 1834 1779
2321 17 X 2111 1570
2528 16 X 2349 2321
2705 15 X 2528 1570
2896 14 X 2705 1570
3060 13 X 2896 1570
3160 12 X 3058 3060
159 26 X 65 32
304 25 X 159 3
523 24 X 304 3
701 23 X 523 3
940 22 X 701 3
141 26 X 53 2
287 25 X 141 3
506 24 X 287 3
684 23 X 506 3
920 22 X 684 3
1283 21 X 940 920
169 26 X 69 47
314 25 X 169 3
533 24 X 314 3
711 23 X 533 3
946 22 X 711 3
164 26 X 67 45
309 25 X 164 3
528 24 X 309 3
706 23 X 528 3
943 22 X 706 3
1289 21 X 946 943
1557 20 X 1283 1289
1922 19 X 1557 558
151 26 X 59 22
297 25 X 151 3
516 24 X 297 3
694 23 X 516 3
931 22 X 694 3
1271 21 X 931 920
1548 20 X 1271 931
1911 19 X 1548 558
2166 18 X 1922 1911
2376 17 X 2166 1570
390 24 X 159 3
595 23 X 390 3
836 22 X 595 3
386 24 X 141 3
591 23 X 386 3
833 22 X 591 3
1186 21 X 836 833
396 24 X 169 3
601 23 X 396 3
840 22 X 601 3
392 24 X 164 3
597 23 X 392 3
837 22 X 597 3
1192 21 X 840 837
1509 20 X 1186 1192
1861 19 X 1509 558
156 26 X 62 25
298 25 X 151 156
517 24 X 298 3
695 23 X 517 3
933 22 X 695 3
147 26 X 56 11
288 25 X 141 147
507 24 X 288 3
685 23 X 507 3
922 22 X 685 3
1274 21 X 933 922
1550 20 X 1274 933
1914 19 X 1550 558
2130 18 X 1861 1914
2340 17 X 2130 1570
2548 16 X 2376 2340
2704 15 X 2527 2548
2895 14 X 2704 1570
3059 13 X 2895 1570
1114 21 X 701 684
1118 21 X 711 706
1472 20 X 1114 1118
1804 19 X 1472 558
932 22 X 694 616
921 22 X 684 609
1272 21 X 932 921
1549 20 X 1272 932
1912 19 X 1549 558
2093 18 X 1804 1912
2303 17 X 2093 1570
1076 21 X 595 591
1078 21 X 601 597
1449 20 X 1076 1078
1772 19 X 1449 558
216 25 X 59 156
426 24 X 216 3
618 23 X 426 3
934 22 X 695 618
209 25 X 53 147
417 24 X 209 3
611 23 X 417 3
923 22 X 685 611
1277 21 X 934 923
1552 20 X 1277 934
1917 19 X 1552 558
2073 18 X 1772 1917
2283 17 X 2073 1570
2521 16 X 2303 2283
2706 15 X 2528 2521
2897 14 X 2706 1570
3061 13 X 2897 1570
3161 12 X 3059 3061
3190 11 X 3160 3161
3247 10 X 3123 3190
146 26 X 55 7
293 25 X 146 3
512 24 X 293 3
690 23 X 512 3
927 22 X 690 3
1002 21 X 3 927
177 26 X 74 52
322 25 X 177 3
541 24 X 322 3
719 23 X 541 3
953 22 X 719 3
1006 21 X 3 953
1405 20 X 1002 1006
1703 19 X 1405 558
154 26 X 61 24
301 25 X 154 3
520 24 X 301 3
698 23 X 520 3
937 22 X 698 3
1004 21 X 3 937
1404 20 X 1002 1004
1702 19 X 1404 558
2032 18 X 1703 1702
2254 17 X 2032 1570
388 24 X 146 3
593 23 X 388 3
834 22 X 593 3
988 21 X 3 834
400 24 X 177 3
605 23 X 400 3
843 22 X 605 3
989 21 X 3 843
1393 20 X 988 989
1691 19 X 1393 558
149 26 X 58 13
294 25 X 146 149
513 24 X 294 3
691 23 X 513 3
928 22 X 691 3
1003 21 X 3 928
157 26 X 64 27
302 25 X 154 157
521 24 X 302 3
699 23 X 521 3
938 22 X 699 3
1005 21 X 3 938
1406 20 X 1003 1005
1704 19 X 1406 558
2026 18 X 1691 1704
2248 17 X 2026 1570
2506 16 X 2254 2248
2680 15 X 2501 2506
2871 14 X 2680 1570
3035 13 X 2871 1570
3094 12 X 1570 3035
3184 11 X 3093 3094
3227 10 X 1570 3184
3298 9 X 3247 3227
3340 8 X 3298 1570
3383 7 X 3340 3213
2537 16 X 2370 2346
2716 15 X 2537 3
2907 14 X 2716 3
2487 16 X 2213 2212
2665 15 X 2487 3
2856 14 X 2665 3
3071 13 X 2907 2856
1775 19 X 1451 3
1601 19 X 1084 3
2076 18 X 1775 1601
2286 17 X 2076 3
2516 16 X 2299 2286
2693 15 X 2516 3
2884 14 X 2693 3
2482 16 X 2203 2202
2660 15 X 2482 3
2851 14 X 2660 3
3048 13 X 2884 2851
3169 12 X 3071 3048
1830 19 X 1491 3
1870 19 X 1516 3
2107 18 X 1830 1870
2317 17 X 2107 3
2542 16 X 2374 2317
2721 15 X 2542 3
2912 14 X 2721 3
399 24 X 172 3
604 23 X 399 3
842 22 X 604 3
1197 21 X 842 838
1338 20 X 3 1197
1643 19 X 1338 3
1987 18 X 1643 3
2211 17 X 1987 3
2489 16 X 2214 2211
2667 15 X 2489 3
2858 14 X 2667 3
3076 13 X 2912 2858
1833 19 X 1493 3
1778 19 X 1453 3
2110 18 X 1833 1778
2320 17 X 2110 3
2519 16 X 2301 2320
2695 15 X 2519 3
2886 14 X 2695 3
1123 21 X 714 709
1334 20 X 3 1123
1639 19 X 1334 3
1983 18 X 1639 3
2207 17 X 1983 3
2484 16 X 2204 2207
2662 15 X 2484 3
2853 14 X 2662 3
3050 13 X 2886 2853
3174 12 X 3076 3050
1860 19 X 1509 3
1913 19 X 1550 3
2129 18 X 1860 1913
2339 17 X 2129 3
2544 16 X 2374 2339
2722 15 X 2542 2544
2913 14 X 2722 3
2755 14 X 2489 3
3077 13 X 2913 2755
1771 19 X 1449 3
1916 19 X 1552 3
2072 18 X 1771 1916
2282 17 X 2072 3
2518 16 X 2301 2282
2696 15 X 2519 2518
2887 14 X 2696 3
2753 14 X 2484 3
3051 13 X 2887 2753
3175 12 X 3077 3051
3195 11 X 3174 3175
3264 10 X 3169 3195
1158 21 X 798 3
1162 21 X 802 3
1490 20 X 1158 1162
1829 19 X 1490 3
1208 21 X 855 3
1605 19 X 1208 3
2106 18 X 1829 1605
2316 17 X 2106 3
2538 16 X 2372 2316
2717 15 X 2538 3
2908 14 X 2717 3
1196 21 X 842 3
1337 20 X 3 1196
1642 19 X 1337 3
1986 18 X 1642 3
2210 17 X 1986 3
2486 16 X 2213 2210
2664 15 X 2486 3
2855 14 X 2664 3
3072 13 X 2908 2855
1160 21 X 798 797
1164 21 X 802 804
1492 20 X 1160 1164
1832 19 X 1492 3
1210 21 X 855 853
1211 21 X 855 858
1517 20 X 1210 1211
1872 19 X 1517 3
2109 18 X 1832 1872
2319 17 X 2109 3
2545 16 X 2375 2319
2724 15 X 2545 3
2915 14 X 2724 3
1295 21 X 948 951
1345 20 X 3 1295
1650 19 X 1345 3
1994 18 X 1650 3
2218 17 X 1994 3
2491 16 X 2215 2218
2669 15 X 2491 3
2860 14 X 2669 3
3079 13 X 2915 2860
3170 12 X 3072 3079
1185 21 X 836 3
1191 21 X 840 3
1508 20 X 1185 1191
1859 19 X 1508 3
1273 21 X 933 3
1619 19 X 1273 3
2128 18 X 1859 1619
2338 17 X 2128 3
2540 16 X 2372 2338
2718 15 X 2538 2540
2909 14 X 2718 3
2754 14 X 2486 3
3073 13 X 2909 2754
1187 21 X 836 834
1193 21 X 840 843
1510 20 X 1187 1193
1862 19 X 1510 3
1275 21 X 933 928
1276 21 X 933 938
1551 20 X 1275 1276
1915 19 X 1551 3
2131 18 X 1862 1915
2341 17 X 2131 3
2547 16 X 2375 2341
2725 15 X 2545 2547
2916 14 X 2725 3
2756 14 X 2491 3
3080 13 X 2916 2756
3171 12 X 3073 3080
3194 11 X 3170 3171
3243 10 X 3071 3194
3312 9 X 3264 3243
3350 8 X 3312 3
3393 7 X 3350 3198
3411 6 X 3383 3393
3427 5 X 3409 3411
3433 4 X 3425 3427
3361 7 X 1570 3282
3353 7 X 3 3268
3397 6 X 3361 3353
3419 5 X 3397 3395
3437 3 X 3433 3419
498 24 X 281 15
678 23 X 498 15
915 22 X 678 15
1067 21 X 15 915
1439 20 X 1067 15
1755 19 X 1439 559
491 24 X 275 15
673 23 X 491 15
911 22 X 673 15
1065 21 X 15 911
1440 20 X 1067 1065
1756 19 X 1440 559
2062 18 X 1755 1756
2272 17 X 2062 1571
381 24 X 135 15
588 23 X 381 15
830 22 X 588 15
1058 21 X 15 830
1432 20 X 1058 15
1745 19 X 1432 559
378 24 X 129 15
586 23 X 378 15
828 22 X 586 15
1056 21 X 15 828
1433 20 X 1058 1056
1747 19 X 1433 559
2058 18 X 1745 1747
2268 17 X 2058 1571
2509 16 X 2272 2268
2687 15 X 2509 1571
2878 14 X 2687 1571
3042 13 X 2878 1571
1010 21 X 15 678
1409 20 X 1010 15
1709 19 X 1409 559
1009 21 X 15 673
1410 20 X 1010 1009
1710 19 X 1410 559
2035 18 X 1709 1710
2257 17 X 2035 1571
1008 21 X 15 588
1407 20 X 1008 15
1706 19 X 1407 559
1007 21 X 15 586
1408 20 X 1008 1007
1708 19 X 1408 559
2034 18 X 1706 1708
2256 17 X 2034 1571
2507 16 X 2257 2256
2685 15 X 2507 1571
2876 14 X 2685 1571
3040 13 X 2876 1571
3159 12 X 3042 3040
3226 10 X 1570 3159
4 30 X 1 2
9 29 X 1 4
39 28 X 9 13
91 27 X 15 39
136 26 X 15 91
282 25 X 136 15
501 24 X 282 15
679 23 X 501 15
916 22 X 679 15
1068 21 X 15 916
1441 20 X 1068 15
1757 19 X 1441 559
20 28 X 1 13
81 27 X 15 20
131 26 X 15 81
277 25 X 131 15
494 24 X 277 15
675 23 X 494 15
913 22 X 675 15
1066 21 X 15 913
1442 20 X 1068 1066
1758 19 X 1442 559
2063 18 X 1757 1758
2273 17 X 2063 1571
384 24 X 136 15
589 23 X 384 15
831 22 X 589 15
1059 21 X 15 831
1434 20 X 1059 15
1749 19 X 1434 559
380 24 X 131 15
587 23 X 380 15
829 22 X 587 15
1057 21 X 15 829
1435 20 X 1059 1057
1751 19 X 1435 559
2060 18 X 1749 1751
2270 17 X 2060 1571
2510 16 X 2273 2270
2688 15 X 2510 1571
2879 14 X 2688 1571
3043 13 X 2879 1571
3100 12 X 1571 3043
3238 10 X 2926 3100
3292 9 X 3226 3238
2934 13 X 2643 1571
2937 13 X 2653 1571
3105 12 X 2934 2937
3217 10 X 1570 3105
3283 9 X 3217 3237
3334 8 X 3292 3283
3380 7 X 3333 3334
1744 19 X 1432 15
1746 19 X 1433 15
2057 18 X 1744 1746
2267 17 X 2057 15
2440 16 X 15 2267
2622 15 X 2440 15
2825 14 X 2622 15
3008 13 X 2825 15
1705 19 X 1407 15
1707 19 X 1408 15
2033 18 X 1705 1707
2255 17 X 2033 15
2435 16 X 15 2255
2616 15 X 2435 15
2823 14 X 2616 15
3006 13 X 2823 15
3144 12 X 3008 3006
3208 10 X 3 3144
1748 19 X 1434 15
1750 19 X 1435 15
2059 18 X 1748 1750
2269 17 X 2059 15
2441 16 X 15 2269
2623 15 X 2441 15
2826 14 X 2623 15
3009 13 X 2826 15
3092 12 X 15 3009
3235 10 X 2925 3092
3277 9 X 3208 3235
2929 13 X 2617 15
2927 13 X 2603 15
3101 12 X 2929 2927
3200 10 X 3 3101
3269 9 X 3200 3234
3324 8 X 3277 3269
3372 7 X 3322 3324
3408 6 X 3380 3372
2561 15 X 2187 1570
2776 14 X 2561 1570
2970 13 X 2776 1570
1948 18 X 1570 1604
2184 17 X 1948 1570
2559 15 X 2184 1570
2774 14 X 2559 1570
2968 13 X 2774 1570
3122 12 X 2970 2968
29 28 X 5 2
83 27 X 15 29
184 26 X 83 15
329 25 X 184 15
548 24 X 329 15
726 23 X 548 15
960 22 X 726 15
227 25 X 75 15
437 24 X 227 15
629 23 X 437 15
871 22 X 629 15
1310 21 X 960 871
40 28 X 10 2
92 27 X 15 40
191 26 X 92 15
336 25 X 191 15
555 24 X 336 15
733 23 X 555 15
967 22 X 733 15
239 25 X 86 15
454 24 X 239 15
641 23 X 454 15
883 22 X 641 15
1316 21 X 967 883
1565 20 X 1310 1316
1931 19 X 1565 559
179 26 X 76 15
324 25 X 179 15
543 24 X 324 15
721 23 X 543 15
955 22 X 721 15
1298 21 X 955 871
229 25 X 76 15
442 24 X 229 15
631 23 X 442 15
873 22 X 631 15
1299 21 X 955 873
1559 20 X 1298 1299
1924 19 X 1559 559
2169 18 X 1931 1924
2379 17 X 2169 1571
401 24 X 184 15
606 23 X 401 15
844 22 X 606 15
353 24 X 75 15
566 23 X 353 15
805 22 X 566 15
1199 21 X 844 805
402 24 X 191 15
607 23 X 402 15
845 22 X 607 15
359 24 X 86 15
569 23 X 359 15
808 22 X 569 15
1202 21 X 845 808
1512 20 X 1199 1202
1865 19 X 1512 559
182 26 X 79 15
325 25 X 179 182
544 24 X 325 15
722 23 X 544 15
956 22 X 722 15
228 25 X 75 88
440 24 X 228 15
630 23 X 440 15
872 22 X 630 15
1304 21 X 956 872
230 25 X 76 79
444 24 X 230 15
632 23 X 444 15
874 22 X 632 15
1305 21 X 956 874
1562 20 X 1304 1305
1928 19 X 1562 559
2134 18 X 1865 1928
2344 17 X 2134 1571
2551 16 X 2379 2344
2729 15 X 2551 1571
2920 14 X 2729 1571
3084 13 X 2920 1571
1130 21 X 726 629
1133 21 X 733 641
1477 20 X 1130 1133
1811 19 X 1477 559
1125 21 X 721 629
1126 21 X 721 631
1474 20 X 1125 1126
1807 19 X 1474 559
2096 18 X 1811 1807
2306 17 X 2096 1571
1079 21 X 606 566
1080 21 X 607 569
1450 20 X 1079 1080
1774 19 X 1450 559
1128 21 X 722 630
1129 21 X 722 632
1476 20 X 1128 1129
1810 19 X 1476 559
2075 18 X 1774 1810
2285 17 X 2075 1571
2522 16 X 2306 2285
2698 15 X 2522 1571
2889 14 X 2698 1571
3053 13 X 2889 1571
3179 12 X 3084 3053
3246 10 X 3122 3179
28 28 X 4 7
82 27 X 15 28
234 25 X 82 15
449 24 X 234 15
636 23 X 449 15
878 22 X 636 15
1062 21 X 15 878
38 28 X 9 7
90 27 X 15 38
242 25 X 90 15
459 24 X 242 15
644 23 X 459 15
885 22 X 644 15
1064 21 X 15 885
1437 20 X 1062 1064
1753 19 X 1437 559
17 28 X 1 7
78 27 X 15 17
232 25 X 78 15
447 24 X 232 15
634 23 X 447 15
876 22 X 634 15
1060 21 X 15 876
1436 20 X 1062 1060
1752 19 X 1436 559
2061 18 X 1753 1752
2271 17 X 2061 1571
357 24 X 82 15
567 23 X 357 15
806 22 X 567 15
1054 21 X 15 806
363 24 X 90 15
571 23 X 363 15
810 22 X 571 15
1055 21 X 15 810
1431 20 X 1054 1055
1743 19 X 1431 559
235 25 X 82 91
450 24 X 235 15
637 23 X 450 15
879 22 X 637 15
1063 21 X 15 879
233 25 X 78 81
448 24 X 233 15
635 23 X 448 15
877 22 X 635 15
1061 21 X 15 877
1438 20 X 1063 1061
1754 19 X 1438 559
2056 18 X 1743 1754
2266 17 X 2056 1571
2508 16 X 2271 2266
2686 15 X 2508 1571
2877 14 X 2686 1571
3041 13 X 2877 1571
3099 12 X 1571 3041
3216 10 X 1570 3099
3297 9 X 3246 3216
339 24 X 3 117
736 22 X 3 339
973 21 X 3 736
1324 20 X 3 973
1627 19 X 1324 558
1952 18 X 1570 1627
2188 17 X 1952 1570
2454 16 X 1570 2188
2636 15 X 2454 1570
2839 14 X 2636 1570
3022 13 X 2839 1570
743 22 X 3 696
1141 21 X 743 3
741 22 X 3 692
423 24 X 214 259
738 22 X 3 423
1138 21 X 741 738
1480 20 X 1141 1138
1815 19 X 1480 558
1956 18 X 1570 1815
975 21 X 3 738
1326 20 X 3 975
1630 19 X 1326 558
1954 18 X 1570 1630
2190 17 X 1956 1954
742 22 X 3 693
260 25 X 115 117
425 24 X 215 260
739 22 X 3 425
1140 21 X 742 739
1482 20 X 1141 1140
1818 19 X 1482 558
1957 18 X 1570 1818
976 21 X 3 739
1327 20 X 3 976
1632 19 X 1327 558
1955 18 X 1570 1632
2191 17 X 1957 1955
2481 16 X 2190 2191
2659 15 X 2481 1570
2850 14 X 2659 1570
3033 13 X 2850 1570
3153 12 X 3022 3033
2932 13 X 2641 1571
791 22 X 15 726
439 24 X 227 284
770 22 X 15 439
1150 21 X 791 770
793 22 X 15 733
455 24 X 239 284
774 22 X 15 455
1153 21 X 793 774
1487 20 X 1150 1153
1825 19 X 1487 559
789 22 X 15 721
438 24 X 227 273
769 22 X 15 438
1144 21 X 789 769
443 24 X 229 273
772 22 X 15 443
1145 21 X 789 772
1484 20 X 1144 1145
1821 19 X 1484 559
2102 18 X 1825 1821
1037 21 X 15 770
1041 21 X 15 774
1423 20 X 1037 1041
1734 19 X 1423 559
1036 21 X 15 769
1039 21 X 15 772
1422 20 X 1036 1039
1733 19 X 1422 559
2052 18 X 1734 1733
2312 17 X 2102 2052
787 22 X 15 606
1142 21 X 787 751
788 22 X 15 607
1143 21 X 788 753
1483 20 X 1142 1143
1820 19 X 1483 559
790 22 X 15 722
274 25 X 128 130
441 24 X 228 274
771 22 X 15 441
1148 21 X 790 771
445 24 X 230 274
773 22 X 15 445
1149 21 X 790 773
1486 20 X 1148 1149
1824 19 X 1486 559
2101 18 X 1820 1824
1038 21 X 15 771
1040 21 X 15 773
1424 20 X 1038 1040
1736 19 X 1424 559
2043 18 X 1718 1736
2311 17 X 2101 2043
2525 16 X 2312 2311
2701 15 X 2525 1571
2473 16 X 2052 2043
2651 15 X 2473 1571
2892 14 X 2701 2651
3056 13 X 2892 1571
3103 12 X 2932 3056
3260 10 X 3153 3103
3308 9 X 3260 3213
3339 8 X 3297 3308
3388 7 X 3342 3339
2557 15 X 2178 3
2772 14 X 2557 3
2966 13 X 2772 3
1938 18 X 3 1603
2176 17 X 1938 3
2556 15 X 2176 3
2771 14 X 2556 3
2965 13 X 2771 3
3120 12 X 2966 2965
178 26 X 75 15
323 25 X 178 15
542 24 X 323 15
720 23 X 542 15
954 22 X 720 15
1311 21 X 960 954
187 26 X 86 15
332 25 X 187 15
551 24 X 332 15
729 23 X 551 15
963 22 X 729 15
1317 21 X 967 963
1566 20 X 1311 1317
1932 19 X 1566 15
1300 21 X 955 954
1560 20 X 1300 955
1925 19 X 1560 15
2170 18 X 1932 1925
2380 17 X 2170 15
1864 19 X 1512 15
1927 19 X 1562 15
2133 18 X 1864 1927
2343 17 X 2133 15
2553 16 X 2380 2343
2731 15 X 2553 15
2922 14 X 2731 15
188 26 X 87 15
333 25 X 188 15
552 24 X 333 15
730 23 X 552 15
964 22 X 730 15
1321 21 X 968 964
1381 20 X 15 1321
1671 19 X 1381 15
2015 18 X 1671 15
2237 17 X 2015 15
403 24 X 192 15
608 23 X 403 15
846 22 X 608 15
361 24 X 87 15
570 23 X 361 15
809 22 X 570 15
1205 21 X 846 809
1376 20 X 15 1205
1666 19 X 1376 15
2010 18 X 1666 15
2232 17 X 2010 15
2498 16 X 2237 2232
2676 15 X 2498 15
2867 14 X 2676 15
3086 13 X 2922 2867
1131 21 X 726 720
1134 21 X 733 729
1478 20 X 1131 1134
1812 19 X 1478 15
1127 21 X 721 720
1475 20 X 1127 721
1808 19 X 1475 15
2097 18 X 1812 1808
2307 17 X 2097 15
1773 19 X 1450 15
1809 19 X 1476 15
2074 18 X 1773 1809
2284 17 X 2074 15
2524 16 X 2307 2284
2700 15 X 2524 15
2891 14 X 2700 15
1137 21 X 734 730
1369 20 X 15 1137
1659 19 X 1369 15
2003 18 X 1659 15
2225 17 X 2003 15
456 24 X 240 15
642 23 X 456 15
1136 21 X 734 642
1368 20 X 15 1136
1658 19 X 1368 15
2002 18 X 1658 15
2224 17 X 2002 15
2493 16 X 2225 2224
2671 15 X 2493 15
2862 14 X 2671 15
3055 13 X 2891 2862
3181 12 X 3086 3055
3244 10 X 3120 3181
1309 21 X 960 15
1315 21 X 967 15
1564 20 X 1309 1315
1930 19 X 1564 15
1297 21 X 955 15
1622 19 X 1297 15
2168 18 X 1930 1622
2378 17 X 2168 15
1198 21 X 844 15
1201 21 X 845 15
1511 20 X 1198 1201
1863 19 X 1511 15
1303 21 X 956 15
1623 19 X 1303 15
2132 18 X 1863 1623
2342 17 X 2132 15
2550 16 X 2378 2342
2728 15 X 2550 15
2919 14 X 2728 15
1204 21 X 846 15
1375 20 X 15 1204
1665 19 X 1375 15
2009 18 X 1665 15
2231 17 X 2009 15
2496 16 X 2235 2231
2674 15 X 2496 15
2865 14 X 2674 15
3083 13 X 2919 2865
183 26 X 82 15
328 25 X 183 15
547 24 X 328 15
725 23 X 547 15
959 22 X 725 15
1312 21 X 960 959
190 26 X 90 15
335 25 X 190 15
554 24 X 335 15
732 23 X 554 15
966 22 X 732 15
1318 21 X 967 966
1567 20 X 1312 1318
1933 19 X 1567 15
1302 21 X 955 959
181 26 X 78 15
327 25 X 181 15
546 24 X 327 15
724 23 X 546 15
958 22 X 724 15
1301 21 X 955 958
1561 20 X 1302 1301
1926 19 X 1561 15
2171 18 X 1933 1926
2381 17 X 2171 15
1200 21 X 844 806
1203 21 X 845 810
1513 20 X 1200 1203
1866 19 X 1513 15
1307 21 X 956 879
1306 21 X 956 877
1563 20 X 1307 1306
1929 19 X 1563 15
2135 18 X 1866 1929
2345 17 X 2135 15
2555 16 X 2381 2345
2733 15 X 2555 15
2924 14 X 2733 15
37 28 X 9 3
89 27 X 15 37
189 26 X 89 15
334 25 X 189 15
553 24 X 334 15
731 23 X 553 15
965 22 X 731 15
1322 21 X 968 965
1382 20 X 15 1322
1672 19 X 1382 15
2016 18 X 1672 15
2238 17 X 2016 15
241 25 X 89 15
458 24 X 241 15
643 23 X 458 15
884 22 X 643 15
1320 21 X 968 884
1380 20 X 15 1320
1670 19 X 1380 15
2014 18 X 1670 15
2236 17 X 2014 15
2500 16 X 2238 2236
2678 15 X 2500 15
2869 14 X 2678 15
3088 13 X 2924 2869
3178 12 X 3083 3088
3240 10 X 2966 3178
3295 9 X 3244 3240
1626 19 X 1324 3
1941 18 X 3 1626
2179 17 X 1941 3
2387 16 X 3 2179
2576 15 X 2387 3
2791 14 X 2576 3
2983 13 X 2791 3
740 22 X 3 514
1139 21 X 741 740
1481 20 X 1141 1139
1816 19 X 1481 3
1945 18 X 3 1816
977 21 X 3 740
1328 20 X 3 977
1633 19 X 1328 3
1944 18 X 3 1633
2181 17 X 1945 1944
1817 19 X 1482 3
1946 18 X 3 1817
1631 19 X 1327 3
1943 18 X 3 1631
2182 17 X 1946 1943
2479 16 X 2181 2182
2657 15 X 2479 3
2848 14 X 2657 3
3031 13 X 2848 3
3131 12 X 2983 3031
2605 15 X 2426 2420
2816 14 X 2605 2606
3004 13 X 2816 2609
783 22 X 15 542
1151 21 X 791 783
785 22 X 15 551
1154 21 X 793 785
1488 20 X 1151 1154
1826 19 X 1488 15
1146 21 X 789 783
784 22 X 15 543
1147 21 X 789 784
1485 20 X 1146 1147
1822 19 X 1485 15
2103 18 X 1826 1822
1050 21 X 15 783
1052 21 X 15 785
1430 20 X 1050 1052
1742 19 X 1430 15
1051 21 X 15 784
1429 20 X 1050 1051
1741 19 X 1429 15
2055 18 X 1742 1741
2313 17 X 2103 2055
1819 19 X 1483 15
1823 19 X 1486 15
2100 18 X 1819 1823
1735 19 X 1424 15
2041 18 X 1717 1735
2310 17 X 2100 2041
2526 16 X 2313 2310
786 22 X 15 552
1053 21 X 15 786
1364 20 X 15 1053
1590 19 X 15 1364
1971 18 X 1590 15
362 24 X 87 137
754 22 X 15 362
1021 21 X 15 754
1354 20 X 15 1021
1580 19 X 15 1354
1964 18 X 1580 15
2470 16 X 1971 1964
2702 15 X 2526 2470
2476 16 X 2055 2041
1363 20 X 15 1052
1589 19 X 15 1363
1362 20 X 15 1051
1588 19 X 15 1362
1970 18 X 1589 1588
1360 20 X 15 1040
1586 19 X 15 1360
1963 18 X 1579 1586
2469 16 X 1970 1963
2654 15 X 2476 2469
2893 14 X 2702 2654
1157 21 X 794 786
1372 20 X 15 1157
1662 19 X 1372 15
2006 18 X 1662 15
1654 19 X 1364 15
1998 18 X 1654 15
2228 17 X 2006 1998
1156 21 X 794 775
1371 20 X 15 1156
1661 19 X 1371 15
2005 18 X 1661 15
2227 17 X 2005 1997
2494 16 X 2228 2227
2471 16 X 1971 1969
2672 15 X 2494 2471
2472 16 X 1998 1997
2650 15 X 2472 2471
2863 14 X 2672 2650
3057 13 X 2893 2863
3142 12 X 3004 3057
3255 10 X 3131 3142
3304 9 X 3255 3198
3337 8 X 3295 3304
3386 7 X 3341 3337
3414 6 X 3388 3386
3426 5 X 3408 3414
43 28 X 10 11
95 27 X 15 43
139 26 X 15 95
285 25 X 139 15
504 24 X 285 15
682 23 X 504 15
918 22 X 682 15
1257 21 X 918 915
1256 21 X 918 15
1540 20 X 1257 1256
1900 19 X 1540 559
1252 21 X 911 915
1538 20 X 1252 911
1898 19 X 1538 559
2157 18 X 1900 1898
2367 17 X 2157 1571
385 24 X 139 15
590 23 X 385 15
832 22 X 590 15
1181 21 X 832 830
1504 20 X 1181 15
1854 19 X 1504 559
1180 21 X 828 830
1503 20 X 1180 828
1852 19 X 1503 559
2123 18 X 1854 1852
2333 17 X 2123 1571
2536 16 X 2367 2333
2715 15 X 2536 1571
2906 14 X 2715 1571
3070 13 X 2906 1571
1104 21 X 682 678
1103 21 X 682 15
1465 20 X 1104 1103
1795 19 X 1465 559
1100 21 X 673 678
1462 20 X 1100 673
1791 19 X 1462 559
2088 18 X 1795 1791
2298 17 X 2088 1571
1074 21 X 590 588
1447 20 X 1074 15
1768 19 X 1447 559
1073 21 X 586 588
1446 20 X 1073 586
1766 19 X 1446 559
2069 18 X 1768 1766
2279 17 X 2069 1571
2515 16 X 2298 2279
2692 15 X 2515 1571
2883 14 X 2692 1571
3047 13 X 2883 1571
3168 12 X 3070 3047
2767 14 X 2536 1571
2961 13 X 2767 1571
2764 14 X 2515 1571
2958 13 X 2764 1571
3117 12 X 2961 2958
3193 11 X 3168 3117
3231 10 X 1570 3193
2762 14 X 2510 1571
2956 13 X 2762 1571
3098 12 X 1571 2956
3187 11 X 3100 3098
3239 10 X 2926 3187
3294 9 X 3231 3239
3336 8 X 3294 3282
3382 7 X 3335 3336
1853 19 X 1504 15
1851 19 X 1503 15
2122 18 X 1853 1851
2332 17 X 2122 15
2447 16 X 15 2332
2629 15 X 2447 15
2832 14 X 2629 15
3015 13 X 2832 15
1767 19 X 1447 15
1765 19 X 1446 15
2068 18 X 1767 1765
2278 17 X 2068 15
2442 16 X 15 2278
2624 15 X 2442 15
2827 14 X 2624 15
3010 13 X 2827 15
3145 12 X 3015 3010
2752 14 X 2447 15
2954 13 X 2752 15
2751 14 X 2442 15
2953 13 X 2751 15
3115 12 X 2954 2953
3189 11 X 3145 3115
3212 10 X 3 3189
2750 14 X 2441 15
2952 13 X 2750 15
3091 12 X 15 2952
3183 11 X 3092 3091
3236 10 X 2925 3183
3280 9 X 3212 3236
3327 8 X 3280 3268
3376 7 X 3326 3327
3410 6 X 3382 3376
2560 15 X 2185 1570
2775 14 X 2560 1570
2969 13 X 2775 1570
1947 18 X 1570 1602
2183 17 X 1947 1570
2558 15 X 2183 1570
2773 14 X 2558 1570
2967 13 X 2773 1570
3121 12 X 2969 2967
236 25 X 83 15
451 24 X 236 15
638 23 X 451 15
880 22 X 638 15
1228 21 X 880 871
243 25 X 92 15
460 24 X 243 15
645 23 X 460 15
886 22 X 645 15
1231 21 X 886 883
1525 20 X 1228 1231
1882 19 X 1525 559
1222 21 X 873 871
1522 20 X 1222 873
1878 19 X 1522 559
2143 18 X 1882 1878
2353 17 X 2143 1571
358 24 X 83 15
568 23 X 358 15
807 22 X 568 15
1167 21 X 807 805
364 24 X 92 15
572 23 X 364 15
811 22 X 572 15
1170 21 X 811 808
1495 20 X 1167 1170
1837 19 X 1495 559
1224 21 X 874 872
1523 20 X 1224 874
1880 19 X 1523 559
2114 18 X 1837 1880
2324 17 X 2114 1571
2529 16 X 2353 2324
2707 15 X 2529 1571
2898 14 X 2707 1571
3062 13 X 2898 1571
1090 21 X 638 629
1092 21 X 645 641
1457 20 X 1090 1092
1785 19 X 1457 559
1088 21 X 631 629
1455 20 X 1088 631
1782 19 X 1455 559
2080 18 X 1785 1782
2290 17 X 2080 1571
1069 21 X 568 566
1070 21 X 572 569
1443 20 X 1069 1070
1760 19 X 1443 559
1089 21 X 632 630
1456 20 X 1089 632
1784 19 X 1456 559
2065 18 X 1760 1784
2275 17 X 2065 1571
2511 16 X 2290 2275
2689 15 X 2511 1571
2880 14 X 2689 1571
3044 13 X 2880 1571
3162 12 X 3062 3044
2766 14 X 2529 1571
2960 13 X 2766 1571
2763 14 X 2511 1571
2957 13 X 2763 1571
3116 12 X 2960 2957
3191 11 X 3162 3116
3245 10 X 3121 3191
2761 14 X 2508 1571
2955 13 X 2761 1571
3097 12 X 1571 2955
3186 11 X 3099 3097
3229 10 X 1570 3186
3296 9 X 3245 3229
3338 8 X 3296 3213
3384 7 X 3340 3338
2478 16 X 2178 2177
2656 15 X 2478 3
2847 14 X 2656 3
3030 13 X 2847 3
1937 18 X 3 1601
2175 17 X 1937 3
2477 16 X 2176 2175
2655 15 X 2477 3
2846 14 X 2655 3
3029 13 X 2846 3
3156 12 X 3030 3029
1836 19 X 1495 15
1879 19 X 1523 15
2113 18 X 1836 1879
2323 17 X 2113 15
2552 16 X 2380 2323
2730 15 X 2552 15
2921 14 X 2730 15
365 24 X 93 15
573 23 X 365 15
812 22 X 573 15
1173 21 X 812 809
1374 20 X 15 1173
1664 19 X 1374 15
2008 18 X 1664 15
2230 17 X 2008 15
2497 16 X 2237 2230
2675 15 X 2497 15
2866 14 X 2675 15
3085 13 X 2921 2866
1759 19 X 1443 15
1783 19 X 1456 15
2064 18 X 1759 1783
2274 17 X 2064 15
2523 16 X 2307 2274
2699 15 X 2523 15
2890 14 X 2699 15
1094 21 X 646 642
1366 20 X 15 1094
1656 19 X 1366 15
2000 18 X 1656 15
2222 17 X 2000 15
2492 16 X 2225 2222
2670 15 X 2492 15
2861 14 X 2670 15
3054 13 X 2890 2861
3180 12 X 3085 3054
2769 14 X 2552 15
2759 14 X 2497 15
2963 13 X 2769 2759
2765 14 X 2523 15
2757 14 X 2492 15
2959 13 X 2765 2757
3119 12 X 2963 2959
3197 11 X 3180 3119
3261 10 X 3156 3197
1166 21 X 807 15
1169 21 X 811 15
1494 20 X 1166 1169
1835 19 X 1494 15
1223 21 X 874 15
1608 19 X 1223 15
2112 18 X 1835 1608
2322 17 X 2112 15
2549 16 X 2378 2322
2727 15 X 2549 15
2918 14 X 2727 15
1172 21 X 812 15
1373 20 X 15 1172
1663 19 X 1373 15
2007 18 X 1663 15
2229 17 X 2007 15
2495 16 X 2235 2229
2673 15 X 2495 15
2864 14 X 2673 15
3082 13 X 2918 2864
1168 21 X 807 806
1171 21 X 811 810
1496 20 X 1168 1171
1838 19 X 1496 15
1226 21 X 874 879
1225 21 X 874 877
1524 20 X 1226 1225
1881 19 X 1524 15
2115 18 X 1838 1881
2325 17 X 2115 15
2554 16 X 2381 2325
2732 15 X 2554 15
2923 14 X 2732 15
1233 21 X 887 884
1378 20 X 15 1233
1668 19 X 1378 15
2012 18 X 1668 15
2234 17 X 2012 15
2499 16 X 2238 2234
2677 15 X 2499 15
2868 14 X 2677 15
3087 13 X 2923 2868
3177 12 X 3082 3087
2768 14 X 2549 15
2758 14 X 2495 15
2962 13 X 2768 2758
2770 14 X 2554 15
2760 14 X 2499 15
2964 13 X 2770 2760
3118 12 X 2962 2964
3196 11 X 3177 3118
3242 10 X 3030 3196
3309 9 X 3261 3242
3347 8 X 3309 3198
3394 7 X 3350 3347
3412 6 X 3384 3394
3428 5 X 3410 3412
3434 4 X 3426 3428
2935 13 X 2644 1571
2931 13 X 2640 1571
3106 12 X 2935 2931
3218 10 X 1570 3106
3284 9 X 3218 3237
3330 8 X 3282 3284
3366 7 X 1570 3330
2930 13 X 2618 15
2928 13 X 2604 15
3102 12 X 2930 2928
3201 10 X 3 3102
3270 9 X 3201 3234
3321 8 X 3268 3270
3358 7 X 3 3321
3402 6 X 3366 3358
348 24 X 62 117
737 22 X 3 348
974 21 X 3 737
1325 20 X 3 974
1629 19 X 1325 558
1953 18 X 1570 1629
2189 17 X 1955 1953
2455 16 X 1570 2189
2637 15 X 2455 1570
2840 14 X 2637 1570
3023 13 X 2840 1570
3152 12 X 3022 3023
2933 13 X 2642 1571
2049 18 X 1726 1728
2265 17 X 2049 1977
2465 16 X 1571 2265
2646 15 X 2465 1571
2936 13 X 2646 1571
3104 12 X 2933 2936
3259 10 X 3152 3104
3307 9 X 3259 3213
3316 8 X 3213 3307
3363 7 X 1570 3316
1628 19 X 1325 3
1942 18 X 3 1628
2180 17 X 1943 1942
2388 16 X 3 2180
2577 15 X 2388 3
2792 14 X 2577 3
2984 13 X 2792 3
3130 12 X 2983 2984
2607 15 X 2427 2422
2817 14 X 2607 2608
3005 13 X 2817 2610
2047 18 X 1725 1727
2263 17 X 2047 1976
2439 16 X 15 2263
198 25 X 15 87
409 24 X 198 204
763 22 X 15 409
1030 21 X 15 763
1358 20 X 15 1030
1584 19 X 15 1358
1967 18 X 1584 15
2414 16 X 15 1967
2620 15 X 2439 2414
1966 18 X 1583 1582
2197 17 X 1966 1968
2425 16 X 15 2197
2621 15 X 2439 2425
2824 14 X 2620 2621
3007 13 X 2824 15
3143 12 X 3005 3007
3254 10 X 3130 3143
3303 9 X 3254 3198
3314 8 X 3198 3303
3355 7 X 3 3314
3399 6 X 3363 3355
3422 5 X 3402 3399
3432 4 X 3422 3419
3438 3 X 3434 3432
3440 2 X 3437 3438
3441 1 X 3439 3440
