203
aczrrw fowahm udqfbx rlrlkz oaaozw turabr kepxrl anrxfk bnatyk ibrvcy vvuqwz wbqtfd gjauub jujjjl ytfxai rvsovd
4 10 1 5 6 16 14 9 15 8 3 11 7 2 13 12
2 17 0 -1 -1
3 17 1 -1 -1
15 14 X 2 3
36 13 X 15 3
6 16 X 2 3
11 15 X 2 6
20 14 X 11 3
41 13 X 20 3
65 12 X 36 41
10 15 X 2 3
19 14 X 10 3
40 13 X 19 3
74 11 X 65 40
64 12 X 36 40
96 10 X 74 64
1 17 -1 -1 -1
128 9 X 96 1
95 10 X 74 40
127 9 X 95 1
150 8 X 128 127
7 16 X 3 2
30 13 X 7 3
33 13 X 10 3
60 12 X 30 33
105 9 X 60 1
14 15 X 7 3
35 13 X 14 3
63 12 X 35 33
92 10 X 60 63
125 9 X 92 1
137 8 X 105 125
166 7 X 150 137
5 16 X 1 3
16 14 X 5 1
54 12 X 16 1
99 9 X 3 54
51 12 X 5 1
98 9 X 3 51
131 8 X 99 98
183 6 X 166 131
97 9 X 3 1
170 6 X 97 131
188 5 X 183 170
24 13 X 3 10
46 12 X 3 24
68 11 X 3 46
80 10 X 3 68
115 9 X 80 1
130 8 X 97 115
152 7 X 97 130
178 6 X 152 98
195 4 X 188 178
28 13 X 5 1
23 13 X 3 1
57 12 X 28 23
72 11 X 57 28
107 9 X 72 1
37 13 X 16 1
66 12 X 37 1
8 15 X 1 5
17 14 X 8 1
38 13 X 17 1
67 12 X 38 1
75 11 X 66 67
93 10 X 66 75
110 9 X 72 93
56 12 X 28 1
31 13 X 8 1
61 12 X 31 1
71 11 X 56 61
91 10 X 56 71
109 9 X 72 91
141 8 X 110 109
108 9 X 72 56
140 8 X 110 108
159 7 X 141 140
176 6 X 107 159
153 7 X 107 1
154 7 X 109 1
179 6 X 153 154
193 4 X 176 179
199 3 X 195 193
13 15 X 5 3
21 14 X 13 1
55 12 X 21 1
70 11 X 55 54
101 9 X 3 70
69 11 X 13 51
100 9 X 3 69
132 8 X 101 100
177 6 X 132 131
172 6 X 100 98
194 4 X 177 172
198 3 X 194 1
201 2 X 199 198
9 15 X 2 1
18 14 X 9 1
39 13 X 18 1
76 10 X 1 39
129 9 X 96 76
151 8 X 129 97
4 16 X 1 2
12 15 X 4 1
34 13 X 12 1
32 13 X 9 1
62 12 X 34 32
77 10 X 1 62
106 9 X 60 77
138 8 X 106 97
167 7 X 151 138
50 12 X 3 35
79 10 X 3 50
53 12 X 5 34
90 10 X 51 53
114 9 X 79 90
145 8 X 114 98
49 12 X 3 33
78 10 X 3 49
52 12 X 5 32
89 10 X 51 52
113 9 X 78 89
144 8 X 113 98
162 7 X 145 144
184 6 X 167 162
169 6 X 97 98
189 5 X 184 169
45 12 X 3 20
27 13 X 3 19
48 12 X 3 27
86 10 X 45 48
122 9 X 86 1
149 8 X 122 97
43 12 X 3 10
83 10 X 43 46
118 9 X 83 1
146 8 X 118 97
165 7 X 149 146
44 12 X 3 14
26 13 X 3 14
47 12 X 3 26
85 10 X 44 47
121 9 X 85 51
84 10 X 44 3
120 9 X 84 51
148 8 X 121 120
119 9 X 83 51
164 7 X 148 119
182 6 X 165 164
104 9 X 47 51
88 10 X 47 3
124 9 X 88 51
136 8 X 104 124
103 9 X 46 51
158 7 X 136 103
171 6 X 97 158
187 5 X 182 171
196 4 X 189 187
139 8 X 109 108
155 7 X 109 139
175 6 X 107 155
25 13 X 3 12
58 12 X 28 25
29 13 X 5 12
59 12 X 28 29
73 11 X 58 59
111 9 X 73 1
142 8 X 111 107
22 13 X 1 9
42 12 X 1 22
102 9 X 42 1
133 8 X 102 1
160 7 X 142 133
112 9 X 73 91
94 10 X 73 72
126 9 X 94 91
143 8 X 112 126
161 7 X 143 102
181 6 X 160 161
180 6 X 153 161
186 5 X 181 180
192 4 X 175 186
200 3 X 196 192
82 10 X 43 3
117 9 X 82 51
147 8 X 119 117
163 7 X 147 119
174 6 X 100 163
87 10 X 46 3
123 9 X 87 51
135 8 X 103 123
157 7 X 135 103
173 6 X 100 157
185 5 X 174 173
191 4 X 172 185
81 10 X 42 1
116 9 X 81 1
134 8 X 102 116
156 7 X 134 102
168 6 X 1 156
190 4 X 1 168
197 3 X 191 190
202 2 X 200 197
203 1 X 201 202
