260
rzknzk krgmff fuuxvc wqqtcl yvhfzv jznjom adaetb jvjseu ddhhnl upygva mnwywx typwml rnbsec pvugsz gukgxs lptltf ahhfad pgzahg
6 16 9 7 1 5 17 14 4 2 10 3 11 15 13 8 18 12
3 19 1 -1 -1
1 19 -1 -1 -1
9 17 X 3 1
2 19 0 -1 -1
4 18 X 1 2
10 17 X 3 4
15 16 X 9 10
25 15 X 9 15
52 13 X 25 9
106 11 X 52 9
130 10 X 9 106
38 14 X 25 9
57 13 X 38 9
79 12 X 57 9
113 11 X 79 9
143 10 X 113 9
166 9 X 130 143
180 8 X 9 166
209 7 X 180 9
231 6 X 209 9
148 9 X 9 143
174 8 X 9 148
203 7 X 174 9
225 6 X 203 9
243 5 X 231 225
68 12 X 9 52
110 11 X 68 9
141 10 X 110 106
171 9 X 141 143
185 8 X 9 171
211 7 X 185 9
233 6 X 211 9
65 12 X 9 25
107 11 X 65 9
71 12 X 38 9
111 11 X 71 9
142 10 X 111 9
153 9 X 107 142
177 8 X 9 153
7 18 X 3 2
13 17 X 7 4
17 16 X 9 13
26 15 X 9 17
66 12 X 9 26
108 11 X 66 9
154 9 X 108 142
178 8 X 9 154
206 7 X 177 178
228 6 X 206 9
245 5 X 233 228
253 4 X 243 245
8 17 X 2 4
23 15 X 8 9
37 14 X 23 9
5 18 X 2 3
12 17 X 5 1
27 15 X 12 9
55 13 X 37 27
85 11 X 9 55
116 10 X 9 85
40 14 X 27 9
56 13 X 37 40
18 16 X 10 8
31 15 X 18 9
45 14 X 31 9
16 16 X 9 12
30 15 X 16 9
44 14 X 30 9
62 13 X 45 44
78 12 X 56 62
100 11 X 9 78
125 10 X 9 100
159 9 X 116 125
193 8 X 159 9
28 15 X 13 9
41 14 X 28 9
58 13 X 41 9
86 11 X 9 58
117 10 X 9 86
20 16 X 10 13
33 15 X 20 9
47 14 X 33 9
63 13 X 47 9
80 12 X 58 63
101 11 X 9 80
126 10 X 9 101
160 9 X 117 126
194 8 X 160 9
215 7 X 193 194
235 6 X 215 194
14 16 X 8 13
29 15 X 14 9
42 14 X 29 9
21 16 X 12 9
34 15 X 21 9
48 14 X 34 9
61 13 X 42 48
89 11 X 9 61
120 10 X 9 89
82 12 X 61 63
103 11 X 9 82
128 10 X 9 103
164 9 X 120 128
198 8 X 164 9
217 7 X 198 194
237 6 X 217 194
43 14 X 29 28
60 13 X 42 43
88 11 X 9 60
119 10 X 9 88
74 12 X 42 47
96 11 X 9 74
123 10 X 9 96
163 9 X 119 123
197 8 X 163 9
59 13 X 41 28
87 11 X 9 59
118 10 X 9 87
73 12 X 41 47
95 11 X 9 73
122 10 X 9 95
161 9 X 118 122
195 8 X 161 9
216 7 X 197 195
236 6 X 216 195
246 5 X 237 236
250 4 X 235 246
257 3 X 253 250
104 11 X 25 9
129 10 X 9 104
165 9 X 129 142
179 8 X 9 165
39 14 X 26 9
72 12 X 38 39
112 11 X 72 9
131 10 X 9 112
167 9 X 131 142
181 8 X 9 167
208 7 X 179 181
230 6 X 208 9
147 9 X 9 142
173 8 X 9 147
218 6 X 173 9
242 5 X 230 218
138 10 X 107 104
168 9 X 138 142
182 8 X 9 168
140 10 X 108 112
170 9 X 140 142
184 8 X 9 170
210 7 X 182 184
232 6 X 210 9
67 12 X 9 39
109 11 X 67 9
139 10 X 108 109
169 9 X 139 142
183 8 X 9 169
207 7 X 177 183
229 6 X 207 9
244 5 X 232 229
252 4 X 242 244
54 13 X 37 23
84 11 X 9 54
115 10 X 9 84
70 12 X 37 45
94 11 X 9 70
121 10 X 9 94
158 9 X 115 121
192 8 X 158 9
214 7 X 192 195
234 6 X 214 195
249 4 X 234 236
256 3 X 252 249
259 2 X 257 256
92 11 X 9 68
76 12 X 52 9
98 11 X 9 76
135 10 X 98 9
151 9 X 92 135
176 8 X 9 151
53 13 X 26 9
77 12 X 52 53
99 11 X 9 77
152 9 X 99 135
187 8 X 152 9
205 7 X 176 187
227 6 X 205 9
145 9 X 9 135
172 8 X 9 145
186 8 X 145 9
202 7 X 172 186
224 6 X 202 9
240 5 X 227 224
90 11 X 9 65
69 12 X 25 9
93 11 X 9 69
134 10 X 93 9
149 9 X 90 134
175 8 X 9 149
91 11 X 9 66
150 9 X 91 134
204 7 X 175 150
226 6 X 204 9
241 5 X 227 226
251 4 X 240 241
200 7 X 9 194
222 6 X 200 194
64 13 X 47 33
81 12 X 59 64
102 11 X 9 81
127 10 X 9 102
162 9 X 118 127
196 8 X 162 9
201 7 X 9 196
223 6 X 201 196
239 5 X 222 223
248 4 X 222 239
255 3 X 251 248
22 16 X 13 9
35 15 X 22 9
49 14 X 35 9
83 11 X 9 49
114 10 X 9 83
19 16 X 10 9
32 15 X 19 9
46 14 X 32 9
75 12 X 49 46
97 11 X 9 75
124 10 X 9 97
155 9 X 114 124
188 8 X 155 9
199 7 X 9 188
219 6 X 199 188
6 18 X 3 1
11 17 X 3 6
50 13 X 9 11
133 10 X 50 97
156 9 X 114 133
24 15 X 9 11
36 14 X 11 24
51 13 X 9 36
105 11 X 50 51
136 10 X 105 9
146 9 X 9 136
190 8 X 156 146
132 10 X 50 9
144 9 X 9 132
189 8 X 156 144
212 7 X 190 189
220 6 X 199 212
137 10 X 105 97
157 9 X 114 137
191 8 X 157 146
213 7 X 191 189
221 6 X 199 213
238 5 X 220 221
247 4 X 219 238
254 3 X 9 247
258 2 X 255 254
260 1 X 259 258
