106
nsrykz ugzytc uuxmql xjvwlj fushve ycflbw wgoale rnguxj oulgwu aqcdln zrcnju vasaro pyfeoz dtybth degpvv hjhiui
10 9 7 12 16 2 15 3 5 11 4 6 13 8 1 14
2 17 0 -1 -1
3 17 1 -1 -1
10 14 X 2 3
21 13 X 2 10
6 15 X 2 3
23 13 X 6 3
36 12 X 21 23
5 16 X 3 2
22 13 X 5 3
9 15 X 5 3
24 13 X 9 3
38 12 X 22 24
55 10 X 36 38
4 16 X 2 3
13 14 X 3 4
27 13 X 13 3
53 10 X 27 3
66 9 X 53 3
76 8 X 55 66
17 14 X 5 9
31 13 X 17 3
39 12 X 22 31
50 10 X 3 39
73 8 X 50 3
85 7 X 76 73
8 15 X 4 3
15 14 X 3 8
29 13 X 15 3
41 12 X 27 29
56 10 X 41 3
54 10 X 29 3
67 9 X 54 3
77 8 X 56 67
86 7 X 77 3
92 6 X 85 86
11 14 X 2 5
25 13 X 11 10
18 14 X 6 9
32 13 X 18 3
40 12 X 25 32
48 11 X 40 36
61 10 X 48 38
43 11 X 3 27
57 10 X 43 3
68 9 X 57 3
78 8 X 61 68
12 14 X 2 6
26 13 X 12 3
37 12 X 21 26
46 11 X 3 37
59 10 X 46 39
64 9 X 3 59
80 8 X 64 3
87 7 X 78 80
47 11 X 3 41
60 10 X 47 3
65 9 X 3 60
44 11 X 3 29
58 10 X 44 3
69 9 X 58 3
82 8 X 65 69
81 8 X 65 3
88 7 X 82 81
93 6 X 87 88
97 5 X 92 93
100 4 X 97 3
103 3 X 100 3
16 14 X 5 3
30 13 X 16 3
19 14 X 9 3
33 13 X 19 3
42 12 X 30 33
51 10 X 3 42
1 17 -1 -1 -1
20 13 X 1 3
34 12 X 3 20
62 9 X 3 34
75 8 X 51 62
49 10 X 3 30
72 8 X 49 62
84 7 X 75 72
71 8 X 3 62
91 6 X 84 71
74 8 X 51 3
63 9 X 3 49
79 8 X 63 3
83 7 X 74 79
90 6 X 83 3
96 5 X 91 90
95 5 X 71 3
99 4 X 96 95
102 3 X 99 95
105 2 X 103 102
7 15 X 3 4
14 14 X 3 7
28 13 X 14 3
35 12 X 3 28
45 11 X 3 35
52 10 X 3 45
70 8 X 3 52
89 6 X 3 70
94 5 X 3 89
98 4 X 3 94
101 3 X 3 98
104 2 X 3 101
106 1 X 105 104
