528
kjvwsg htnpqa zpfbeo tslkea bcdxmw gemhjg jeyvft rgwubi iyndac icztif tfxzxv krzrsv owrvkg asliwu dnriij eiulmu rhsqkq gzsbvh abgplg pfpeib
8 17 14 4 5 19 6 16 15 18 11 1 7 3 2 10 13 9 20 12
1 21 -1 -1 -1
2 21 0 -1 -1
4 20 X 1 2
10 19 X 1 4
9 19 X 1 2
98 16 X 10 9
208 14 X 98 1
291 12 X 208 1
97 16 X 9 1
207 14 X 97 1
289 12 X 207 1
341 11 X 291 289
52 17 X 10 4
51 17 X 9 2
114 16 X 52 51
215 14 X 114 1
41 17 X 1 4
40 17 X 1 2
105 16 X 41 40
211 14 X 105 1
295 12 X 215 211
113 16 X 51 1
214 14 X 113 1
103 16 X 40 1
209 14 X 103 1
293 12 X 214 209
343 11 X 295 293
374 10 X 341 343
76 16 X 1 9
136 15 X 1 76
183 14 X 1 136
281 12 X 183 1
85 16 X 1 51
142 15 X 1 85
189 14 X 1 142
259 13 X 183 189
80 16 X 1 40
140 15 X 1 80
187 14 X 1 140
250 13 X 1 187
311 12 X 259 250
365 10 X 281 311
408 9 X 374 365
445 8 X 408 1
18 19 X 4 2
102 16 X 18 2
148 15 X 1 102
228 14 X 148 1
94 16 X 2 1
145 15 X 1 94
225 14 X 145 1
330 11 X 228 225
373 10 X 341 330
407 9 X 373 1
444 8 X 407 1
476 7 X 445 444
154 15 X 1 114
234 14 X 154 1
150 15 X 1 105
230 14 X 150 1
305 12 X 234 230
153 15 X 1 113
233 14 X 153 1
149 15 X 1 103
229 14 X 149 1
304 12 X 233 229
349 11 X 305 304
375 10 X 341 349
409 9 X 375 1
446 8 X 409 1
477 7 X 446 444
500 6 X 476 477
3 21 1 -1 -1
23 18 X 3 1
7 20 X 3 1
26 18 X 7 1
60 17 X 23 26
90 16 X 1 60
292 12 X 208 90
290 12 X 207 90
342 11 X 292 290
56 17 X 23 2
106 16 X 41 56
212 14 X 106 90
296 12 X 215 212
104 16 X 40 60
210 14 X 104 90
294 12 X 214 210
344 11 X 296 294
376 10 X 342 344
282 12 X 183 90
88 16 X 1 56
167 15 X 90 88
205 14 X 90 167
257 13 X 90 205
312 12 X 259 257
366 10 X 282 312
410 9 X 376 366
5 20 X 2 1
11 19 X 1 5
77 16 X 1 11
164 15 X 77 1
236 14 X 164 1
306 12 X 236 90
99 16 X 11 1
174 15 X 99 1
243 14 X 174 1
307 12 X 243 90
350 11 X 306 307
75 16 X 1 5
163 15 X 75 1
235 14 X 163 1
270 13 X 235 1
6 20 X 2 3
25 18 X 6 5
65 17 X 25 5
92 16 X 1 65
171 15 X 92 90
240 14 X 171 90
271 13 X 240 90
322 12 X 270 271
95 16 X 5 1
172 15 X 95 1
241 14 X 172 1
272 13 X 241 1
96 16 X 5 60
173 15 X 96 90
242 14 X 173 90
273 13 X 242 90
323 12 X 272 273
358 11 X 322 323
379 10 X 350 358
279 12 X 1 90
413 9 X 379 279
447 8 X 410 413
17 19 X 4 1
12 19 X 2 1
101 16 X 17 12
147 15 X 1 101
227 14 X 147 1
100 16 X 12 1
146 15 X 1 100
226 14 X 146 1
329 11 X 227 226
360 10 X 1 329
35 18 X 17 1
79 16 X 1 35
139 15 X 1 79
186 14 X 1 139
249 13 X 1 186
332 11 X 249 1
361 10 X 1 332
402 9 X 360 361
439 8 X 402 1
478 7 X 447 439
44 17 X 1 17
43 17 X 1 12
109 16 X 44 43
152 15 X 1 109
232 14 X 152 1
13 19 X 2 7
30 18 X 13 12
63 17 X 23 30
110 16 X 44 63
170 15 X 90 110
239 14 X 170 90
303 12 X 232 239
107 16 X 43 1
151 15 X 1 107
231 14 X 151 1
108 16 X 43 60
169 15 X 90 108
238 14 X 169 90
302 12 X 231 238
348 11 X 303 302
364 10 X 279 348
405 9 X 364 279
378 10 X 350 279
412 9 X 378 279
442 8 X 405 412
401 9 X 360 1
438 8 X 401 1
474 7 X 442 438
501 6 X 478 474
8 20 X 3 2
16 19 X 3 8
34 18 X 16 10
21 19 X 7 8
39 18 X 21 10
74 17 X 34 39
14 19 X 3 2
31 18 X 14 9
19 19 X 7 2
36 18 X 19 9
68 17 X 31 36
133 16 X 74 68
221 14 X 133 60
300 12 X 221 60
130 16 X 68 60
219 14 X 130 60
298 12 X 219 60
346 11 X 300 298
28 18 X 8 4
73 17 X 34 28
67 17 X 31 2
132 16 X 73 67
220 14 X 132 60
62 17 X 23 28
127 16 X 62 56
217 14 X 127 60
299 12 X 220 217
129 16 X 67 60
218 14 X 129 60
115 16 X 56 60
216 14 X 115 60
297 12 X 218 216
345 11 X 299 297
377 10 X 346 345
122 16 X 60 68
160 15 X 60 122
199 14 X 60 160
286 12 X 199 60
121 16 X 60 67
159 15 X 60 121
198 14 X 60 159
265 13 X 199 198
117 16 X 60 56
157 15 X 60 117
196 14 X 60 157
254 13 X 60 196
318 12 X 265 254
368 10 X 286 318
411 9 X 377 368
15 19 X 3 6
32 18 X 15 11
20 19 X 7 5
37 18 X 20 11
70 17 X 32 37
124 16 X 60 70
177 15 X 124 60
245 14 X 177 60
308 12 X 245 60
131 16 X 70 60
180 15 X 131 60
247 14 X 180 60
309 12 X 247 60
351 11 X 308 309
120 16 X 60 65
176 15 X 120 60
244 14 X 176 60
274 13 X 244 60
128 16 X 65 60
179 15 X 128 60
246 14 X 179 60
275 13 X 246 60
334 11 X 274 275
380 10 X 351 334
414 9 X 380 60
448 8 X 411 414
479 7 X 448 439
502 6 X 479 474
513 5 X 501 502
518 4 X 500 513
29 18 X 10 1
192 14 X 29 1
285 12 X 192 90
339 11 X 285 279
24 18 X 4 1
66 17 X 29 24
204 14 X 66 1
46 17 X 1 24
27 18 X 8 1
61 17 X 23 27
111 16 X 46 61
213 14 X 111 90
288 12 X 204 213
340 11 X 288 279
372 10 X 339 340
78 16 X 1 29
138 15 X 1 78
185 14 X 1 138
284 12 X 185 90
338 11 X 284 279
93 16 X 1 66
144 15 X 1 93
191 14 X 1 144
263 13 X 185 191
91 16 X 1 61
168 15 X 90 91
206 14 X 90 168
258 13 X 90 206
316 12 X 263 258
354 11 X 316 279
371 10 X 338 354
406 9 X 372 371
443 8 X 406 279
224 14 X 139 1
134 15 X 1 35
222 14 X 134 1
269 13 X 224 222
333 11 X 269 1
362 10 X 1 333
403 9 X 362 361
440 8 X 403 1
475 7 X 443 440
55 17 X 23 1
87 16 X 1 55
278 12 X 1 87
47 17 X 1 35
135 15 X 1 47
223 14 X 135 1
64 17 X 23 35
112 16 X 47 64
165 15 X 87 112
237 14 X 165 87
301 12 X 223 237
347 11 X 301 278
363 10 X 278 347
404 9 X 363 278
441 8 X 404 278
328 11 X 224 1
359 10 X 1 328
400 9 X 359 1
437 8 X 400 1
473 7 X 441 437
499 6 X 475 473
449 7 X 60 1
451 7 X 279 1
483 6 X 449 451
512 5 X 499 483
515 4 X 1 512
524 3 X 518 515
383 9 X 1 311
421 8 X 383 1
458 7 X 421 1
485 6 X 458 1
394 9 X 279 312
431 8 X 394 279
384 9 X 1 332
422 8 X 384 1
465 7 X 431 422
493 6 X 465 451
390 9 X 60 318
428 8 X 390 60
461 7 X 428 422
488 6 X 461 451
506 5 X 493 488
516 4 X 485 506
450 7 X 278 55
480 6 X 1 450
181 14 X 1 23
252 13 X 23 181
310 12 X 252 181
453 7 X 279 310
482 6 X 1 453
504 5 X 480 482
397 9 X 279 354
434 8 X 397 279
469 7 X 434 422
495 6 X 469 450
33 18 X 16 1
38 18 X 21 1
72 17 X 33 38
126 16 X 60 72
195 14 X 60 126
71 17 X 33 27
125 16 X 60 71
194 14 X 60 125
264 13 X 195 194
119 16 X 60 61
193 14 X 60 119
253 13 X 60 193
317 12 X 264 253
355 11 X 317 60
391 9 X 60 355
178 15 X 126 60
203 14 X 60 178
116 16 X 60 27
175 15 X 116 60
202 14 X 60 175
268 13 X 203 202
256 13 X 60 202
321 12 X 268 256
357 11 X 321 60
267 13 X 203 60
320 12 X 267 60
356 11 X 320 60
382 10 X 357 356
393 9 X 60 382
429 8 X 391 393
182 14 X 1 79
248 13 X 1 182
331 11 X 248 1
370 10 X 331 332
388 9 X 1 370
426 8 X 388 1
463 7 X 429 426
452 7 X 279 23
490 6 X 463 452
508 5 X 495 490
520 4 X 504 508
522 3 X 516 520
526 2 X 524 522
386 9 X 1 365
424 8 X 386 1
459 7 X 424 1
486 6 X 459 1
137 15 X 1 77
184 14 X 1 137
283 12 X 184 1
53 17 X 11 5
86 16 X 1 53
143 15 X 1 86
190 14 X 1 143
260 13 X 184 190
42 17 X 1 5
81 16 X 1 42
141 15 X 1 81
188 14 X 1 141
251 13 X 1 188
313 12 X 260 251
367 10 X 283 313
387 9 X 1 367
425 8 X 387 1
460 7 X 425 1
487 6 X 460 1
505 5 X 486 487
398 9 X 279 366
435 8 X 398 279
261 13 X 185 1
314 12 X 261 1
352 11 X 314 1
262 13 X 185 186
315 12 X 262 249
353 11 X 315 1
381 10 X 352 353
389 9 X 1 381
427 8 X 389 1
471 7 X 435 427
50 17 X 3 26
84 16 X 1 50
277 12 X 1 84
336 11 X 279 277
395 9 X 279 336
432 8 X 395 279
467 7 X 432 1
497 6 X 471 467
162 15 X 60 124
201 14 X 60 162
287 12 X 201 60
69 17 X 32 5
123 16 X 60 69
161 15 X 60 123
200 14 X 60 161
266 13 X 201 200
58 17 X 23 5
118 16 X 60 58
158 15 X 60 118
197 14 X 60 158
255 13 X 60 197
319 12 X 266 255
369 10 X 287 319
392 9 X 60 369
430 8 X 392 60
464 7 X 430 1
59 17 X 23 7
89 16 X 1 59
49 17 X 3 7
83 16 X 1 49
166 15 X 89 83
280 12 X 1 166
337 11 X 279 280
396 9 X 279 337
433 8 X 396 279
468 7 X 433 1
492 6 X 464 468
510 5 X 497 492
521 4 X 505 510
399 9 X 279 371
436 8 X 399 279
472 7 X 436 427
48 17 X 3 1
82 16 X 1 48
276 12 X 1 82
335 11 X 278 276
419 8 X 335 278
22 18 X 1 3
54 17 X 22 1
324 11 X 1 54
415 8 X 324 1
454 7 X 419 415
498 6 X 472 454
420 8 X 337 279
45 17 X 1 22
155 15 X 45 22
325 11 X 1 155
416 8 X 325 1
456 7 X 420 416
484 6 X 449 456
511 5 X 498 484
514 4 X 1 511
525 3 X 521 514
385 9 X 1 353
423 8 X 385 1
466 7 X 431 423
494 6 X 466 467
462 7 X 428 423
489 6 X 462 468
507 5 X 494 489
517 4 X 485 507
481 6 X 1 452
503 5 X 480 481
470 7 X 434 423
327 11 X 55 48
418 8 X 327 55
455 7 X 419 418
496 6 X 470 455
57 17 X 23 3
156 15 X 57 3
326 11 X 23 156
417 8 X 326 23
457 7 X 420 417
491 6 X 463 457
509 5 X 496 491
519 4 X 503 509
523 3 X 517 519
527 2 X 525 523
528 1 X 526 527
