2176
cervtx ydnkgo qjfrlm vlvijq lpcvla tennvl kloaqt kqgbuo idubka lrrmjd ecdzah tlhmmg snbidf bwbcxr efqaoh vsyoyr yvlkbl bbdmsm qvopxo lssqov gqqpvc civxmq pjwugx vnjbxy ebudil ffcnrg grzgxv jlvbku wauitf hihkjf
4 2 29 19 27 14 24 17 21 10 25 22 28 13 7 30 8 5 9 26 11 3 20 18 23 16 12 6 1 15
3 31 1 -1 -1
1 31 -1 -1 -1
6 29 X 1 3
17 28 X 3 6
83 25 X 17 6
14 28 X 3 1
24 28 X 6 1
78 25 X 14 24
77 25 X 14 1
234 23 X 78 77
82 25 X 17 1
241 23 X 83 82
387 22 X 234 241
885 19 X 83 387
76 25 X 6 1
199 23 X 6 76
866 19 X 6 199
1186 18 X 885 866
75 25 X 3 6
74 25 X 3 1
230 23 X 75 74
878 19 X 75 230
1175 18 X 878 866
1423 17 X 1186 1175
203 23 X 14 77
207 23 X 17 82
367 22 X 203 207
871 19 X 17 367
195 23 X 3 74
863 19 X 3 195
1168 18 X 871 863
1407 17 X 1168 863
1771 14 X 1423 1407
880 19 X 78 234
1179 18 X 880 866
1408 17 X 1179 1175
867 19 X 14 203
1162 18 X 867 863
1392 17 X 1162 863
1765 14 X 1408 1392
1953 10 X 1771 1765
360 22 X 83 82
386 22 X 234 82
907 19 X 360 386
354 22 X 6 1
363 22 X 199 1
898 19 X 354 363
1208 18 X 907 898
1131 18 X 74 1
1463 17 X 1208 1131
358 22 X 17 82
356 22 X 14 82
900 19 X 358 356
352 22 X 3 1
1199 18 X 900 352
1442 17 X 1199 1131
366 22 X 203 82
901 19 X 358 366
362 22 X 195 1
897 19 X 352 362
1200 18 X 901 897
1443 17 X 1200 1131
1626 16 X 1442 1443
1778 14 X 1463 1626
359 22 X 78 77
385 22 X 234 77
903 19 X 359 385
1202 18 X 903 898
1446 17 X 1202 1131
355 22 X 14 77
1143 18 X 355 352
1360 17 X 1143 1131
365 22 X 203 77
899 19 X 355 365
1196 18 X 899 897
1433 17 X 1196 1131
1563 16 X 1360 1433
1775 14 X 1446 1563
1963 10 X 1778 1775
2072 8 X 1953 1963
1938 10 X 1 1392
51 26 X 1 17
222 23 X 51 17
50 26 X 1 14
221 23 X 50 77
223 23 X 51 82
382 22 X 221 223
893 19 X 222 382
49 26 X 1 3
218 23 X 49 3
219 23 X 49 74
887 19 X 218 219
1192 18 X 893 887
1429 17 X 1192 863
220 23 X 50 14
381 22 X 220 223
892 19 X 222 381
379 22 X 218 219
888 19 X 218 379
1191 18 X 892 888
353 22 X 3 195
864 19 X 3 353
1428 17 X 1191 864
1624 16 X 1428 1429
1773 14 X 1429 1624
357 22 X 14 203
868 19 X 14 357
1165 18 X 868 864
1403 17 X 1165 864
1612 16 X 1403 1392
1764 14 X 1392 1612
1958 10 X 1773 1764
2068 8 X 1938 1958
2113 7 X 2072 2068
896 19 X 241 387
1195 18 X 896 199
1140 18 X 230 199
1432 17 X 1195 1140
886 19 X 207 367
1187 18 X 886 195
1424 17 X 1187 195
1774 14 X 1432 1424
1141 18 X 234 199
1354 17 X 1141 1140
1136 18 X 203 195
1346 17 X 1136 195
1758 14 X 1354 1346
1959 10 X 1774 1758
393 22 X 241 82
910 19 X 393 386
1211 18 X 910 363
1466 17 X 1211 1131
369 22 X 207 82
909 19 X 369 366
1210 18 X 909 362
1465 17 X 1210 1131
1782 14 X 1466 1465
1147 18 X 385 363
1372 17 X 1147 1131
1145 18 X 365 362
1366 17 X 1145 1131
1760 14 X 1372 1366
1970 10 X 1782 1760
2073 8 X 1959 1970
1935 10 X 1 1346
895 19 X 223 382
1194 18 X 895 219
1431 17 X 1194 195
1943 10 X 1431 1346
2065 8 X 1935 1943
2114 7 X 2073 2065
2143 6 X 2113 2114
2 31 0 -1 -1
5 30 X 3 2
9 29 X 3 5
19 28 X 3 9
87 25 X 19 6
171 24 X 75 87
320 23 X 171 75
442 22 X 320 75
483 21 X 75 442
85 25 X 19 1
165 24 X 74 85
321 23 X 171 165
443 22 X 321 230
519 21 X 230 443
912 19 X 483 519
1213 18 X 912 866
1412 17 X 1179 1213
1660 15 X 1412 1408
1798 14 X 1660 1392
1876 12 X 1765 1798
4 30 X 1 2
7 29 X 1 4
18 28 X 3 7
84 25 X 18 24
176 24 X 78 84
329 23 X 176 78
447 22 X 329 78
486 21 X 78 447
328 23 X 176 77
445 22 X 328 234
522 21 X 234 445
913 19 X 486 522
1214 18 X 913 866
1467 17 X 1214 1213
1677 15 X 1467 1408
1812 14 X 1677 1392
1879 12 X 1765 1812
1922 11 X 1876 1879
1954 10 X 1771 1922
2025 9 X 1953 1954
314 23 X 165 74
439 22 X 314 74
478 21 X 74 439
361 22 X 165 74
477 21 X 74 361
911 19 X 478 477
1212 18 X 911 1
1452 17 X 1202 1212
1670 15 X 1452 1446
1806 14 X 1670 1563
1894 12 X 1775 1806
446 22 X 329 77
570 21 X 359 446
444 22 X 328 77
594 21 X 385 444
914 19 X 570 594
1215 18 X 914 898
1468 17 X 1215 1212
1678 15 X 1468 1446
1813 14 X 1678 1563
1897 12 X 1775 1813
1930 11 X 1894 1897
1964 10 X 1778 1930
2031 9 X 1963 1964
2090 8 X 2025 2031
2121 7 X 2090 2068
2149 6 X 2121 2114
2160 5 X 2143 2149
13 29 X 5 3
36 28 X 13 3
11 29 X 4 3
32 28 X 11 6
105 25 X 36 32
186 24 X 105 75
342 23 X 186 74
456 22 X 342 230
638 21 X 456 230
860 20 X 638 230
1128 19 X 860 230
46 27 X 32 6
151 24 X 46 6
291 23 X 151 76
425 22 X 291 199
618 21 X 425 199
843 20 X 618 199
1111 19 X 843 199
1343 18 X 1128 1111
1358 17 X 1141 1343
1558 16 X 1354 1358
1707 15 X 1558 1354
147 24 X 36 3
285 23 X 147 74
419 22 X 285 195
612 21 X 419 195
837 20 X 612 195
1105 19 X 837 195
48 27 X 36 3
58 26 X 3 48
156 24 X 58 3
299 23 X 156 74
430 22 X 299 195
623 21 X 430 195
848 20 X 623 195
1116 19 X 848 195
1335 18 X 1105 1116
1350 17 X 1136 1335
1551 16 X 1346 1350
1705 15 X 1551 1346
1828 14 X 1707 1705
1854 13 X 1828 1758
1914 12 X 1854 1758
1962 10 X 1774 1914
2030 9 X 1962 1959
10 29 X 4 1
30 28 X 10 1
104 25 X 36 30
185 24 X 104 74
340 23 X 185 74
454 22 X 340 74
636 21 X 454 74
858 20 X 636 74
1126 19 X 858 74
45 27 X 30 1
150 24 X 45 1
289 23 X 150 1
423 22 X 289 1
616 21 X 423 1
841 20 X 616 1
1109 19 X 841 1
1340 18 X 1126 1109
1378 17 X 1147 1340
1588 16 X 1372 1378
1720 15 X 1588 1372
54 26 X 1 45
154 24 X 54 1
294 23 X 154 1
428 22 X 294 1
621 21 X 428 1
846 20 X 621 1
1114 19 X 846 1
1341 18 X 1126 1114
1370 17 X 1145 1341
1578 16 X 1366 1370
1715 15 X 1578 1366
1832 14 X 1720 1715
1855 13 X 1832 1760
1915 12 X 1855 1760
1973 10 X 1782 1915
2039 9 X 1973 1970
2095 8 X 2030 2039
2126 7 X 2095 2065
2144 6 X 2113 2126
29 28 X 9 3
8 29 X 1 5
27 28 X 8 6
103 25 X 29 27
173 24 X 75 103
325 23 X 173 75
482 21 X 75 325
721 20 X 482 75
985 19 X 721 230
43 27 X 27 6
138 24 X 6 43
267 23 X 138 6
60 26 X 6 43
139 24 X 6 60
269 23 X 139 6
404 22 X 267 269
471 21 X 6 404
712 20 X 471 6
976 19 X 712 199
1262 18 X 985 976
1415 17 X 1179 1262
1662 15 X 1415 1408
131 24 X 3 29
254 23 X 131 3
463 21 X 3 254
704 20 X 463 3
968 19 X 704 195
44 27 X 29 3
57 26 X 3 44
133 24 X 3 57
258 23 X 133 3
465 21 X 3 258
706 20 X 465 3
970 19 X 706 195
1249 18 X 968 970
1397 17 X 1162 1249
1656 15 X 1397 1392
1800 14 X 1662 1656
1878 12 X 1765 1800
28 28 X 9 1
26 28 X 8 1
98 25 X 28 26
178 24 X 78 98
333 23 X 178 78
485 21 X 78 333
723 20 X 485 78
987 19 X 723 234
469 21 X 6 267
710 20 X 469 6
974 19 X 710 199
1264 18 X 987 974
1496 17 X 1264 1262
1694 15 X 1496 1408
142 24 X 14 28
275 23 X 142 14
473 21 X 14 275
714 20 X 473 14
978 19 X 714 203
132 24 X 3 44
256 23 X 132 3
464 21 X 3 256
705 20 X 464 3
969 19 X 705 195
1251 18 X 978 969
1493 17 X 1251 1249
1691 15 X 1493 1392
1821 14 X 1694 1691
1881 12 X 1765 1821
1924 11 X 1878 1881
1956 10 X 1771 1924
2027 9 X 1953 1956
25 28 X 7 1
102 25 X 29 25
168 24 X 74 102
317 23 X 168 74
476 21 X 74 317
717 20 X 476 74
981 19 X 717 74
1256 18 X 981 1
1456 17 X 1202 1256
1672 15 X 1456 1446
39 27 X 3 29
38 27 X 1 25
107 25 X 39 38
170 24 X 74 107
319 23 X 170 74
441 22 X 317 319
480 21 X 74 441
719 20 X 480 74
983 19 X 719 74
1260 18 X 983 1
1363 17 X 1143 1260
1436 17 X 1196 1260
1571 16 X 1363 1436
1713 15 X 1571 1563
1808 14 X 1672 1713
1896 12 X 1775 1808
97 25 X 28 25
175 24 X 77 97
327 23 X 175 77
451 22 X 333 327
572 21 X 359 451
805 20 X 572 359
1073 19 X 805 385
42 27 X 25 1
127 24 X 1 42
250 23 X 127 1
403 22 X 267 250
566 21 X 354 403
800 20 X 566 354
1066 19 X 800 363
1318 18 X 1073 1066
53 26 X 1 42
128 24 X 1 53
251 23 X 128 1
396 22 X 250 251
461 21 X 1 396
702 20 X 461 1
966 19 X 702 1
1258 18 X 981 966
1525 17 X 1318 1258
1700 15 X 1525 1446
411 22 X 275 327
568 21 X 355 411
802 20 X 568 355
1068 19 X 802 355
398 22 X 256 250
564 21 X 352 398
798 20 X 564 352
1062 19 X 798 352
1313 18 X 1068 1062
459 21 X 1 251
700 20 X 459 1
964 19 X 700 1
1257 18 X 981 964
1520 17 X 1313 1257
1069 19 X 802 365
1063 19 X 798 362
1314 18 X 1069 1063
1521 17 X 1314 1257
1644 16 X 1520 1521
1756 15 X 1644 1563
1825 14 X 1700 1756
1899 12 X 1775 1825
1932 11 X 1896 1899
1966 10 X 1778 1932
2033 9 X 1963 1966
2092 8 X 2027 2033
2123 7 X 2092 2068
332 23 X 178 77
521 21 X 234 332
756 20 X 521 234
1020 19 X 756 234
268 23 X 138 76
494 21 X 199 268
730 20 X 494 199
994 19 X 730 199
1278 18 X 1020 994
324 23 X 173 74
518 21 X 230 324
754 20 X 518 230
1018 19 X 754 230
270 23 X 139 76
406 22 X 268 270
496 21 X 199 406
732 20 X 496 199
996 19 X 732 199
1276 18 X 1018 996
1504 17 X 1278 1276
1698 15 X 1504 1354
276 23 X 142 77
498 21 X 203 276
734 20 X 498 203
998 19 X 734 203
257 23 X 132 74
488 21 X 195 257
725 20 X 488 195
989 19 X 725 195
1267 18 X 998 989
255 23 X 131 74
487 21 X 195 255
724 20 X 487 195
988 19 X 724 195
259 23 X 133 74
489 21 X 195 259
726 20 X 489 195
990 19 X 726 195
1265 18 X 988 990
1497 17 X 1267 1265
1695 15 X 1497 1346
1823 14 X 1698 1695
1860 12 X 1758 1823
1961 10 X 1774 1860
2029 9 X 1959 1961
450 22 X 332 327
596 21 X 385 450
828 20 X 596 385
1096 19 X 828 385
405 22 X 268 250
575 21 X 363 405
808 20 X 575 363
1076 19 X 808 363
1326 18 X 1096 1076
1533 17 X 1326 1258
1704 15 X 1533 1372
412 22 X 276 327
577 21 X 365 412
810 20 X 577 365
1078 19 X 810 365
399 22 X 257 250
573 21 X 362 399
806 20 X 573 362
1074 19 X 806 362
1319 18 X 1078 1074
1526 17 X 1319 1257
1701 15 X 1526 1366
1827 14 X 1704 1701
1865 12 X 1760 1827
1972 10 X 1782 1865
2038 9 X 1970 1972
2094 8 X 2029 2038
2125 7 X 2094 2065
2151 6 X 2123 2125
2162 5 X 2144 2151
101 25 X 29 6
172 24 X 75 101
323 23 X 172 75
481 21 X 75 323
720 20 X 481 75
984 19 X 720 230
109 25 X 43 6
140 24 X 6 109
271 23 X 140 6
116 25 X 60 6
141 24 X 6 116
273 23 X 141 6
408 22 X 271 273
472 21 X 6 408
713 20 X 472 6
977 19 X 713 199
1261 18 X 984 977
1414 17 X 1179 1261
1661 15 X 1414 1408
100 25 X 29 3
135 24 X 3 100
261 23 X 135 3
466 21 X 3 261
707 20 X 466 3
971 19 X 707 195
114 25 X 57 3
137 24 X 3 114
265 23 X 137 3
468 21 X 3 265
709 20 X 468 3
973 19 X 709 195
1250 18 X 971 973
1398 17 X 1162 1250
1657 15 X 1398 1392
1799 14 X 1661 1657
1877 12 X 1765 1799
96 25 X 28 24
177 24 X 78 96
331 23 X 177 78
484 21 X 78 331
722 20 X 484 78
986 19 X 722 234
470 21 X 6 271
711 20 X 470 6
975 19 X 711 199
1263 18 X 986 975
1495 17 X 1263 1261
1693 15 X 1495 1408
95 25 X 28 14
143 24 X 14 95
277 23 X 143 14
474 21 X 14 277
715 20 X 474 14
979 19 X 715 203
110 25 X 44 3
136 24 X 3 110
263 23 X 136 3
467 21 X 3 263
708 20 X 467 3
972 19 X 708 195
1252 18 X 979 972
1494 17 X 1252 1250
1692 15 X 1494 1392
1820 14 X 1693 1692
1880 12 X 1765 1820
1923 11 X 1877 1880
1955 10 X 1771 1923
2026 9 X 1953 1955
99 25 X 29 1
167 24 X 74 99
316 23 X 167 74
475 21 X 74 316
716 20 X 475 74
980 19 X 716 74
1253 18 X 980 1
1455 17 X 1202 1253
1671 15 X 1455 1446
106 25 X 39 1
169 24 X 74 106
318 23 X 169 74
440 22 X 316 318
479 21 X 74 440
718 20 X 479 74
982 19 X 718 74
1259 18 X 982 1
1362 17 X 1143 1259
1435 17 X 1196 1259
1570 16 X 1362 1435
1712 15 X 1570 1563
1807 14 X 1671 1712
1895 12 X 1775 1807
94 25 X 28 1
174 24 X 77 94
326 23 X 174 77
449 22 X 331 326
571 21 X 359 449
804 20 X 571 359
1072 19 X 804 385
108 25 X 42 1
129 24 X 1 108
252 23 X 129 1
407 22 X 271 252
567 21 X 354 407
801 20 X 567 354
1067 19 X 801 363
1317 18 X 1072 1067
111 25 X 53 1
130 24 X 1 111
253 23 X 130 1
397 22 X 252 253
462 21 X 1 397
703 20 X 462 1
967 19 X 703 1
1255 18 X 980 967
1524 17 X 1317 1255
1699 15 X 1524 1446
413 22 X 277 326
569 21 X 355 413
803 20 X 569 355
1070 19 X 803 355
401 22 X 263 252
565 21 X 352 401
799 20 X 565 352
1064 19 X 799 352
1315 18 X 1070 1064
460 21 X 1 253
701 20 X 460 1
965 19 X 701 1
1254 18 X 980 965
1522 17 X 1315 1254
1071 19 X 803 365
1065 19 X 799 362
1316 18 X 1071 1065
1523 17 X 1316 1254
1645 16 X 1522 1523
1757 15 X 1645 1563
1824 14 X 1699 1757
1898 12 X 1775 1824
1931 11 X 1895 1898
1965 10 X 1778 1931
2032 9 X 1963 1965
2091 8 X 2026 2032
2122 7 X 2091 2068
330 23 X 177 77
520 21 X 234 330
755 20 X 520 234
1019 19 X 755 234
272 23 X 140 76
495 21 X 199 272
731 20 X 495 199
995 19 X 731 199
1277 18 X 1019 995
322 23 X 172 74
517 21 X 230 322
753 20 X 517 230
1017 19 X 753 230
274 23 X 141 76
410 22 X 272 274
497 21 X 199 410
733 20 X 497 199
997 19 X 733 199
1275 18 X 1017 997
1503 17 X 1277 1275
1697 15 X 1503 1354
278 23 X 143 77
499 21 X 203 278
735 20 X 499 203
999 19 X 735 203
264 23 X 136 74
491 21 X 195 264
728 20 X 491 195
992 19 X 728 195
1268 18 X 999 992
262 23 X 135 74
490 21 X 195 262
727 20 X 490 195
991 19 X 727 195
266 23 X 137 74
492 21 X 195 266
729 20 X 492 195
993 19 X 729 195
1266 18 X 991 993
1498 17 X 1268 1266
1696 15 X 1498 1346
1822 14 X 1697 1696
1859 12 X 1758 1822
1960 10 X 1774 1859
2028 9 X 1959 1960
448 22 X 330 326
595 21 X 385 448
827 20 X 595 385
1095 19 X 827 385
409 22 X 272 252
576 21 X 363 409
809 20 X 576 363
1077 19 X 809 363
1325 18 X 1095 1077
1532 17 X 1325 1255
1703 15 X 1532 1372
414 22 X 278 326
578 21 X 365 414
811 20 X 578 365
1079 19 X 811 365
402 22 X 264 252
574 21 X 362 402
807 20 X 574 362
1075 19 X 807 362
1320 18 X 1079 1075
1527 17 X 1320 1254
1702 15 X 1527 1366
1826 14 X 1703 1702
1864 12 X 1760 1826
1971 10 X 1782 1864
2037 9 X 1970 1971
2093 8 X 2028 2037
2124 7 X 2093 2065
2150 6 X 2122 2124
2161 5 X 2144 2150
2168 4 X 2162 2161
2172 3 X 2160 2168
884 19 X 83 241
1185 18 X 884 866
1422 17 X 1185 1175
870 19 X 17 207
1167 18 X 870 863
1405 17 X 1167 863
1768 14 X 1422 1405
1950 10 X 1768 1765
908 19 X 360 393
1209 18 X 908 898
1464 17 X 1209 1131
1144 18 X 358 352
1365 17 X 1144 1131
902 19 X 358 369
1201 18 X 902 897
1444 17 X 1201 1131
1573 16 X 1365 1444
1779 14 X 1464 1573
1967 10 X 1779 1775
2071 8 X 1950 1967
891 19 X 222 223
1190 18 X 891 887
1427 17 X 1190 863
383 22 X 222 223
894 19 X 222 383
1193 18 X 894 888
1430 17 X 1193 864
1625 16 X 1430 1427
1772 14 X 1427 1625
1957 10 X 1772 1764
2067 8 X 1938 1957
2112 7 X 2071 2067
1142 18 X 241 199
1359 17 X 1142 1140
1137 18 X 207 195
1351 17 X 1137 195
1759 14 X 1359 1351
1946 10 X 1759 1758
1148 18 X 393 363
1379 17 X 1148 1131
1146 18 X 369 362
1371 17 X 1146 1131
1761 14 X 1379 1371
1948 10 X 1761 1760
2070 8 X 1946 1948
1139 18 X 223 219
1353 17 X 1139 195
1942 10 X 1353 1346
2064 8 X 1935 1942
2111 7 X 2070 2064
2142 6 X 2112 2111
879 19 X 75 519
1178 18 X 879 866
1411 17 X 1179 1178
1767 14 X 1411 1392
1873 12 X 1765 1767
881 19 X 78 445
1182 18 X 881 866
1419 17 X 1182 1178
15 28 X 3 4
80 25 X 15 24
238 23 X 80 77
391 22 X 238 234
601 21 X 391 445
883 19 X 78 601
1184 18 X 883 866
1421 17 X 1184 1178
1622 16 X 1419 1421
600 21 X 391 234
882 19 X 78 600
1183 18 X 882 866
1420 17 X 1183 1178
1619 16 X 1411 1420
1739 15 X 1622 1619
1844 14 X 1739 1392
1887 12 X 1765 1844
1919 11 X 1873 1887
1951 10 X 1768 1919
2022 9 X 1950 1951
633 21 X 439 361
877 19 X 74 633
1174 18 X 877 1
1451 17 X 1202 1174
16 28 X 3 5
81 25 X 16 1
164 24 X 74 81
313 23 X 164 74
438 22 X 313 74
631 21 X 438 361
875 19 X 74 631
1172 18 X 875 1
1449 17 X 1202 1172
1632 16 X 1451 1449
872 19 X 74 439
1169 18 X 872 1
1448 17 X 1202 1169
632 21 X 438 439
876 19 X 74 632
1173 18 X 876 1
1450 17 X 1202 1173
1630 16 X 1448 1450
1746 15 X 1632 1630
1848 14 X 1746 1563
1903 12 X 1775 1848
904 19 X 359 444
1205 18 X 904 898
1460 17 X 1205 1174
390 22 X 238 77
599 21 X 390 444
906 19 X 359 599
1207 18 X 906 898
239 23 X 81 74
392 22 X 239 74
602 21 X 392 361
873 19 X 74 602
1170 18 X 873 1
1462 17 X 1207 1170
1635 16 X 1460 1462
598 21 X 390 385
905 19 X 359 598
1206 18 X 905 898
603 21 X 392 439
874 19 X 74 603
1171 18 X 874 1
1461 17 X 1206 1171
1631 16 X 1448 1461
1747 15 X 1635 1631
1849 14 X 1747 1563
1904 12 X 1775 1849
1933 11 X 1903 1904
1969 10 X 1779 1933
2035 9 X 1967 1969
2087 8 X 2022 2035
86 25 X 19 3
134 24 X 3 86
260 23 X 134 74
400 22 X 260 195
493 21 X 195 400
865 19 X 3 493
1161 18 X 865 863
1395 17 X 1162 1161
79 25 X 15 14
237 23 X 79 77
389 22 X 237 203
597 21 X 389 203
869 19 X 14 597
1166 18 X 869 863
1404 17 X 1166 1161
1609 16 X 1395 1404
1655 15 X 1392 1609
1797 14 X 1655 1392
1856 12 X 1392 1797
1941 10 X 1 1856
2017 9 X 1938 1941
2080 8 X 2017 1957
2118 7 X 2087 2080
2146 6 X 2118 2111
2159 5 X 2142 2146
22 28 X 5 3
145 24 X 22 3
280 23 X 145 3
532 21 X 280 3
766 20 X 532 3
1030 19 X 766 195
41 27 X 22 3
56 26 X 3 41
155 24 X 56 3
296 23 X 155 3
541 21 X 296 3
775 20 X 541 3
1039 19 X 775 195
1289 18 X 1030 1039
1406 17 X 1167 1289
1613 16 X 1405 1406
1769 14 X 1422 1613
1889 12 X 1768 1769
23 28 X 5 6
146 24 X 23 17
282 23 X 146 17
534 21 X 282 17
768 20 X 534 17
1032 19 X 768 207
149 24 X 41 3
287 23 X 149 3
536 21 X 287 3
770 20 X 536 3
1034 19 X 770 195
1291 18 X 1032 1034
1510 17 X 1291 1289
1614 16 X 1405 1510
1770 14 X 1422 1614
1890 12 X 1768 1770
1927 11 X 1889 1890
1400 17 X 1162 1289
1606 16 X 1392 1400
1766 14 X 1408 1606
1872 12 X 1765 1766
2013 10 X 1927 1872
2024 9 X 1950 2013
20 28 X 4 1
90 25 X 22 20
181 24 X 90 74
336 23 X 181 74
555 21 X 336 74
789 20 X 555 74
1053 19 X 789 74
1301 18 X 1053 1
1445 17 X 1201 1301
1574 16 X 1365 1445
1780 14 X 1464 1574
1906 12 X 1779 1780
92 25 X 23 20
183 24 X 92 82
338 23 X 183 82
416 22 X 282 338
609 21 X 416 358
834 20 X 609 358
1102 19 X 834 369
40 27 X 20 1
148 24 X 40 1
286 23 X 148 1
421 22 X 287 286
614 21 X 421 352
839 20 X 614 352
1107 19 X 839 362
1332 18 X 1102 1107
52 26 X 1 40
153 24 X 52 1
293 23 X 153 1
539 21 X 293 1
773 20 X 539 1
1037 19 X 773 1
1302 18 X 1053 1037
1539 17 X 1332 1302
1575 16 X 1365 1539
1781 14 X 1464 1575
1907 12 X 1779 1781
1934 11 X 1906 1907
1438 17 X 1196 1301
1565 16 X 1360 1438
1776 14 X 1446 1565
1891 12 X 1775 1776
1439 17 X 1196 1302
1566 16 X 1360 1439
1777 14 X 1446 1566
1892 12 X 1775 1777
1928 11 X 1891 1892
2014 10 X 1934 1928
2036 9 X 1967 2014
2089 8 X 2024 2036
2120 7 X 2089 2067
37 28 X 13 6
70 26 X 37 23
12 29 X 4 5
34 28 X 12 6
67 26 X 32 34
126 25 X 70 67
192 24 X 126 83
351 23 X 192 82
563 21 X 351 241
797 20 X 563 241
1061 19 X 797 241
47 27 X 34 6
72 26 X 46 47
162 24 X 72 6
310 23 X 162 76
549 21 X 310 199
783 20 X 549 199
1047 19 X 783 199
1312 18 X 1061 1047
69 26 X 36 22
124 25 X 69 67
190 24 X 124 75
348 23 X 190 74
561 21 X 348 230
795 20 X 561 230
1059 19 X 795 230
61 26 X 6 47
157 24 X 61 6
301 23 X 157 76
435 22 X 310 301
628 21 X 435 199
853 20 X 628 199
1121 19 X 853 199
1310 18 X 1059 1121
1519 17 X 1312 1310
1562 16 X 1359 1519
160 24 X 70 17
307 23 X 160 82
547 21 X 307 207
781 20 X 547 207
1045 19 X 781 207
73 26 X 48 41
163 24 X 73 3
312 23 X 163 74
551 21 X 312 195
785 20 X 551 195
1049 19 X 785 195
1297 18 X 1045 1049
159 24 X 69 3
305 23 X 159 74
545 21 X 305 195
779 20 X 545 195
1043 19 X 779 195
297 23 X 155 74
542 21 X 297 195
776 20 X 542 195
1040 19 X 776 195
1295 18 X 1043 1040
1514 17 X 1297 1295
1555 16 X 1351 1514
1788 14 X 1562 1555
1863 12 X 1759 1788
1357 17 X 1141 1310
1557 16 X 1354 1357
1349 17 X 1136 1295
1550 16 X 1346 1349
1786 14 X 1557 1550
1858 12 X 1758 1786
2006 10 X 1863 1858
93 25 X 23 34
184 24 X 93 83
339 23 X 184 82
557 21 X 339 241
791 20 X 557 241
1055 19 X 791 241
152 24 X 47 6
292 23 X 152 76
538 21 X 292 199
772 20 X 538 199
1036 19 X 772 199
1305 18 X 1055 1036
91 25 X 22 34
182 24 X 91 75
337 23 X 182 74
556 21 X 337 230
790 20 X 556 230
1054 19 X 790 230
427 22 X 292 301
620 21 X 427 199
845 20 X 620 199
1113 19 X 845 199
1304 18 X 1054 1113
1516 17 X 1305 1304
1561 16 X 1359 1516
283 23 X 146 82
535 21 X 283 207
769 20 X 535 207
1033 19 X 769 207
288 23 X 149 74
537 21 X 288 195
771 20 X 537 195
1035 19 X 771 195
1292 18 X 1033 1035
281 23 X 145 74
533 21 X 281 195
767 20 X 533 195
1031 19 X 767 195
1290 18 X 1031 1040
1511 17 X 1292 1290
1554 16 X 1351 1511
1787 14 X 1561 1554
1862 12 X 1759 1787
1356 17 X 1141 1304
1556 16 X 1354 1356
1348 17 X 1136 1290
1549 16 X 1346 1348
1785 14 X 1556 1549
1857 12 X 1758 1785
2005 10 X 1862 1857
2060 9 X 2006 2005
65 26 X 30 20
125 25 X 70 65
191 24 X 125 82
349 23 X 191 82
458 22 X 351 349
640 21 X 458 393
862 20 X 640 393
1130 19 X 862 393
71 26 X 45 40
161 24 X 71 1
308 23 X 161 1
436 22 X 310 308
629 21 X 436 363
854 20 X 629 363
1122 19 X 854 363
1345 18 X 1130 1122
123 25 X 69 65
189 24 X 123 74
346 23 X 189 74
559 21 X 346 74
793 20 X 559 74
1057 19 X 793 74
433 22 X 308 293
626 21 X 433 1
851 20 X 626 1
1119 19 X 851 1
1308 18 X 1057 1119
1548 17 X 1345 1308
1595 16 X 1379 1548
1307 18 X 1057 1037
1547 17 X 1345 1307
1594 16 X 1379 1547
1724 15 X 1595 1594
432 22 X 307 349
625 21 X 432 369
850 20 X 625 369
1118 19 X 850 369
437 22 X 312 308
630 21 X 437 362
855 20 X 630 362
1123 19 X 855 362
1337 18 X 1118 1123
1542 17 X 1337 1307
1583 16 X 1371 1542
1836 14 X 1724 1583
1870 12 X 1761 1836
1377 17 X 1147 1308
1587 16 X 1372 1377
1376 17 X 1147 1307
1586 16 X 1372 1376
1719 15 X 1587 1586
1369 17 X 1145 1307
1577 16 X 1366 1369
1831 14 X 1719 1577
1867 12 X 1760 1831
2008 10 X 1870 1867
453 22 X 339 338
635 21 X 453 393
857 20 X 635 393
1125 19 X 857 393
426 22 X 292 286
619 21 X 426 363
844 20 X 619 363
1112 19 X 844 363
1339 18 X 1125 1112
420 22 X 286 293
613 21 X 420 1
838 20 X 613 1
1106 19 X 838 1
1303 18 X 1053 1106
1545 17 X 1339 1303
1593 16 X 1379 1545
1544 17 X 1339 1302
1592 16 X 1379 1544
1722 15 X 1593 1592
417 22 X 283 338
610 21 X 417 369
835 20 X 610 369
1103 19 X 835 369
422 22 X 288 286
615 21 X 422 362
840 20 X 615 362
1108 19 X 840 362
1333 18 X 1103 1108
1540 17 X 1333 1302
1582 16 X 1371 1540
1834 14 X 1722 1582
1869 12 X 1761 1834
1375 17 X 1147 1303
1585 16 X 1372 1375
1374 17 X 1147 1302
1584 16 X 1372 1374
1718 15 X 1585 1584
1368 17 X 1145 1302
1576 16 X 1366 1368
1830 14 X 1718 1576
1866 12 X 1760 1830
2007 10 X 1869 1866
2061 9 X 2008 2007
2109 8 X 2060 2061
2140 7 X 2109 2064
2148 6 X 2120 2140
682 20 X 325 75
950 19 X 682 230
693 20 X 404 6
957 19 X 693 199
1242 18 X 950 957
1413 17 X 1179 1242
249 23 X 91 75
530 21 X 249 325
764 20 X 530 75
1028 19 X 764 230
216 23 X 47 6
227 23 X 61 6
376 22 X 216 227
590 21 X 376 404
823 20 X 590 6
1091 19 X 823 199
1287 18 X 1028 1091
1416 17 X 1179 1287
1620 16 X 1413 1416
670 20 X 254 3
938 19 X 670 195
674 20 X 258 3
942 19 X 674 195
1234 18 X 938 942
1396 17 X 1162 1234
211 23 X 22 3
504 21 X 211 254
740 20 X 504 3
1004 19 X 740 195
225 23 X 56 3
515 21 X 225 258
751 20 X 515 3
1015 19 X 751 195
1273 18 X 1004 1015
1399 17 X 1162 1273
1610 16 X 1396 1399
1791 14 X 1620 1610
1875 12 X 1765 1791
684 20 X 333 78
952 19 X 684 234
676 20 X 267 6
944 19 X 676 199
1244 18 X 952 944
1488 17 X 1244 1242
21 28 X 5 1
33 28 X 12 1
89 25 X 21 33
246 23 X 89 78
526 21 X 246 333
760 20 X 526 78
1024 19 X 760 234
511 21 X 216 267
747 20 X 511 6
1011 19 X 747 199
1282 18 X 1024 1011
1508 17 X 1282 1287
1639 16 X 1488 1508
525 21 X 246 78
759 20 X 525 78
1023 19 X 759 234
510 21 X 216 6
746 20 X 510 6
1010 19 X 746 199
1281 18 X 1023 1010
1507 17 X 1281 1287
1621 16 X 1413 1507
1751 15 X 1639 1621
678 20 X 275 14
946 19 X 678 203
672 20 X 256 3
940 19 X 672 195
1236 18 X 946 940
1485 17 X 1236 1234
209 23 X 21 14
501 21 X 209 275
737 20 X 501 14
1001 19 X 737 203
214 23 X 41 3
507 21 X 214 256
743 20 X 507 3
1007 19 X 743 195
1270 18 X 1001 1007
1500 17 X 1270 1273
1636 16 X 1485 1500
500 21 X 209 14
736 20 X 500 14
1000 19 X 736 203
506 21 X 214 3
742 20 X 506 3
1006 19 X 742 195
1269 18 X 1000 1006
1499 17 X 1269 1273
1611 16 X 1396 1499
1748 15 X 1636 1611
1851 14 X 1751 1748
1888 12 X 1765 1851
1921 11 X 1875 1888
1952 10 X 1768 1921
2023 9 X 1950 1952
680 20 X 317 74
948 19 X 680 74
1238 18 X 948 1
1453 17 X 1202 1238
166 24 X 74 90
315 23 X 166 74
552 21 X 315 317
786 20 X 552 74
1050 19 X 786 74
1298 18 X 1050 1
1457 17 X 1202 1298
1633 16 X 1453 1457
553 21 X 317 441
787 20 X 553 74
1051 19 X 787 74
1299 18 X 1051 1
1364 17 X 1143 1299
247 23 X 90 74
528 21 X 247 441
762 20 X 528 74
1026 19 X 762 74
1285 18 X 1026 1
1437 17 X 1196 1285
1572 16 X 1364 1437
1792 14 X 1633 1572
1893 12 X 1775 1792
699 20 X 451 359
963 19 X 699 385
692 20 X 403 354
956 19 X 692 363
1248 18 X 963 956
689 20 X 396 1
953 19 X 689 1
1240 18 X 948 953
1492 17 X 1248 1240
88 25 X 21 20
244 23 X 88 77
395 22 X 246 244
607 21 X 395 451
832 20 X 607 359
1100 19 X 832 385
213 23 X 40 1
375 22 X 216 213
589 21 X 375 403
822 20 X 589 354
1090 19 X 822 363
1330 18 X 1100 1090
527 21 X 247 317
761 20 X 527 74
1025 19 X 761 74
224 23 X 52 1
372 22 X 213 224
583 21 X 372 396
816 20 X 583 1
1084 19 X 816 1
1284 18 X 1025 1084
1537 17 X 1330 1284
1643 16 X 1492 1537
669 20 X 251 1
937 19 X 669 1
1239 18 X 948 937
1454 17 X 1202 1239
606 21 X 395 359
831 20 X 606 359
1099 19 X 831 385
588 21 X 375 354
821 20 X 588 354
1089 19 X 821 363
1329 18 X 1099 1089
514 21 X 224 251
750 20 X 514 1
1014 19 X 750 1
1283 18 X 1025 1014
1536 17 X 1329 1283
1634 16 X 1454 1536
1755 15 X 1643 1634
696 20 X 411 355
960 19 X 696 355
690 20 X 398 352
954 19 X 690 352
1245 18 X 960 954
1489 17 X 1245 1239
370 22 X 209 244
580 21 X 370 411
813 20 X 580 355
1081 19 X 813 365
373 22 X 214 213
585 21 X 373 398
818 20 X 585 352
1086 19 X 818 362
1322 18 X 1081 1086
1529 17 X 1322 1283
1640 16 X 1489 1529
1361 17 X 1143 1239
579 21 X 370 355
812 20 X 579 355
1080 19 X 812 365
584 21 X 373 352
817 20 X 584 352
1085 19 X 817 362
1321 18 X 1080 1085
1528 17 X 1321 1283
1569 16 X 1361 1528
1752 15 X 1640 1569
1853 14 X 1755 1752
1905 12 X 1775 1853
1929 11 X 1893 1905
1968 10 X 1779 1929
2034 9 X 1967 1968
2088 8 X 2023 2034
2119 7 X 2088 2067
683 20 X 332 234
951 19 X 683 234
677 20 X 268 199
945 19 X 677 199
1243 18 X 951 945
681 20 X 324 230
949 19 X 681 230
695 20 X 406 199
959 19 X 695 199
1241 18 X 949 959
1487 17 X 1243 1241
245 23 X 89 77
524 21 X 245 332
758 20 X 524 234
1022 19 X 758 234
217 23 X 47 76
513 21 X 217 268
749 20 X 513 199
1013 19 X 749 199
1280 18 X 1022 1013
248 23 X 91 74
529 21 X 248 324
763 20 X 529 230
1027 19 X 763 230
228 23 X 61 76
378 22 X 217 228
593 21 X 378 406
826 20 X 593 199
1094 19 X 826 199
1286 18 X 1027 1094
1506 17 X 1280 1286
1638 16 X 1487 1506
1355 17 X 1141 1241
523 21 X 245 234
757 20 X 523 234
1021 19 X 757 234
512 21 X 217 199
748 20 X 512 199
1012 19 X 748 199
1279 18 X 1021 1012
1505 17 X 1279 1286
1560 16 X 1355 1505
1750 15 X 1638 1560
679 20 X 276 203
947 19 X 679 203
673 20 X 257 195
941 19 X 673 195
1237 18 X 947 941
671 20 X 255 195
939 19 X 671 195
675 20 X 259 195
943 19 X 675 195
1235 18 X 939 943
1486 17 X 1237 1235
210 23 X 21 77
503 21 X 210 276
739 20 X 503 203
1003 19 X 739 203
215 23 X 41 74
509 21 X 215 257
745 20 X 509 195
1009 19 X 745 195
1272 18 X 1003 1009
212 23 X 22 74
505 21 X 212 255
741 20 X 505 195
1005 19 X 741 195
226 23 X 56 74
516 21 X 226 259
752 20 X 516 195
1016 19 X 752 195
1274 18 X 1005 1016
1502 17 X 1272 1274
1637 16 X 1486 1502
1347 17 X 1136 1235
502 21 X 210 203
738 20 X 502 203
1002 19 X 738 203
508 21 X 215 195
744 20 X 508 195
1008 19 X 744 195
1271 18 X 1002 1008
1501 17 X 1271 1274
1553 16 X 1347 1501
1749 15 X 1637 1553
1850 14 X 1750 1749
1861 12 X 1758 1850
1947 10 X 1759 1861
2020 9 X 1946 1947
698 20 X 450 385
962 19 X 698 385
694 20 X 405 363
958 19 X 694 363
1247 18 X 962 958
1491 17 X 1247 1240
394 22 X 245 244
605 21 X 394 450
830 20 X 605 385
1098 19 X 830 385
377 22 X 217 213
592 21 X 377 405
825 20 X 592 363
1093 19 X 825 363
1328 18 X 1098 1093
1535 17 X 1328 1284
1642 16 X 1491 1535
1373 17 X 1147 1239
604 21 X 394 385
829 20 X 604 385
1097 19 X 829 385
591 21 X 377 363
824 20 X 591 363
1092 19 X 824 363
1327 18 X 1097 1092
1534 17 X 1327 1283
1591 16 X 1373 1534
1754 15 X 1642 1591
697 20 X 412 365
961 19 X 697 365
691 20 X 399 362
955 19 X 691 362
1246 18 X 961 955
1490 17 X 1246 1239
371 22 X 210 244
582 21 X 371 412
815 20 X 582 365
1083 19 X 815 365
374 22 X 215 213
587 21 X 374 399
820 20 X 587 362
1088 19 X 820 362
1324 18 X 1083 1088
1531 17 X 1324 1283
1641 16 X 1490 1531
1367 17 X 1145 1239
581 21 X 371 365
814 20 X 581 365
1082 19 X 814 365
586 21 X 374 362
819 20 X 586 362
1087 19 X 819 362
1323 18 X 1082 1087
1530 17 X 1323 1283
1581 16 X 1367 1530
1753 15 X 1641 1581
1852 14 X 1754 1753
1868 12 X 1760 1852
1949 10 X 1761 1868
2021 9 X 1948 1949
2086 8 X 2020 2021
2117 7 X 2086 2064
2147 6 X 2119 2117
2163 5 X 2148 2147
2171 3 X 2159 2163
2175 2 X 2172 2171
63 26 X 17 1
59 26 X 6 1
120 25 X 63 59
243 23 X 83 120
668 20 X 243 83
62 26 X 14 1
117 25 X 62 1
235 23 X 78 117
119 25 X 63 1
242 23 X 83 119
388 22 X 235 242
688 20 X 388 387
936 19 X 668 688
198 23 X 6 59
647 20 X 198 6
115 25 X 59 1
200 23 X 6 115
648 20 X 200 199
918 19 X 647 648
1233 18 X 936 918
55 26 X 3 1
113 25 X 55 59
232 23 X 75 113
660 20 X 232 75
112 25 X 55 1
231 23 X 75 112
659 20 X 231 230
928 19 X 660 659
1225 18 X 928 918
1484 17 X 1233 1225
64 26 X 24 1
118 25 X 62 64
236 23 X 78 118
664 20 X 236 78
663 20 X 235 234
930 19 X 664 663
1227 18 X 930 918
1478 17 X 1227 1225
1690 15 X 1484 1478
206 23 X 17 63
655 20 X 206 17
204 23 X 14 117
208 23 X 17 119
368 22 X 204 208
686 20 X 368 367
925 19 X 655 686
194 23 X 3 55
643 20 X 194 3
196 23 X 3 112
644 20 X 196 195
916 19 X 643 644
1222 18 X 925 916
1475 17 X 1222 916
202 23 X 14 62
651 20 X 202 14
652 20 X 204 203
920 19 X 651 652
1217 18 X 920 916
1470 17 X 1217 916
1683 15 X 1475 1470
1819 14 X 1690 1683
1784 14 X 1478 1470
2004 10 X 1819 1784
1664 15 X 1423 1408
1659 15 X 1407 1392
1802 14 X 1664 1659
1981 10 X 1802 1765
2059 9 X 2004 1981
1673 15 X 1463 1446
1742 15 X 1626 1563
1809 14 X 1673 1742
1989 10 X 1809 1775
2108 8 X 2059 1989
1940 10 X 1 1470
2019 9 X 1940 1938
889 19 X 220 221
1188 18 X 889 887
1425 17 X 1188 863
1667 15 X 1429 1425
380 22 X 220 221
890 19 X 220 380
1189 18 X 890 888
1426 17 X 1189 864
1623 16 X 1426 1425
1740 15 X 1624 1623
1804 14 X 1667 1740
1985 10 X 1804 1764
2085 8 X 2019 1985
2139 7 X 2108 2085
667 20 X 242 241
934 19 X 667 688
1231 18 X 934 648
1154 18 X 659 648
1482 17 X 1231 1154
1156 18 X 663 648
1389 17 X 1156 1154
1688 15 X 1482 1389
656 20 X 208 207
926 19 X 656 686
1223 18 X 926 644
1476 17 X 1223 644
1150 18 X 652 644
1383 17 X 1150 644
1684 15 X 1476 1383
1817 14 X 1688 1684
1763 14 X 1389 1383
2002 10 X 1817 1763
1669 15 X 1432 1354
1665 15 X 1424 1346
1805 14 X 1669 1665
1986 10 X 1805 1758
2057 9 X 2002 1986
1676 15 X 1466 1372
1675 15 X 1465 1366
1811 14 X 1676 1675
1994 10 X 1811 1760
2106 8 X 2057 1994
1937 10 X 1 1383
2016 9 X 1937 1935
1138 18 X 221 219
1352 17 X 1138 195
1668 15 X 1431 1352
1945 10 X 1668 1346
2079 8 X 2016 1945
2137 7 X 2106 2079
2158 6 X 2139 2137
240 23 X 83 1
665 20 X 240 83
233 23 X 78 1
384 22 X 233 240
687 20 X 384 387
932 19 X 665 687
197 23 X 6 1
645 20 X 197 6
646 20 X 197 199
917 19 X 645 646
1229 18 X 932 917
229 23 X 75 1
657 20 X 229 75
658 20 X 229 230
927 19 X 657 658
1224 18 X 927 917
1480 17 X 1229 1224
661 20 X 233 78
662 20 X 233 234
929 19 X 661 662
1226 18 X 929 917
1477 17 X 1226 1224
1686 15 X 1480 1477
205 23 X 17 1
653 20 X 205 17
201 23 X 14 1
364 22 X 201 205
685 20 X 364 367
922 19 X 653 685
193 23 X 3 1
641 20 X 193 3
642 20 X 193 195
915 19 X 641 642
1219 18 X 922 915
1472 17 X 1219 915
649 20 X 201 14
650 20 X 201 203
919 19 X 649 650
1216 18 X 919 915
1469 17 X 1216 915
1680 15 X 1472 1469
1815 14 X 1686 1680
1783 14 X 1477 1469
1999 10 X 1815 1783
2051 9 X 1999 1981
2100 8 X 2051 1989
1939 10 X 1 1469
2018 9 X 1939 1938
2083 8 X 2018 1985
2131 7 X 2100 2083
666 20 X 240 241
933 19 X 666 687
1230 18 X 933 646
1153 18 X 658 646
1481 17 X 1230 1153
1155 18 X 662 646
1386 17 X 1155 1153
1687 15 X 1481 1386
654 20 X 205 207
923 19 X 654 685
1220 18 X 923 642
1473 17 X 1220 642
1149 18 X 650 642
1380 17 X 1149 642
1681 15 X 1473 1380
1816 14 X 1687 1681
341 23 X 186 1
455 22 X 341 229
637 21 X 455 229
859 20 X 637 230
1127 19 X 859 658
290 23 X 151 1
424 22 X 290 197
617 21 X 424 197
842 20 X 617 199
1110 19 X 842 646
1342 18 X 1127 1110
1388 17 X 1155 1342
1601 16 X 1386 1388
1727 15 X 1601 1386
284 23 X 147 1
418 22 X 284 193
611 21 X 418 193
836 20 X 611 195
1104 19 X 836 642
298 23 X 156 1
429 22 X 298 193
622 21 X 429 193
847 20 X 622 195
1115 19 X 847 642
1334 18 X 1104 1115
1382 17 X 1149 1334
1597 16 X 1380 1382
1725 15 X 1597 1380
1837 14 X 1727 1725
1762 14 X 1386 1380
1913 12 X 1837 1762
2001 10 X 1816 1913
2056 9 X 2001 1986
1912 12 X 1832 1760
1997 10 X 1811 1912
2049 9 X 1997 1994
2105 8 X 2056 2049
1936 10 X 1 1380
2015 9 X 1936 1935
2077 8 X 2015 1945
2136 7 X 2105 2077
2154 6 X 2131 2136
1176 18 X 878 976
1409 17 X 1179 1176
1615 16 X 1408 1409
1734 15 X 1615 1408
1159 18 X 863 970
1393 17 X 1162 1159
1604 16 X 1392 1393
1729 15 X 1604 1392
1839 14 X 1734 1729
1882 12 X 1765 1839
1180 18 X 880 974
1417 17 X 1180 1176
1617 16 X 1408 1417
1736 15 X 1617 1408
1163 18 X 867 969
1401 17 X 1163 1159
1607 16 X 1392 1401
1731 15 X 1607 1392
1841 14 X 1736 1731
1884 12 X 1765 1841
1925 11 X 1882 1884
1982 10 X 1802 1925
2052 9 X 1999 1982
1203 18 X 903 1066
1134 18 X 74 966
1458 17 X 1203 1134
1628 16 X 1446 1458
1743 15 X 1628 1446
1197 18 X 899 1063
1132 18 X 74 964
1440 17 X 1197 1132
1567 16 X 1360 1440
1709 15 X 1567 1563
1845 14 X 1743 1709
1900 12 X 1775 1845
1916 11 X 1775 1900
1990 10 X 1809 1916
2044 9 X 1989 1990
2101 8 X 2052 2044
2132 7 X 2101 2083
2000 10 X 1816 1762
1988 10 X 1805 1860
2055 9 X 2000 1988
1996 10 X 1811 1865
2048 9 X 1994 1996
2104 8 X 2055 2048
2135 7 X 2104 2077
2155 6 X 2132 2135
2165 5 X 2154 2155
1177 18 X 878 977
1410 17 X 1179 1177
1616 16 X 1408 1410
1735 15 X 1616 1408
1160 18 X 863 973
1394 17 X 1162 1160
1605 16 X 1392 1394
1730 15 X 1605 1392
1840 14 X 1735 1730
1883 12 X 1765 1840
1181 18 X 880 975
1418 17 X 1181 1177
1618 16 X 1408 1418
1738 15 X 1618 1408
1164 18 X 867 972
1402 17 X 1164 1160
1608 16 X 1392 1402
1733 15 X 1608 1392
1843 14 X 1738 1733
1886 12 X 1765 1843
1926 11 X 1883 1886
1983 10 X 1802 1926
2053 9 X 1999 1983
1204 18 X 903 1067
1135 18 X 74 967
1459 17 X 1204 1135
1629 16 X 1446 1459
1745 15 X 1629 1446
1198 18 X 899 1065
1133 18 X 74 965
1441 17 X 1198 1133
1568 16 X 1360 1441
1711 15 X 1568 1563
1847 14 X 1745 1711
1902 12 X 1775 1847
1918 11 X 1775 1902
1991 10 X 1809 1918
2045 9 X 1989 1991
2102 8 X 2053 2045
2133 7 X 2102 2083
1987 10 X 1805 1859
2054 9 X 2000 1987
1995 10 X 1811 1864
2047 9 X 1994 1995
2103 8 X 2054 2047
2134 7 X 2103 2077
2156 6 X 2133 2134
2166 5 X 2154 2156
2169 4 X 2165 2166
2170 3 X 2158 2169
935 19 X 668 667
1232 18 X 935 918
1483 17 X 1232 1225
1689 15 X 1483 1478
924 19 X 655 656
1221 18 X 924 916
1474 17 X 1221 916
1682 15 X 1474 1470
1818 14 X 1689 1682
2003 10 X 1818 1784
1663 15 X 1422 1408
1658 15 X 1405 1392
1801 14 X 1663 1658
1979 10 X 1801 1765
2058 9 X 2003 1979
1674 15 X 1464 1446
1714 15 X 1573 1563
1810 14 X 1674 1714
1992 10 X 1810 1775
2107 8 X 2058 1992
1666 15 X 1427 1425
1741 15 X 1625 1623
1803 14 X 1666 1741
1984 10 X 1803 1764
2084 8 X 2019 1984
2138 7 X 2107 2084
1158 18 X 667 648
1391 17 X 1158 1154
1654 15 X 1391 1389
1152 18 X 656 644
1385 17 X 1152 644
1652 15 X 1385 1383
1796 14 X 1654 1652
1978 10 X 1796 1763
1648 15 X 1359 1354
1646 15 X 1351 1346
1793 14 X 1648 1646
1974 10 X 1793 1758
2042 9 X 1978 1974
1650 15 X 1379 1372
1649 15 X 1371 1366
1794 14 X 1650 1649
1976 10 X 1794 1760
2097 8 X 2042 1976
1647 15 X 1353 1352
1944 10 X 1647 1346
2078 8 X 2016 1944
2128 7 X 2097 2078
2157 6 X 2138 2128
2075 8 X 1979 1992
2081 8 X 2017 1984
2116 7 X 2075 2081
2074 8 X 1974 1976
2066 8 X 1935 1944
2115 7 X 2074 2066
2145 6 X 2116 2115
2167 5 X 2157 2145
931 19 X 665 666
1228 18 X 931 917
1479 17 X 1228 1224
1685 15 X 1479 1477
921 19 X 653 654
1218 18 X 921 915
1471 17 X 1218 915
1679 15 X 1471 1469
1814 14 X 1685 1679
1998 10 X 1814 1783
2050 9 X 1998 1979
2099 8 X 2050 1992
2082 8 X 2018 1984
2130 7 X 2099 2082
1157 18 X 666 646
1390 17 X 1157 1153
1653 15 X 1390 1386
1151 18 X 654 642
1384 17 X 1151 642
1651 15 X 1384 1380
1795 14 X 1653 1651
350 23 X 192 1
562 21 X 350 240
796 20 X 562 241
1060 19 X 796 666
309 23 X 162 1
548 21 X 309 197
782 20 X 548 199
1046 19 X 782 646
1311 18 X 1060 1046
347 23 X 190 1
560 21 X 347 229
794 20 X 560 230
1058 19 X 794 658
300 23 X 157 1
434 22 X 309 300
627 21 X 434 197
852 20 X 627 199
1120 19 X 852 646
1309 18 X 1058 1120
1518 17 X 1311 1309
1603 16 X 1390 1518
35 28 X 13 1
68 26 X 35 21
31 28 X 11 1
66 26 X 31 33
122 25 X 68 66
188 24 X 122 78
344 23 X 188 1
558 21 X 344 233
792 20 X 558 234
1056 19 X 792 662
1306 18 X 1056 1046
1517 17 X 1306 1309
1602 16 X 1386 1517
1728 15 X 1603 1602
306 23 X 160 1
546 21 X 306 205
780 20 X 546 207
1044 19 X 780 654
311 23 X 163 1
550 21 X 311 193
784 20 X 550 195
1048 19 X 784 642
1296 18 X 1044 1048
304 23 X 159 1
544 21 X 304 193
778 20 X 544 195
1042 19 X 778 642
295 23 X 155 1
540 21 X 295 193
774 20 X 540 195
1038 19 X 774 642
1294 18 X 1042 1038
1513 17 X 1296 1294
1599 16 X 1384 1513
158 24 X 68 14
302 23 X 158 1
543 21 X 302 201
777 20 X 543 203
1041 19 X 777 650
1293 18 X 1041 1048
1512 17 X 1293 1294
1598 16 X 1380 1512
1726 15 X 1599 1598
1838 14 X 1728 1726
1911 12 X 1795 1838
1387 17 X 1155 1309
1600 16 X 1386 1387
1381 17 X 1149 1294
1596 16 X 1380 1381
1789 14 X 1600 1596
1871 12 X 1762 1789
2012 10 X 1911 1871
180 24 X 89 78
335 23 X 180 77
554 21 X 335 234
788 20 X 554 234
1052 19 X 788 234
1300 18 X 1052 1036
1515 17 X 1300 1304
1559 16 X 1354 1515
1708 15 X 1561 1559
144 24 X 21 14
279 23 X 144 77
531 21 X 279 203
765 20 X 531 203
1029 19 X 765 203
1288 18 X 1029 1035
1509 17 X 1288 1290
1552 16 X 1346 1509
1706 15 X 1554 1552
1829 14 X 1708 1706
1908 12 X 1793 1829
2009 10 X 1908 1857
2063 9 X 2012 2009
345 23 X 188 77
121 25 X 68 65
187 24 X 121 77
343 23 X 187 77
457 22 X 345 343
639 21 X 457 385
861 20 X 639 385
1129 19 X 861 385
1344 18 X 1129 1122
1546 17 X 1344 1307
1590 16 X 1372 1546
1723 15 X 1595 1590
303 23 X 158 77
431 22 X 303 343
624 21 X 431 365
849 20 X 624 365
1117 19 X 849 365
1336 18 X 1117 1123
1541 17 X 1336 1307
1580 16 X 1366 1541
1717 15 X 1583 1580
1835 14 X 1723 1717
1910 12 X 1794 1835
2011 10 X 1910 1867
179 24 X 88 77
334 23 X 179 77
452 22 X 335 334
634 21 X 452 385
856 20 X 634 385
1124 19 X 856 385
1338 18 X 1124 1112
1543 17 X 1338 1302
1589 16 X 1372 1543
1721 15 X 1593 1589
415 22 X 279 334
608 21 X 415 365
833 20 X 608 365
1101 19 X 833 365
1331 18 X 1101 1108
1538 17 X 1331 1302
1579 16 X 1366 1538
1716 15 X 1582 1579
1833 14 X 1721 1716
1909 12 X 1794 1833
2010 10 X 1909 1866
2062 9 X 2011 2010
2110 8 X 2063 2062
2076 8 X 2015 1944
2141 7 X 2110 2076
2153 6 X 2130 2141
1790 14 X 1615 1604
1874 12 X 1765 1790
1737 15 X 1617 1615
1732 15 X 1607 1604
1842 14 X 1737 1732
1885 12 X 1765 1842
1920 11 X 1874 1885
1980 10 X 1801 1920
2043 9 X 1979 1980
1447 17 X 1202 1132
1627 16 X 1446 1447
1744 15 X 1628 1627
1434 17 X 1196 1132
1564 16 X 1360 1434
1710 15 X 1567 1564
1846 14 X 1744 1710
1901 12 X 1775 1846
1917 11 X 1775 1901
1993 10 X 1810 1917
2046 9 X 1992 1993
2098 8 X 2043 2046
2069 8 X 1938 1984
2129 7 X 2098 2069
1975 10 X 1793 1861
2040 9 X 1974 1975
1977 10 X 1794 1868
2041 9 X 1976 1977
2096 8 X 2040 2041
2127 7 X 2096 2066
2152 6 X 2129 2127
2164 5 X 2153 2152
2173 3 X 2167 2164
2174 2 X 2170 2173
2176 1 X 2175 2174
