182
rwysbu lxiohg zvrazr cfsalj tqezbc frjzdc vimmzp rmqzuu szdqpq vjlqwm mlpssx pqvivy uakpyf czjzzl dbrpof hrblyk
15 5 9 1 8 10 11 4 14 7 3 12 2 16 6 13
3 17 1 -1 -1
1 17 -1 -1 -1
7 16 X 3 1
26 14 X 7 3
17 14 X 1 3
60 12 X 26 17
132 8 X 60 17
99 10 X 3 60
97 10 X 3 17
136 8 X 99 97
2 17 0 -1 -1
8 16 X 3 2
15 15 X 3 8
23 14 X 3 15
34 13 X 3 23
80 11 X 3 34
19 14 X 1 15
37 13 X 17 19
65 12 X 37 17
83 11 X 17 65
109 10 X 80 83
6 16 X 2 3
14 15 X 3 6
22 14 X 3 14
33 13 X 3 22
18 14 X 1 14
36 13 X 17 18
64 12 X 36 17
103 10 X 33 64
128 9 X 109 103
141 8 X 99 128
150 7 X 141 136
159 6 X 150 136
165 5 X 136 159
171 4 X 132 165
5 16 X 2 1
11 15 X 2 5
30 14 X 11 14
49 13 X 30 17
72 12 X 49 17
90 11 X 72 17
116 10 X 90 17
133 8 X 60 116
4 16 X 1 2
10 15 X 1 4
29 14 X 10 15
48 13 X 29 17
57 12 X 17 48
86 11 X 57 17
114 10 X 86 17
119 9 X 17 114
134 8 X 60 119
147 7 X 133 134
157 6 X 147 132
163 5 X 132 157
12 15 X 2 6
31 14 X 12 14
53 13 X 31 3
13 15 X 3 2
20 14 X 2 13
39 13 X 20 3
76 12 X 53 39
42 13 X 22 3
21 14 X 3 13
41 13 X 21 23
67 12 X 42 41
95 11 X 76 67
38 13 X 18 17
66 12 X 38 17
91 11 X 72 66
117 10 X 95 91
54 13 X 31 22
40 13 X 20 21
77 12 X 54 40
59 12 X 22 21
96 11 X 77 59
50 13 X 30 18
73 12 X 50 17
58 12 X 18 17
92 11 X 73 58
118 10 X 96 92
131 9 X 117 118
142 8 X 99 131
35 13 X 15 23
56 12 X 3 35
55 12 X 3 23
85 11 X 56 55
113 10 X 85 17
123 9 X 97 113
138 8 X 99 123
151 7 X 142 138
63 12 X 33 21
87 11 X 63 3
24 14 X 5 3
43 13 X 24 17
68 12 X 43 17
88 11 X 68 17
115 10 X 87 88
124 9 X 97 115
139 8 X 99 124
84 11 X 55 3
112 10 X 84 17
122 9 X 97 112
137 8 X 99 122
148 7 X 139 137
160 6 X 151 148
166 5 X 136 160
175 4 X 163 166
178 3 X 171 175
79 11 X 3 33
27 14 X 7 14
46 13 X 26 27
70 12 X 46 36
107 10 X 79 70
126 9 X 99 107
106 10 X 79 64
121 9 X 97 106
145 8 X 126 121
153 7 X 145 136
161 6 X 153 136
167 5 X 136 161
172 4 X 132 167
81 11 X 3 42
51 13 X 30 26
74 12 X 51 49
47 13 X 27 26
71 12 X 47 38
93 11 X 74 71
111 10 X 81 93
78 11 X 3 22
52 13 X 30 27
75 12 X 52 50
61 12 X 27 18
94 11 X 75 61
105 10 X 78 94
130 9 X 111 105
110 10 X 81 91
104 10 X 78 92
129 9 X 110 104
146 8 X 130 129
154 7 X 146 136
44 13 X 24 26
25 14 X 5 14
45 13 X 25 17
69 12 X 44 45
89 11 X 69 60
102 10 X 3 89
125 9 X 99 102
101 10 X 3 88
120 9 X 97 101
144 8 X 125 120
152 7 X 144 136
162 6 X 154 152
168 5 X 136 162
173 4 X 132 168
179 3 X 172 173
181 2 X 178 179
82 11 X 17 37
108 10 X 80 82
127 9 X 108 97
140 8 X 99 127
149 7 X 140 136
158 6 X 149 136
164 5 X 136 158
170 4 X 132 164
16 15 X 7 3
32 14 X 16 3
9 15 X 1 3
28 14 X 9 3
62 12 X 32 28
135 8 X 62 28
155 6 X 132 135
100 10 X 3 62
98 10 X 3 28
143 8 X 100 98
156 6 X 136 143
174 4 X 155 156
177 3 X 170 174
169 4 X 132 136
176 3 X 169 174
180 2 X 177 176
182 1 X 181 180
