80
cczxdb odjgse wcrlft jgylpl hixprk sbusjy ulpatj pccses mgmdzh xevhfo ewkftw isaqiz qqcsqm prqrdg qpxgtk vwojgd
1 3 6 4 5 14 10 12 7 8 15 16 11 2 9 13
1 17 -1 -1 -1
2 17 0 -1 -1
3 16 X 1 2
5 15 X 1 3
7 14 X 1 5
9 12 X 1 7
13 12 X 7 1
29 10 X 9 13
24 10 X 1 13
38 9 X 29 24
28 10 X 9 7
37 9 X 28 13
54 7 X 38 37
61 6 X 54 1
17 11 X 9 1
16 11 X 7 1
33 10 X 17 16
43 9 X 33 1
52 7 X 24 43
57 6 X 52 1
65 5 X 61 57
70 4 X 1 65
74 3 X 1 70
4 15 X 1 2
6 14 X 1 4
12 12 X 6 1
19 11 X 13 12
30 10 X 9 19
26 10 X 1 19
39 9 X 30 26
14 12 X 7 6
21 11 X 14 6
31 10 X 9 21
27 10 X 7 21
40 9 X 31 27
55 7 X 39 40
63 6 X 55 1
20 11 X 14 1
34 10 X 17 20
44 9 X 34 1
53 7 X 26 44
59 6 X 53 1
67 5 X 63 59
72 4 X 1 67
76 3 X 1 72
78 2 X 74 76
8 13 X 7 5
10 12 X 1 8
11 12 X 5 8
32 10 X 10 11
15 12 X 8 1
25 10 X 1 15
42 9 X 32 25
49 7 X 1 42
62 6 X 54 49
18 11 X 10 1
35 10 X 18 11
46 9 X 35 25
51 7 X 1 46
58 6 X 52 51
66 5 X 62 58
71 4 X 1 66
75 3 X 1 71
23 10 X 1 10
36 9 X 23 1
47 7 X 1 36
56 6 X 1 47
69 4 X 1 56
41 9 X 32 8
48 7 X 1 41
64 6 X 55 48
22 10 X 1 8
45 9 X 35 22
50 7 X 1 45
60 6 X 53 50
68 5 X 64 60
73 4 X 1 68
77 3 X 69 73
79 2 X 75 77
80 1 X 78 79
