334
sepmrp xaonxv xtbnek ykbpxl xecoan ihtoxj hstzal alzlzi drdzdj owzwfq auvxev rkbeii hwqgie jzhlsb pigiah tznusg
7 6 1 13 5 10 14 8 15 16 2 11 9 4 12 3
3 17 1 -1 -1
1 17 -1 -1 -1
5 16 X 1 3
50 13 X 3 5
33 14 X 5 1
51 13 X 3 33
120 11 X 50 51
8 16 X 3 1
52 13 X 8 1
99 12 X 52 50
137 11 X 99 51
185 10 X 120 137
10 15 X 1 3
25 14 X 1 10
12 15 X 1 5
26 14 X 1 12
59 13 X 25 26
58 13 X 25 1
2 17 0 -1 -1
4 16 X 1 2
32 14 X 4 10
31 14 X 4 1
73 13 X 32 31
108 12 X 58 73
123 11 X 59 108
13 15 X 1 8
27 14 X 1 13
60 13 X 27 1
112 12 X 60 59
149 11 X 112 58
189 10 X 123 149
9 16 X 3 2
36 14 X 9 3
74 13 X 36 31
95 12 X 51 74
121 11 X 50 95
187 10 X 121 137
246 8 X 189 187
280 7 X 246 185
295 6 X 185 280
7 16 X 2 3
29 14 X 3 7
64 13 X 29 5
21 15 X 7 3
30 14 X 3 21
22 15 X 7 5
35 14 X 5 22
72 13 X 30 35
114 12 X 64 72
136 11 X 99 50
178 10 X 114 136
163 10 X 50 136
222 9 X 178 163
65 13 X 29 33
6 16 X 2 1
19 15 X 6 1
34 14 X 5 19
71 13 X 30 34
115 12 X 65 71
151 11 X 114 115
196 10 X 151 137
236 9 X 196 185
265 8 X 222 236
68 13 X 30 5
92 12 X 50 68
138 11 X 99 92
179 10 X 114 138
164 10 X 50 138
224 9 X 179 164
70 13 X 30 33
94 12 X 51 70
139 11 X 99 94
197 10 X 151 139
186 10 X 120 139
237 9 X 197 186
267 8 X 224 237
290 7 X 265 267
150 11 X 112 59
169 10 X 59 150
244 8 X 169 185
206 9 X 163 164
229 9 X 185 186
255 8 X 206 229
278 7 X 244 255
309 6 X 290 278
318 5 X 295 309
17 15 X 5 1
47 13 X 1 17
87 12 X 1 47
42 14 X 17 1
48 13 X 1 42
127 11 X 87 48
154 10 X 1 127
201 9 X 154 1
14 15 X 3 1
54 13 X 14 17
55 13 X 14 42
122 11 X 54 55
23 15 X 8 1
56 13 X 23 1
106 12 X 56 54
144 11 X 106 55
188 10 X 122 144
232 9 X 188 1
251 8 X 201 232
284 7 X 251 1
28 14 X 1 19
85 12 X 1 28
126 11 X 87 47
170 10 X 85 126
215 9 X 170 1
20 15 X 7 1
39 14 X 14 20
44 14 X 17 20
80 13 X 39 44
102 12 X 54 80
43 14 X 17 19
79 13 X 39 43
104 12 X 55 79
140 11 X 102 104
193 10 X 140 144
234 9 X 193 1
261 8 X 215 234
62 13 X 28 17
90 12 X 47 62
128 11 X 87 90
171 10 X 85 128
61 13 X 28 1
88 12 X 1 61
118 11 X 1 88
152 10 X 1 118
216 9 X 171 152
78 13 X 39 42
103 12 X 55 78
145 11 X 106 103
194 10 X 140 145
235 9 X 194 152
263 8 X 216 235
288 7 X 261 263
153 10 X 1 126
199 9 X 153 1
248 8 X 199 232
200 9 X 153 152
233 9 X 188 152
250 8 X 200 233
283 7 X 248 250
307 6 X 288 283
313 5 X 284 307
326 4 X 318 313
15 15 X 3 9
40 14 X 15 3
18 15 X 5 4
46 14 X 18 5
82 13 X 40 46
93 12 X 50 82
45 14 X 18 1
81 13 X 40 45
96 12 X 51 81
131 11 X 93 96
192 10 X 131 137
231 9 X 185 192
130 11 X 93 51
191 10 X 130 137
230 9 X 185 191
268 8 X 231 230
272 7 X 192 268
11 15 X 1 4
37 14 X 11 10
38 14 X 11 12
75 13 X 37 38
109 12 X 59 75
175 10 X 109 150
172 10 X 93 136
245 8 X 175 172
146 11 X 109 59
195 10 X 146 150
214 9 X 169 195
129 11 X 93 50
190 10 X 129 136
207 9 X 163 190
259 8 X 214 207
279 7 X 245 259
299 6 X 272 279
241 8 X 163 185
243 8 X 169 163
296 6 X 241 243
319 5 X 299 296
143 11 X 106 54
167 10 X 54 143
212 9 X 167 1
239 8 X 1 212
276 7 X 239 1
304 6 X 284 276
297 6 X 248 239
321 5 X 304 297
327 4 X 319 321
331 3 X 326 327
16 15 X 4 1
41 14 X 16 1
86 12 X 1 41
117 11 X 1 86
182 10 X 117 1
271 7 X 182 1
292 6 X 1 271
24 14 X 1 6
57 13 X 24 1
107 12 X 57 28
119 11 X 1 107
183 10 X 119 1
227 9 X 183 1
184 10 X 119 118
228 9 X 184 152
274 7 X 227 228
198 9 X 1 152
270 7 X 1 198
301 6 X 274 270
315 5 X 292 301
116 11 X 1 85
180 10 X 116 1
225 9 X 180 1
181 10 X 116 118
226 9 X 181 152
273 7 X 225 226
300 6 X 273 270
310 5 X 1 300
323 4 X 315 310
84 12 X 1 26
125 11 X 84 26
160 10 X 26 125
83 12 X 1 5
124 11 X 83 5
158 10 X 5 124
240 8 X 160 158
291 6 X 1 240
329 3 X 323 291
333 2 X 331 329
49 13 X 3 1
98 12 X 52 49
134 11 X 98 49
161 10 X 49 134
111 12 X 60 58
148 11 X 111 58
168 10 X 58 148
242 8 X 168 161
277 7 X 242 161
294 6 X 161 277
97 12 X 52 3
132 11 X 97 3
156 10 X 3 132
221 9 X 178 156
63 13 X 29 1
69 13 X 30 28
113 12 X 63 69
176 10 X 113 134
219 9 X 176 161
264 8 X 221 219
67 13 X 30 3
89 12 X 3 67
133 11 X 97 89
157 10 X 3 133
223 9 X 179 157
66 13 X 30 1
91 12 X 49 66
135 11 X 98 91
177 10 X 113 135
162 10 X 49 135
220 9 X 177 162
266 8 X 223 220
289 7 X 264 266
110 12 X 60 25
147 11 X 110 25
159 10 X 25 147
213 9 X 169 159
257 8 X 213 161
205 9 X 163 157
203 9 X 161 162
254 8 X 205 203
286 7 X 257 254
308 6 X 289 286
317 5 X 294 308
53 13 X 14 1
105 12 X 56 53
141 11 X 105 53
165 10 X 53 141
209 9 X 165 1
238 8 X 1 209
275 7 X 238 1
77 13 X 39 28
101 12 X 53 77
173 10 X 101 141
217 9 X 173 1
260 8 X 215 217
76 13 X 39 1
100 12 X 53 76
142 11 X 105 100
174 10 X 101 142
218 9 X 174 152
262 8 X 216 218
287 7 X 260 262
247 8 X 199 209
210 9 X 165 152
249 8 X 200 210
281 7 X 247 249
306 6 X 287 281
312 5 X 275 306
325 4 X 317 312
293 6 X 161 243
204 9 X 163 156
253 8 X 204 161
208 9 X 164 157
256 8 X 208 162
285 7 X 253 256
258 8 X 213 163
305 6 X 285 258
316 5 X 293 305
302 6 X 275 276
155 10 X 1 128
202 9 X 155 152
166 10 X 53 142
211 9 X 166 152
252 8 X 202 211
282 7 X 247 252
303 6 X 282 239
320 5 X 302 303
324 4 X 316 320
330 3 X 325 324
311 5 X 1 301
322 4 X 311 310
269 7 X 1 152
298 6 X 269 240
314 5 X 291 298
328 3 X 322 314
332 2 X 330 328
334 1 X 333 332
