269
dwnjjx ghcghv bbmeia wknhnb lvlnnc xxxtpw vgqlmr getzjq vcnrzi ywisep ioncsl sohnxt zhogqt aslkwl hblcwb gthikh
1 3 4 14 5 15 12 11 6 16 10 9 2 13 8 7
3 17 1 -1 -1
2 17 0 -1 -1
21 14 X 2 3
37 13 X 2 21
65 12 X 3 37
114 11 X 65 37
9 15 X 2 3
27 14 X 9 3
49 13 X 9 27
68 12 X 3 49
78 12 X 37 49
118 11 X 68 78
145 10 X 114 118
131 10 X 65 68
178 9 X 145 131
155 9 X 3 131
202 8 X 178 155
233 6 X 202 3
126 10 X 37 78
166 9 X 126 3
190 8 X 166 3
223 6 X 190 3
248 5 X 233 223
5 16 X 2 3
24 14 X 5 3
42 13 X 5 24
66 12 X 3 42
115 11 X 66 42
14 15 X 5 3
31 14 X 14 3
55 13 X 14 31
69 12 X 3 55
81 12 X 42 55
119 11 X 69 81
146 10 X 115 119
132 10 X 66 69
179 9 X 146 132
156 9 X 3 132
203 8 X 179 156
208 7 X 3 203
234 6 X 202 208
71 12 X 21 49
122 11 X 71 78
127 10 X 37 122
167 9 X 127 3
191 8 X 167 3
72 12 X 24 55
123 11 X 72 81
129 10 X 42 123
154 9 X 3 129
181 8 X 129 154
206 7 X 3 181
224 6 X 191 206
249 5 X 234 224
259 4 X 248 249
1 17 -1 -1 -1
6 16 X 3 1
41 13 X 3 6
10 15 X 2 6
28 14 X 10 6
50 13 X 9 28
98 11 X 41 50
48 13 X 9 10
84 12 X 48 41
102 11 X 41 84
137 10 X 98 102
80 12 X 41 48
100 11 X 41 80
139 10 X 100 41
172 9 X 137 139
157 9 X 41 139
196 8 X 172 157
230 6 X 196 41
171 9 X 137 41
195 8 X 171 41
228 6 X 195 41
245 5 X 230 228
4 16 X 2 1
13 15 X 4 6
30 14 X 13 6
54 13 X 14 30
99 11 X 41 54
53 13 X 14 13
87 12 X 53 41
104 11 X 41 87
138 10 X 99 104
173 9 X 138 41
197 8 X 173 41
210 7 X 41 197
231 6 X 196 210
229 6 X 195 210
246 5 X 231 229
257 4 X 245 246
264 3 X 259 257
164 9 X 118 68
151 9 X 3 68
188 8 X 164 151
46 13 X 9 3
67 12 X 3 46
34 13 X 2 3
74 12 X 34 49
117 11 X 67 74
116 11 X 67 68
163 9 X 117 116
153 9 X 3 116
187 8 X 163 153
213 7 X 188 187
237 6 X 213 3
162 9 X 117 3
186 8 X 162 3
221 6 X 186 3
250 5 X 237 221
165 9 X 119 69
152 9 X 3 69
189 8 X 165 152
207 7 X 3 189
238 6 X 213 207
222 6 X 186 207
251 5 X 238 222
260 4 X 250 251
85 12 X 50 41
103 11 X 41 85
140 10 X 103 102
174 9 X 140 41
198 8 X 174 41
47 13 X 9 6
83 12 X 47 41
101 11 X 41 83
160 9 X 101 41
184 8 X 160 41
214 7 X 198 184
239 6 X 214 41
219 6 X 184 41
252 5 X 239 219
88 12 X 54 41
105 11 X 41 88
141 10 X 105 104
175 9 X 141 41
199 8 X 175 41
211 7 X 41 199
240 6 X 214 211
220 6 X 184 211
253 5 X 240 220
261 4 X 252 253
265 3 X 260 261
268 2 X 264 265
33 13 X 2 1
60 12 X 1 33
7 15 X 1 4
26 14 X 7 1
39 13 X 2 26
107 11 X 60 39
8 15 X 2 1
43 13 X 8 1
62 12 X 1 43
79 12 X 39 43
113 11 X 62 79
142 10 X 107 113
23 14 X 4 1
38 13 X 2 23
61 12 X 1 38
108 11 X 60 61
12 15 X 4 1
29 14 X 12 1
45 13 X 8 29
64 12 X 1 45
110 11 X 62 64
143 10 X 108 110
176 9 X 142 143
130 10 X 61 64
150 9 X 1 130
200 8 X 176 150
19 14 X 1 6
97 11 X 19 6
232 6 X 200 97
17 15 X 6 4
32 14 X 17 6
40 13 X 2 32
16 15 X 6 2
56 13 X 16 32
89 12 X 56 6
128 10 X 40 89
168 9 X 128 6
192 8 X 168 6
225 6 X 192 6
247 5 X 232 225
18 14 X 1 3
96 11 X 18 3
11 15 X 3 1
20 14 X 1 11
57 13 X 20 18
22 14 X 3 11
58 13 X 22 3
106 11 X 57 58
136 10 X 96 106
212 7 X 96 136
216 6 X 1 212
15 15 X 6 1
25 14 X 6 15
59 13 X 25 6
90 12 X 59 6
125 10 X 6 90
209 7 X 6 125
124 10 X 3 58
205 7 X 3 124
236 6 X 209 205
242 5 X 216 236
258 4 X 247 242
91 11 X 1 43
82 12 X 43 1
93 11 X 1 82
133 10 X 91 93
44 13 X 8 12
63 12 X 1 44
92 11 X 1 63
134 10 X 92 1
169 9 X 133 134
193 8 X 169 1
226 6 X 193 97
51 13 X 10 6
94 11 X 6 51
135 10 X 94 6
170 9 X 135 6
194 8 X 170 6
227 6 X 194 6
244 5 X 226 227
256 4 X 244 242
263 3 X 258 256
36 13 X 2 7
77 12 X 36 43
112 11 X 62 77
144 10 X 113 112
177 9 X 144 63
148 9 X 1 63
201 8 X 177 148
73 12 X 33 43
111 11 X 62 73
109 11 X 62 63
161 9 X 111 109
149 9 X 1 109
185 8 X 161 149
215 7 X 201 185
241 6 X 215 97
70 12 X 6 51
35 13 X 2 6
52 13 X 10 28
76 12 X 35 52
121 11 X 70 76
75 12 X 35 10
120 11 X 70 75
147 10 X 121 120
180 9 X 147 6
204 8 X 180 6
235 6 X 204 6
254 5 X 241 235
262 4 X 254 242
158 9 X 93 1
182 8 X 158 1
217 6 X 182 97
86 12 X 51 6
95 11 X 6 86
159 9 X 95 6
183 8 X 159 6
218 6 X 183 6
243 5 X 217 218
255 4 X 243 242
266 3 X 262 255
267 2 X 263 266
269 1 X 268 267
