274
cprkev cxzoeg rhwyed zegoyi xuvqfi undnhk jtcvvh bevoil bgareh qevghj dluacf fucuth ovudpk yihhep wzevle dzotuc inspdq nlrdtj
14 13 5 2 6 7 8 9 15 12 18 11 4 3 16 17 1 10
1 19 -1 -1 -1
2 19 0 -1 -1
4 18 X 2 1
9 16 X 1 4
13 15 X 1 9
39 13 X 1 13
64 12 X 1 39
98 11 X 1 64
152 9 X 1 98
3 18 X 1 2
6 17 X 1 3
11 16 X 1 6
15 15 X 1 11
41 13 X 1 15
5 17 X 1 2
10 16 X 1 5
14 15 X 1 10
40 13 X 1 14
69 12 X 41 40
100 11 X 1 69
25 14 X 1 15
46 13 X 1 25
83 12 X 46 40
103 11 X 1 83
134 10 X 100 103
166 9 X 1 134
186 8 X 152 166
210 7 X 1 186
7 17 X 1 4
12 16 X 1 7
16 15 X 1 12
31 14 X 13 16
50 13 X 1 31
67 12 X 1 50
99 11 X 1 67
133 10 X 98 99
165 9 X 1 133
199 8 X 165 166
212 7 X 1 199
242 6 X 210 212
92 12 X 50 39
105 11 X 1 92
26 14 X 1 16
47 13 X 1 26
85 12 X 47 39
104 11 X 1 85
135 10 X 105 104
167 9 X 1 135
32 14 X 16 14
51 13 X 1 32
97 11 X 1 51
24 14 X 1 14
45 13 X 1 24
82 12 X 45 51
102 11 X 1 82
132 10 X 97 102
164 9 X 1 132
200 8 X 167 164
213 7 X 1 200
107 11 X 39 92
23 14 X 1 13
44 13 X 1 23
80 12 X 44 50
87 12 X 47 50
117 11 X 80 87
137 10 X 107 117
169 9 X 1 137
81 12 X 45 40
129 10 X 40 81
161 9 X 1 129
204 8 X 169 161
214 7 X 1 204
244 6 X 213 214
256 5 X 242 244
263 4 X 256 1
268 3 X 263 1
65 12 X 1 44
149 9 X 1 65
181 8 X 149 1
84 12 X 46 45
150 9 X 1 84
182 8 X 149 150
220 7 X 181 182
66 12 X 1 47
131 10 X 65 66
163 9 X 1 131
194 8 X 163 1
195 8 X 163 150
228 7 X 194 195
248 6 X 220 228
86 12 X 47 44
109 11 X 44 86
155 9 X 1 109
148 9 X 1 45
191 8 X 155 148
211 7 X 1 191
79 12 X 44 47
116 11 X 79 47
139 10 X 109 116
171 9 X 1 139
206 8 X 171 148
215 7 X 1 206
243 6 X 211 215
259 5 X 248 243
8 16 X 1 2
17 15 X 8 1
27 14 X 1 17
18 15 X 8 9
28 14 X 1 18
57 13 X 27 28
19 15 X 9 1
29 14 X 1 19
22 14 X 1 9
58 13 X 29 22
88 12 X 47 58
112 11 X 57 88
48 13 X 1 28
90 12 X 48 57
119 11 X 90 88
143 10 X 112 119
177 8 X 143 1
59 13 X 29 28
113 11 X 59 88
91 12 X 48 59
120 11 X 91 88
145 10 X 113 120
179 8 X 145 148
219 7 X 177 179
89 12 X 48 47
118 11 X 89 47
142 10 X 112 118
176 8 X 142 1
144 10 X 113 118
178 8 X 144 148
218 7 X 176 178
246 6 X 219 218
209 7 X 1 179
208 7 X 1 178
241 6 X 209 208
257 5 X 246 241
265 4 X 259 257
269 3 X 263 265
272 2 X 268 269
128 10 X 1 100
160 9 X 1 128
185 8 X 152 160
153 9 X 1 100
184 8 X 152 153
222 7 X 185 184
198 8 X 165 160
197 8 X 165 153
230 7 X 198 197
250 6 X 222 230
42 13 X 1 16
71 12 X 42 39
101 11 X 1 71
154 9 X 1 101
96 11 X 1 40
127 10 X 1 96
159 9 X 1 127
189 8 X 154 159
151 9 X 1 97
188 8 X 154 151
224 7 X 189 188
106 11 X 39 71
68 12 X 39 50
73 12 X 42 50
114 11 X 68 73
136 10 X 106 114
168 9 X 1 136
125 10 X 1 40
157 9 X 1 125
203 8 X 168 157
147 9 X 1 40
202 8 X 168 147
234 7 X 203 202
252 6 X 224 234
261 5 X 250 252
267 4 X 261 1
130 10 X 64 67
162 9 X 1 130
126 10 X 1 69
158 9 X 1 126
193 8 X 162 158
227 7 X 193 1
237 6 X 1 227
233 7 X 203 1
238 6 X 1 233
254 5 X 237 238
43 13 X 1 18
38 13 X 1 9
70 12 X 42 38
108 11 X 43 70
34 14 X 18 16
52 13 X 1 34
78 12 X 43 52
30 14 X 9 16
49 13 X 1 30
72 12 X 42 49
115 11 X 78 72
138 10 X 108 115
170 9 X 1 138
205 8 X 170 157
235 7 X 205 1
239 6 X 1 235
20 15 X 10 1
55 13 X 20 18
21 15 X 12 1
56 13 X 21 9
75 12 X 42 56
111 11 X 55 75
36 14 X 20 1
62 13 X 36 34
94 12 X 55 62
37 14 X 21 1
63 13 X 37 30
77 12 X 42 63
122 11 X 94 77
141 10 X 111 122
172 9 X 1 141
124 10 X 1 14
156 9 X 1 124
207 8 X 172 156
236 7 X 207 1
240 6 X 1 236
255 5 X 239 240
262 4 X 254 255
271 3 X 267 262
183 8 X 152 1
221 7 X 183 184
196 8 X 165 1
229 7 X 196 197
249 6 X 221 229
187 8 X 154 1
223 7 X 187 188
201 8 X 168 1
231 7 X 201 202
251 6 X 223 231
260 5 X 249 251
266 4 X 260 1
192 8 X 162 1
226 7 X 192 195
247 6 X 220 226
190 8 X 155 1
225 7 X 190 191
232 7 X 201 206
253 6 X 225 232
258 5 X 247 253
173 8 X 112 1
174 8 X 113 148
216 7 X 173 174
53 13 X 17 18
54 13 X 19 9
74 12 X 42 54
110 11 X 53 74
33 14 X 17 1
60 13 X 33 34
93 12 X 53 60
35 14 X 19 1
61 13 X 35 30
76 12 X 42 61
121 11 X 93 76
140 10 X 110 121
175 8 X 140 1
95 12 X 59 47
123 11 X 95 47
146 10 X 113 123
180 8 X 146 148
217 7 X 175 180
245 6 X 216 217
264 4 X 258 245
270 3 X 266 264
273 2 X 271 270
274 1 X 272 273
