198
jyvrtk tqbtrf ubudyh tdvqix tnsuld tdchxy vmsfrd qweprm xwbdxa eowrib qjhniv keuqqg bnytva byyiyh hfdjyr qrclmc
6 11 12 9 4 1 16 15 14 10 13 7 2 8 5 3
3 17 1 -1 -1
1 17 -1 -1 -1
5 16 X 3 1
12 15 X 3 5
44 11 X 3 12
43 11 X 3 5
116 8 X 44 43
153 6 X 116 3
7 15 X 1 3
49 11 X 7 1
100 9 X 44 49
9 15 X 1 5
22 13 X 7 9
52 11 X 22 1
99 9 X 43 52
130 8 X 100 99
117 8 X 49 52
148 7 X 130 117
87 9 X 3 49
2 17 0 -1 -1
6 16 X 3 2
13 15 X 3 6
20 13 X 3 13
50 11 X 20 3
74 10 X 50 3
112 9 X 74 52
120 8 X 87 112
137 7 X 120 117
163 6 X 148 137
176 5 X 153 163
88 9 X 3 52
119 8 X 87 88
136 7 X 119 117
171 5 X 3 136
186 4 X 176 171
11 15 X 3 1
19 14 X 12 11
47 11 X 3 19
73 10 X 47 44
15 14 X 5 1
46 11 X 3 15
72 10 X 46 43
118 8 X 73 72
111 9 X 74 3
115 8 X 3 111
135 7 X 115 3
154 6 X 118 135
110 9 X 73 49
109 9 X 72 52
134 8 X 110 109
150 7 X 134 117
168 6 X 150 137
177 5 X 154 168
187 4 X 177 171
193 3 X 186 187
162 6 X 148 136
10 15 X 1 6
17 14 X 10 7
36 12 X 17 10
4 16 X 1 2
8 15 X 1 4
62 11 X 36 8
91 9 X 3 62
14 14 X 3 13
29 12 X 3 14
57 11 X 29 14
69 10 X 13 57
18 14 X 10 9
27 13 X 17 18
41 12 X 27 10
66 11 X 41 8
104 9 X 69 66
123 8 X 91 104
140 7 X 123 117
164 6 X 148 140
181 5 X 162 164
26 13 X 17 10
37 12 X 17 26
16 14 X 8 1
25 13 X 16 8
63 11 X 37 25
92 9 X 3 63
97 9 X 29 66
124 8 X 92 97
35 12 X 17 7
40 12 X 25 1
61 11 X 35 40
82 10 X 61 49
102 9 X 49 82
132 8 X 102 52
142 7 X 124 132
157 6 X 136 142
172 5 X 136 157
189 4 X 181 172
23 13 X 7 17
53 11 X 23 8
89 9 X 3 53
51 11 X 20 13
45 11 X 3 14
76 10 X 51 45
24 13 X 7 18
55 11 X 24 8
114 9 X 76 55
121 8 X 89 114
33 12 X 8 1
60 11 X 35 33
81 10 X 60 49
101 9 X 49 81
131 8 X 101 52
138 7 X 121 131
169 6 X 150 138
170 6 X 150 140
183 5 X 169 170
54 11 X 23 25
90 9 X 3 54
21 13 X 3 14
30 12 X 3 21
48 11 X 3 30
71 10 X 30 48
56 11 X 24 25
107 9 X 71 56
122 8 X 90 107
139 7 X 122 132
155 6 X 136 139
141 7 X 124 117
156 6 X 136 141
178 5 X 155 156
191 4 X 183 178
195 3 X 189 191
197 2 X 193 195
151 6 X 43 3
98 9 X 43 49
129 8 X 98 99
147 7 X 129 117
160 6 X 147 136
174 5 X 151 160
184 4 X 174 171
152 6 X 72 3
108 9 X 72 49
133 8 X 108 109
149 7 X 133 117
165 6 X 149 136
175 5 X 152 165
185 4 X 175 171
192 3 X 184 185
31 12 X 7 17
28 12 X 1 16
58 11 X 31 28
83 10 X 62 58
95 9 X 3 83
68 10 X 13 3
39 12 X 22 27
65 11 X 39 28
85 10 X 66 65
103 9 X 68 85
127 8 X 95 103
145 7 X 127 131
161 6 X 147 145
180 5 X 160 161
84 10 X 63 58
96 9 X 3 84
70 10 X 30 3
42 12 X 27 26
34 12 X 8 25
67 11 X 42 34
86 10 X 67 65
106 9 X 70 86
128 8 X 96 106
146 7 X 128 132
159 6 X 136 146
173 5 X 136 159
188 4 X 180 173
32 12 X 7 23
59 11 X 32 28
77 10 X 53 59
93 9 X 3 77
75 10 X 51 3
38 12 X 22 24
64 11 X 38 28
79 10 X 55 64
113 9 X 75 79
125 8 X 93 113
143 7 X 125 131
166 6 X 149 143
167 6 X 149 145
182 5 X 166 167
78 10 X 54 59
94 9 X 3 78
80 10 X 56 64
105 9 X 70 80
126 8 X 94 105
144 7 X 126 132
158 6 X 136 144
179 5 X 158 159
190 4 X 182 179
194 3 X 188 190
196 2 X 192 194
198 1 X 197 196
