616
gkxxns nihvlk pehgal ujnwdx gexntk zvdwxs zfhgbd mrhgpr wpygug wpuwow vvpteh xhbcdi rwvndc abvqtv kdxkyk tjczbr mpisog azldxb wpspfe guhqtc
5 10 9 2 8 1 6 12 7 14 11 15 19 16 13 18 4 3 17 20
4 21 2 -1 -1
3 21 1 -1 -1
100 16 X 4 3
1 21 -1 -1 -1
5 20 X 1 4
276 12 X 1 5
347 11 X 1 276
403 10 X 1 347
534 7 X 100 403
8 20 X 3 4
16 19 X 4 8
129 16 X 16 3
245 13 X 100 129
316 12 X 245 100
6 20 X 3 1
10 19 X 1 6
228 13 X 1 10
292 12 X 228 1
293 12 X 228 5
371 11 X 292 293
415 10 X 292 371
537 7 X 316 415
565 6 X 534 537
35 18 X 16 4
136 16 X 35 3
185 15 X 136 129
249 13 X 100 185
324 12 X 249 100
428 10 X 316 324
492 9 X 428 316
168 15 X 100 129
247 13 X 100 168
322 12 X 247 100
427 10 X 316 322
531 8 X 492 427
29 18 X 10 1
133 16 X 29 10
182 15 X 133 10
232 13 X 1 182
302 12 X 232 1
303 12 X 232 5
391 11 X 302 303
421 10 X 292 391
484 9 X 421 415
81 16 X 1 10
145 15 X 81 10
230 13 X 1 145
299 12 X 230 1
300 12 X 230 5
386 11 X 299 300
418 10 X 292 386
526 8 X 484 418
560 7 X 531 526
578 6 X 534 560
503 8 X 421 418
559 7 X 531 503
577 6 X 534 559
596 5 X 578 577
603 4 X 565 596
50 17 X 4 16
140 16 X 50 3
246 13 X 100 140
321 12 X 246 100
495 8 X 100 321
2 21 0 -1 -1
23 18 X 2 5
52 17 X 5 23
120 16 X 5 52
142 15 X 5 120
277 12 X 1 142
348 11 X 1 277
404 10 X 1 348
37 17 X 1 10
229 13 X 1 37
296 12 X 229 1
297 12 X 229 142
381 11 X 296 297
423 10 X 296 381
497 8 X 404 423
539 7 X 495 497
567 6 X 534 539
21 18 X 2 1
40 17 X 1 21
85 16 X 1 40
345 11 X 1 85
431 10 X 345 348
24 18 X 2 10
41 17 X 1 24
137 16 X 37 41
236 13 X 85 137
307 12 X 236 85
383 11 X 296 307
449 10 X 383 381
504 8 X 431 449
540 7 X 495 504
568 6 X 534 540
590 5 X 567 568
169 15 X 100 140
248 13 X 100 169
323 12 X 248 100
430 10 X 321 323
496 8 X 100 430
9 19 X 1 2
27 18 X 9 1
72 17 X 27 21
96 16 X 1 72
234 13 X 85 96
17 19 X 5 2
36 18 X 17 5
79 17 X 36 23
125 16 X 5 79
305 12 X 234 125
353 11 X 1 305
407 10 X 1 353
82 16 X 1 37
146 15 X 82 37
231 13 X 1 146
301 12 X 231 1
73 17 X 27 24
97 16 X 1 73
139 16 X 37 73
156 15 X 97 139
242 13 X 96 156
313 12 X 242 125
389 11 X 301 313
425 10 X 296 389
500 8 X 407 425
542 7 X 496 500
570 6 X 534 542
304 12 X 234 96
352 11 X 1 304
434 10 X 352 353
241 13 X 96 139
312 12 X 241 96
384 11 X 296 312
450 10 X 384 389
507 8 X 434 450
543 7 X 496 507
571 6 X 534 543
592 5 X 570 571
604 4 X 590 592
610 3 X 603 604
15 19 X 3 2
58 17 X 15 2
107 16 X 4 58
45 17 X 3 2
102 16 X 4 45
171 15 X 107 102
12 19 X 2 3
60 17 X 15 12
109 16 X 4 60
46 17 X 3 12
103 16 X 4 46
173 15 X 109 103
255 13 X 171 173
286 12 X 100 255
359 11 X 100 286
440 10 X 359 100
467 9 X 100 440
516 8 X 467 100
554 7 X 516 403
22 18 X 2 3
62 17 X 15 22
111 16 X 4 62
31 18 X 12 3
63 17 X 15 31
112 16 X 4 63
250 13 X 111 112
319 12 X 245 250
394 11 X 316 319
453 10 X 394 316
468 9 X 316 453
517 8 X 468 316
14 19 X 2 6
33 18 X 14 10
57 17 X 10 33
127 16 X 10 57
235 13 X 85 127
11 19 X 2 1
30 18 X 11 1
44 17 X 1 30
89 16 X 1 44
233 13 X 85 89
306 12 X 235 233
374 11 X 292 306
13 19 X 2 5
32 18 X 13 5
53 17 X 5 32
121 16 X 5 53
143 15 X 5 121
294 12 X 228 143
372 11 X 292 294
444 10 X 374 372
478 9 X 415 444
555 7 X 517 478
589 6 X 554 555
538 7 X 316 478
566 6 X 534 538
602 5 X 589 566
281 12 X 100 173
357 11 X 100 281
438 10 X 357 100
465 9 X 100 438
159 15 X 100 103
163 15 X 100 109
216 14 X 159 163
283 12 X 100 216
358 11 X 100 283
439 10 X 358 100
466 9 X 100 439
515 8 X 465 466
38 17 X 1 11
83 16 X 1 38
188 14 X 1 83
71 17 X 27 1
95 16 X 1 71
155 15 X 95 1
74 17 X 27 30
98 16 X 1 74
157 15 X 98 89
214 14 X 155 157
259 13 X 188 214
55 17 X 9 1
90 16 X 1 55
150 15 X 90 1
56 17 X 9 11
91 16 X 1 56
151 15 X 91 83
209 14 X 150 151
330 12 X 259 209
354 11 X 1 330
19 18 X 1 9
67 17 X 19 1
93 16 X 1 67
153 15 X 93 1
20 18 X 1 11
68 17 X 19 20
94 16 X 1 68
39 17 X 1 20
84 16 X 1 39
154 15 X 94 84
212 14 X 153 154
258 13 X 188 212
271 13 X 209 212
329 12 X 258 271
65 17 X 17 5
123 16 X 5 65
179 15 X 123 5
66 17 X 17 13
124 16 X 5 66
51 17 X 5 13
119 16 X 5 51
180 15 X 124 119
226 14 X 179 180
331 12 X 259 226
402 11 X 329 331
435 10 X 354 402
471 9 X 403 435
208 14 X 150 91
213 14 X 155 98
270 13 X 208 213
341 12 X 270 208
355 11 X 1 341
211 14 X 153 94
269 13 X 208 211
225 14 X 179 124
342 12 X 270 225
365 11 X 269 342
436 10 X 355 365
472 9 X 403 436
520 8 X 471 472
553 7 X 515 520
28 18 X 9 10
75 17 X 28 33
128 16 X 10 75
239 13 X 89 128
80 17 X 36 32
126 16 X 5 80
310 12 X 239 126
377 11 X 292 310
416 10 X 292 377
485 9 X 421 416
99 16 X 1 75
158 15 X 99 128
244 13 X 98 158
315 12 X 244 126
387 11 X 299 315
419 10 X 292 387
481 9 X 418 419
527 8 X 485 481
561 7 X 531 527
588 6 X 553 561
401 11 X 329 330
459 10 X 401 402
474 9 X 403 459
364 11 X 269 341
443 10 X 364 365
473 9 X 403 443
521 8 X 474 473
536 7 X 100 521
309 12 X 239 98
376 11 X 292 309
135 16 X 29 75
184 15 X 135 128
240 13 X 89 184
311 12 X 240 126
392 11 X 302 311
446 10 X 376 392
488 9 X 421 446
243 13 X 98 128
314 12 X 243 98
378 11 X 292 314
447 10 X 378 387
483 9 X 418 447
530 8 X 488 483
562 7 X 531 530
581 6 X 536 562
601 5 X 588 581
609 4 X 602 601
475 9 X 404 431
489 9 X 423 449
522 8 X 475 489
541 7 X 495 522
569 6 X 534 541
591 5 X 569 568
535 7 X 100 520
579 6 X 535 542
580 6 X 536 543
597 5 X 579 580
605 4 X 591 597
613 3 X 609 605
614 2 X 610 613
26 18 X 3 15
69 17 X 26 3
114 16 X 4 69
167 15 X 100 114
280 12 X 100 167
164 15 X 100 111
34 18 X 15 3
64 17 X 15 34
113 16 X 4 64
166 15 X 100 113
219 14 X 164 166
285 12 X 100 219
368 11 X 280 285
412 10 X 100 368
502 8 X 412 321
54 17 X 5 36
122 16 X 5 54
144 15 X 5 122
205 14 X 142 144
278 12 X 1 205
349 11 X 1 278
405 10 X 1 349
298 12 X 229 205
382 11 X 296 298
424 10 X 296 382
498 8 X 405 424
545 7 X 502 498
573 6 X 534 545
101 16 X 4 34
251 13 X 113 101
325 12 X 251 113
362 11 X 114 325
442 10 X 362 368
509 8 X 442 321
42 17 X 1 27
87 16 X 1 42
346 11 X 1 87
432 10 X 346 349
148 15 X 87 1
190 14 X 87 148
43 17 X 1 28
138 16 X 37 43
186 15 X 138 37
203 14 X 138 186
262 13 X 190 203
334 12 X 262 87
385 11 X 296 334
451 10 X 385 382
505 8 X 432 451
547 7 X 509 505
575 6 X 534 547
594 5 X 573 575
77 17 X 34 22
117 16 X 4 77
170 15 X 101 100
195 14 X 117 170
194 14 X 117 101
291 12 X 195 194
361 11 X 100 291
408 10 X 100 361
501 8 X 408 430
189 14 X 85 148
198 14 X 120 122
288 12 X 189 198
350 11 X 1 288
406 10 X 1 350
86 16 X 1 41
147 15 X 86 137
88 16 X 1 43
149 15 X 88 37
207 14 X 147 149
260 13 X 189 207
332 12 X 260 198
390 11 X 301 332
426 10 X 296 390
499 8 X 406 426
544 7 X 501 499
572 6 X 534 544
192 14 X 101 170
290 12 X 192 101
360 11 X 100 290
441 10 X 360 361
141 16 X 50 34
187 15 X 141 140
204 14 X 141 187
266 13 X 192 204
76 17 X 34 3
116 16 X 4 76
338 12 X 266 116
399 11 X 321 338
457 10 X 399 323
508 8 X 441 457
289 12 X 190 87
351 11 X 1 289
433 10 X 351 350
452 10 X 385 390
506 8 X 433 452
546 7 X 508 506
574 6 X 534 546
593 5 X 572 574
606 4 X 594 593
611 3 X 603 606
215 14 X 159 100
25 18 X 3 12
48 17 X 3 25
105 16 X 4 48
161 15 X 100 105
218 14 X 161 100
272 13 X 215 218
287 12 X 100 272
282 12 X 100 215
369 11 X 287 282
413 10 X 100 369
463 9 X 100 413
513 8 X 463 100
551 7 X 513 403
59 17 X 15 3
108 16 X 4 59
252 13 X 113 108
320 12 X 245 252
395 11 X 316 320
317 12 X 245 167
165 15 X 100 112
162 15 X 100 108
220 14 X 165 162
318 12 X 245 220
398 11 X 317 318
454 10 X 395 398
469 9 X 316 454
518 8 X 469 316
238 13 X 87 10
237 13 X 87 1
308 12 X 238 237
375 11 X 292 308
206 14 X 143 5
295 12 X 228 206
373 11 X 292 295
445 10 X 375 373
479 9 X 415 445
261 13 X 190 10
333 12 X 261 237
379 11 X 292 333
448 10 X 379 373
480 9 X 415 448
525 8 X 479 480
556 7 X 518 525
586 6 X 551 556
7 20 X 3 2
18 19 X 7 3
47 17 X 3 18
104 16 X 4 47
160 15 X 100 104
217 14 X 160 100
284 12 X 100 217
370 11 X 287 284
414 10 X 100 370
464 9 X 100 414
514 8 X 464 100
552 7 X 514 403
130 16 X 16 69
254 13 X 114 130
327 12 X 254 114
131 16 X 16 76
253 13 X 113 131
326 12 X 253 252
400 11 X 327 326
458 10 X 400 398
470 9 X 316 458
519 8 X 470 316
557 7 X 519 525
587 6 X 552 557
600 5 X 586 587
172 15 X 108 100
221 14 X 173 172
70 17 X 26 25
115 16 X 4 70
176 15 X 115 105
175 15 X 114 100
223 14 X 176 175
273 13 X 221 223
78 17 X 34 31
118 16 X 4 78
49 17 X 3 31
106 16 X 4 49
178 15 X 118 106
177 15 X 116 100
224 14 X 178 177
274 13 X 221 224
343 12 X 274 221
366 11 X 273 343
410 10 X 100 366
461 9 X 100 410
511 8 X 461 100
549 7 X 511 403
197 14 X 118 177
132 16 X 16 78
181 15 X 131 129
202 14 X 132 181
268 13 X 197 202
196 14 X 118 116
340 12 X 268 196
397 11 X 316 340
429 10 X 316 397
493 9 X 428 429
532 8 X 493 427
191 14 X 89 1
200 14 X 127 10
263 13 X 191 200
199 14 X 121 5
335 12 X 263 199
380 11 X 292 335
417 10 X 292 380
486 9 X 421 417
92 16 X 1 57
152 15 X 92 127
210 14 X 152 145
264 13 X 191 210
336 12 X 264 199
388 11 X 299 336
420 10 X 292 388
482 9 X 418 420
528 8 X 486 482
563 7 X 532 528
584 6 X 549 563
61 17 X 15 18
110 16 X 4 61
174 15 X 110 104
222 14 X 174 172
275 13 X 222 224
344 12 X 275 222
367 11 X 273 344
411 10 X 100 367
462 9 X 100 411
512 8 X 462 100
550 7 X 512 403
193 14 X 116 177
201 14 X 131 181
267 13 X 193 201
339 12 X 267 116
396 11 X 316 339
456 10 X 396 397
494 9 X 428 456
455 10 X 396 322
491 9 X 427 455
533 8 X 494 491
134 16 X 29 57
183 15 X 134 127
227 14 X 183 182
265 13 X 191 227
337 12 X 265 199
393 11 X 302 337
422 10 X 292 393
487 9 X 421 422
529 8 X 487 482
564 7 X 533 529
585 6 X 550 564
599 5 X 584 585
608 4 X 600 599
279 12 X 100 113
356 11 X 100 279
437 10 X 356 368
477 9 X 412 437
524 8 X 477 321
476 9 X 405 432
490 9 X 424 451
523 8 X 476 490
558 7 X 524 523
576 6 X 534 558
595 5 X 576 575
256 13 X 172 175
257 13 X 172 177
328 12 X 257 172
363 11 X 256 328
409 10 X 100 363
460 9 X 100 409
510 8 X 460 100
548 7 X 510 403
582 6 X 548 544
583 6 X 548 546
598 5 X 582 583
607 4 X 595 598
612 3 X 608 607
615 2 X 611 612
616 1 X 614 615
