272
cficos tqdkfg cchejr vusjzn lzudqz omzjlj bavuqi zkftmc ixwozd kghwjd wldtqq qmojwm uujcyp ovwuew jksiuz laonvw
8 2 4 6 13 7 12 11 15 5 1 14 10 16 3 9
3 17 1 -1 -1
1 17 -1 -1 -1
18 14 X 3 1
238 6 X 18 3
2 17 0 -1 -1
4 16 X 1 2
10 15 X 4 1
23 14 X 3 10
51 13 X 18 23
124 10 X 18 51
19 14 X 3 4
50 13 X 18 19
85 12 X 50 51
145 10 X 85 51
188 9 X 124 145
213 8 X 188 18
52 13 X 19 18
86 12 X 52 18
55 13 X 23 18
87 12 X 52 55
114 11 X 86 87
162 10 X 114 18
203 8 X 162 18
232 7 X 213 203
5 16 X 2 3
26 14 X 5 3
44 13 X 3 26
6 16 X 3 2
12 15 X 6 3
25 14 X 3 12
43 13 X 3 25
129 10 X 44 43
16 14 X 2 6
38 13 X 3 16
17 14 X 2 12
39 13 X 3 17
78 12 X 38 39
139 10 X 78 43
191 9 X 129 139
11 15 X 5 3
31 14 X 11 3
48 13 X 3 31
132 10 X 48 3
216 8 X 191 132
69 12 X 16 3
70 12 X 16 25
106 11 X 69 70
21 14 X 3 6
72 12 X 21 3
108 11 X 72 21
156 10 X 106 108
155 10 X 106 3
195 9 X 156 155
74 12 X 31 3
109 11 X 74 3
158 10 X 109 3
220 8 X 195 158
235 7 X 216 220
250 6 X 232 235
255 5 X 238 250
7 15 X 2 3
29 14 X 7 12
47 13 X 3 29
27 14 X 7 3
45 13 X 3 27
82 12 X 47 45
36 13 X 3 12
142 10 X 82 36
168 9 X 3 142
75 12 X 36 3
76 12 X 36 43
110 11 X 75 76
143 10 X 82 110
169 9 X 3 143
221 7 X 168 169
120 10 X 3 43
28 14 X 7 6
46 13 X 3 28
80 12 X 46 45
32 14 X 12 6
49 13 X 3 32
141 10 X 80 49
187 9 X 120 141
167 9 X 3 132
212 8 X 187 167
135 10 X 72 108
53 13 X 21 28
88 12 X 53 3
54 13 X 21 32
89 12 X 54 3
90 12 X 54 21
115 11 X 89 90
146 10 X 88 115
192 9 X 135 146
83 12 X 48 3
113 11 X 83 3
161 10 X 113 3
179 9 X 3 161
217 8 X 192 179
231 7 X 212 217
128 10 X 44 36
15 14 X 2 3
37 13 X 3 15
77 12 X 38 37
35 13 X 3 6
138 10 X 77 35
190 9 X 128 138
215 8 X 190 132
67 12 X 6 3
68 12 X 6 21
105 11 X 67 68
134 10 X 69 105
201 8 X 134 158
234 7 X 215 201
249 6 X 231 234
253 5 X 221 249
265 4 X 255 253
112 11 X 82 3
97 11 X 47 3
159 10 X 112 97
177 9 X 3 159
81 12 X 47 3
111 11 X 81 3
160 10 X 112 111
178 9 X 3 160
222 7 X 177 178
243 6 X 222 3
64 12 X 3 45
102 11 X 64 3
65 12 X 3 47
103 11 X 65 3
154 10 X 102 103
176 9 X 3 154
66 12 X 3 48
104 11 X 66 3
165 9 X 3 104
207 8 X 176 165
228 7 X 207 3
246 6 X 228 3
257 5 X 243 246
259 4 X 238 257
269 3 X 265 259
237 6 X 1 3
14 14 X 1 10
34 13 X 1 14
117 10 X 1 34
13 14 X 1 4
33 13 X 1 13
126 10 X 33 34
184 9 X 117 126
210 8 X 184 1
121 10 X 13 1
180 9 X 13 121
208 8 X 180 1
229 7 X 210 208
84 12 X 48 44
144 10 X 84 43
79 12 X 46 38
140 10 X 79 43
194 9 X 144 140
219 8 X 194 132
73 12 X 28 16
137 10 X 73 21
136 10 X 73 3
193 9 X 137 136
96 11 X 31 3
152 10 X 96 3
218 8 X 193 152
236 7 X 219 218
247 6 X 229 236
254 5 X 237 247
131 10 X 47 36
166 9 X 3 131
130 10 X 46 49
186 9 X 120 130
211 8 X 186 167
133 10 X 53 54
181 9 X 21 133
98 11 X 48 3
153 10 X 98 3
175 9 X 3 153
209 8 X 181 175
230 7 X 211 209
127 10 X 38 35
189 9 X 128 127
214 8 X 189 132
122 10 X 16 6
200 8 X 122 152
233 7 X 214 200
248 6 X 230 233
251 5 X 166 248
264 4 X 254 251
163 9 X 3 97
241 6 X 163 3
164 9 X 3 103
204 8 X 164 165
242 6 X 204 3
256 5 X 241 242
258 4 X 237 256
268 3 X 264 258
271 2 X 269 268
123 10 X 18 3
240 6 X 123 3
261 4 X 240 3
71 12 X 18 1
107 11 X 71 18
56 12 X 3 1
99 11 X 56 3
157 10 X 107 99
57 12 X 3 18
100 11 X 57 3
125 10 X 18 100
196 9 X 157 125
202 8 X 157 196
226 7 X 202 123
182 9 X 99 100
197 8 X 99 182
223 7 X 197 3
245 6 X 226 223
8 15 X 3 1
30 14 X 8 1
60 12 X 3 30
101 11 X 60 3
183 9 X 99 101
198 8 X 99 183
224 7 X 198 3
263 4 X 245 224
267 3 X 261 263
116 10 X 1 3
239 6 X 116 3
24 14 X 3 11
42 13 X 3 24
63 12 X 3 42
95 11 X 3 63
151 10 X 95 3
174 9 X 3 151
20 14 X 3 5
40 13 X 3 20
61 12 X 3 40
93 11 X 3 61
149 10 X 93 3
172 9 X 3 149
9 15 X 3 5
22 14 X 3 9
41 13 X 3 22
62 12 X 3 41
94 11 X 3 62
150 10 X 94 3
173 9 X 3 150
206 8 X 172 173
58 12 X 3 20
91 11 X 3 58
147 10 X 91 3
170 9 X 3 147
59 12 X 3 22
92 11 X 3 59
148 10 X 92 3
171 9 X 3 148
205 8 X 170 171
227 7 X 206 205
252 5 X 174 227
260 4 X 239 252
118 10 X 1 99
119 10 X 1 100
185 9 X 118 119
199 8 X 118 185
225 7 X 199 116
244 6 X 225 223
262 4 X 244 224
266 3 X 260 262
270 2 X 267 266
272 1 X 271 270
