167
rjftal jiillm zhxcgf amyjxt ghcykz oktglk pkpsty rlulzy hyebyd vbhtll iszqbf lwseve oigqzq epwdpi snfapt eucblc
3 7 4 2 9 11 14 10 15 12 5 6 13 16 8 1
3 17 1 -1 -1
2 17 0 -1 -1
5 16 X 3 2
8 15 X 3 5
13 14 X 3 8
21 13 X 3 13
41 11 X 3 21
73 9 X 3 41
19 13 X 3 8
38 12 X 21 19
48 11 X 3 38
74 9 X 3 48
67 10 X 48 41
83 9 X 3 67
113 8 X 74 83
123 7 X 73 113
135 6 X 3 123
30 12 X 3 21
42 11 X 3 30
62 10 X 42 41
81 9 X 3 62
106 8 X 3 81
140 6 X 106 3
149 5 X 135 140
29 12 X 3 19
53 11 X 30 21
59 10 X 29 53
79 9 X 3 59
104 8 X 3 79
126 7 X 106 104
52 11 X 29 38
75 9 X 3 52
71 10 X 52 53
84 9 X 3 71
114 8 X 75 84
124 7 X 73 114
144 6 X 126 124
60 10 X 30 53
80 9 X 3 60
105 8 X 3 80
127 7 X 106 105
145 6 X 127 3
155 5 X 144 145
159 4 X 149 155
35 12 X 21 3
45 11 X 3 35
65 10 X 45 3
82 9 X 3 65
7 15 X 2 3
15 14 X 7 3
24 13 X 15 3
31 12 X 3 24
43 11 X 3 31
86 9 X 43 41
10 15 X 5 3
18 14 X 10 3
27 13 X 18 3
32 12 X 3 27
44 11 X 3 32
64 10 X 44 3
94 9 X 64 41
118 8 X 86 94
36 12 X 21 8
46 11 X 3 36
87 9 X 43 46
37 12 X 21 13
47 11 X 3 37
66 10 X 46 47
96 9 X 64 66
119 8 X 87 96
131 7 X 118 119
138 6 X 82 131
115 8 X 82 94
95 9 X 64 47
116 8 X 82 95
129 7 X 115 116
56 10 X 3 43
55 10 X 3 41
89 9 X 56 55
76 9 X 3 55
121 8 X 89 76
57 10 X 3 47
90 9 X 56 57
77 9 X 3 57
122 8 X 90 77
133 7 X 121 122
147 6 X 129 133
152 5 X 138 147
51 11 X 29 36
54 11 X 30 37
70 10 X 51 54
97 9 X 64 70
117 8 X 82 97
130 7 X 115 117
88 9 X 43 51
120 8 X 88 97
132 7 X 118 120
148 6 X 130 132
63 10 X 43 3
92 9 X 63 41
108 8 X 3 92
93 9 X 63 54
109 8 X 3 93
128 7 X 108 109
102 8 X 3 76
58 10 X 3 54
78 9 X 3 58
103 8 X 3 78
125 7 X 102 103
146 6 X 128 125
156 5 X 148 146
160 4 X 152 156
164 3 X 159 160
165 2 X 3 164
1 17 -1 -1 -1
12 14 X 3 1
20 13 X 3 12
40 11 X 3 20
72 9 X 3 40
134 6 X 3 72
11 14 X 1 3
136 6 X 11 1
22 13 X 11 1
85 9 X 11 22
137 6 X 11 85
151 5 X 136 137
158 4 X 134 151
150 5 X 136 11
157 4 X 3 150
162 3 X 158 157
101 8 X 3 11
4 16 X 1 2
9 15 X 4 1
16 14 X 9 1
25 13 X 16 1
28 12 X 1 25
39 11 X 1 28
61 10 X 39 1
91 9 X 61 1
107 8 X 3 91
139 6 X 101 107
17 14 X 9 3
26 13 X 17 11
34 12 X 11 26
50 11 X 11 34
69 10 X 50 11
99 9 X 69 11
110 8 X 3 99
141 6 X 110 101
153 5 X 139 141
112 8 X 11 99
100 8 X 1 91
143 6 X 112 100
6 15 X 2 1
14 14 X 6 3
23 13 X 14 11
33 12 X 11 23
49 11 X 11 33
68 10 X 49 11
98 9 X 68 11
111 8 X 11 98
142 6 X 111 11
154 5 X 143 142
161 4 X 153 154
163 3 X 158 161
166 2 X 162 163
167 1 X 165 166
