307
yumlnu crxrrg fjmzrs eukqte ttnffe jbxfve phgusm uzlhcm awxpia ikcrfe lcfysb fpjeva meuybg fkcyoo gbnnrl wmjrrf qdwwjc xbpaft yxjies dpunay
4 11 5 7 18 8 10 3 2 6 19 16 12 20 14 15 9 1 17 13
3 21 1 -1 -1
1 21 -1 -1 -1
4 20 X 3 1
8 19 X 4 3
84 13 X 3 8
160 11 X 3 84
158 11 X 3 8
262 7 X 160 158
83 13 X 3 4
159 11 X 3 83
210 10 X 159 160
157 11 X 3 4
209 10 X 157 158
263 7 X 210 209
2 21 0 -1 -1
5 20 X 3 2
9 19 X 5 3
13 18 X 9 2
25 17 X 13 5
42 16 X 3 25
59 15 X 3 42
90 13 X 59 4
138 12 X 90 83
165 11 X 3 138
91 13 X 59 8
139 12 X 91 84
166 11 X 3 139
217 10 X 165 166
244 9 X 217 210
268 7 X 244 209
285 6 X 263 268
89 13 X 59 3
135 12 X 89 3
194 11 X 135 138
195 11 X 135 139
225 10 X 194 195
250 9 X 225 210
270 7 X 250 209
287 6 X 263 270
293 5 X 285 287
300 4 X 262 293
14 18 X 9 3
11 18 X 5 3
27 17 X 14 11
44 16 X 3 27
61 15 X 3 44
32 16 X 3 11
49 15 X 3 32
65 14 X 3 49
104 13 X 61 65
146 12 X 104 3
170 11 X 3 146
73 14 X 3 61
114 13 X 73 65
151 12 X 114 3
175 11 X 3 151
232 9 X 170 175
10 18 X 5 2
20 17 X 10 5
37 16 X 3 20
54 15 X 3 37
68 14 X 3 54
94 13 X 59 68
140 12 X 94 3
167 11 X 3 140
15 18 X 9 5
28 17 X 15 5
45 16 X 3 28
62 15 X 3 45
74 14 X 3 62
30 16 X 3 5
47 15 X 3 30
64 14 X 3 47
115 13 X 74 64
153 12 X 115 3
177 11 X 3 153
71 14 X 3 59
112 13 X 71 68
147 12 X 112 3
171 11 X 3 147
218 10 X 177 171
231 9 X 167 218
255 8 X 232 231
252 8 X 175 177
272 7 X 255 252
280 6 X 3 272
102 13 X 61 3
103 13 X 61 49
145 12 X 102 103
144 12 X 102 3
199 11 X 145 144
22 17 X 11 3
39 16 X 3 22
56 15 X 3 39
81 14 X 56 49
105 13 X 61 81
124 12 X 3 105
186 11 X 124 3
237 9 X 199 186
92 13 X 59 54
136 12 X 89 92
196 11 X 136 135
7 19 X 3 5
6 19 X 3 2
12 18 X 7 6
24 17 X 12 7
41 16 X 3 24
58 15 X 3 41
93 13 X 59 58
137 12 X 89 93
197 11 X 137 135
226 10 X 196 197
16 17 X 5 3
33 16 X 3 16
50 15 X 3 33
76 14 X 50 47
108 13 X 62 76
127 12 X 3 108
189 11 X 127 3
23 17 X 12 3
40 16 X 3 23
57 15 X 3 40
82 14 X 57 58
96 13 X 59 82
120 12 X 3 96
182 11 X 120 3
222 10 X 189 182
251 9 X 226 222
261 8 X 237 251
123 12 X 3 103
185 11 X 123 3
236 9 X 185 186
106 13 X 62 47
125 12 X 3 106
187 11 X 125 3
31 16 X 3 7
48 15 X 3 31
107 13 X 62 48
126 12 X 3 107
188 11 X 126 3
221 10 X 187 188
18 17 X 7 3
35 16 X 3 18
52 15 X 3 35
78 14 X 52 48
109 13 X 62 78
128 12 X 3 109
190 11 X 128 3
223 10 X 189 190
248 9 X 221 223
260 8 X 236 248
275 7 X 261 260
283 6 X 3 275
290 5 X 280 283
296 4 X 3 290
304 3 X 300 296
298 4 X 262 263
152 12 X 114 105
176 11 X 3 152
233 9 X 175 176
154 12 X 115 108
178 11 X 3 154
19 17 X 10 3
36 16 X 3 19
53 15 X 3 36
79 14 X 53 54
95 13 X 59 79
148 12 X 112 95
172 11 X 3 148
219 10 X 178 172
245 9 X 218 219
257 8 X 233 245
234 9 X 177 178
256 8 X 233 234
273 7 X 257 256
281 6 X 3 273
235 9 X 185 124
118 12 X 3 93
181 11 X 118 3
220 10 X 187 181
119 12 X 3 95
183 11 X 120 119
206 10 X 127 183
246 9 X 220 206
258 8 X 235 246
191 11 X 128 127
207 10 X 127 191
247 9 X 221 207
259 8 X 235 247
274 7 X 258 259
282 6 X 3 274
291 5 X 281 282
297 4 X 3 291
302 3 X 298 297
306 2 X 304 302
87 13 X 57 4
133 12 X 87 83
163 11 X 3 133
26 17 X 13 9
43 16 X 3 26
60 15 X 3 43
98 13 X 60 8
142 12 X 98 84
168 11 X 3 142
215 10 X 163 168
242 9 X 215 210
266 7 X 242 209
284 6 X 263 266
86 13 X 57 3
132 12 X 86 3
193 11 X 132 133
97 13 X 60 3
141 12 X 97 3
198 11 X 141 142
224 10 X 193 198
249 9 X 224 210
269 7 X 249 209
286 6 X 263 269
292 5 X 284 286
299 4 X 262 292
70 14 X 3 57
88 13 X 57 70
134 12 X 88 3
164 11 X 3 134
21 17 X 10 9
38 16 X 3 21
55 15 X 3 38
69 14 X 3 55
100 13 X 60 69
143 12 X 100 3
169 11 X 3 143
216 10 X 164 169
72 14 X 3 60
113 13 X 72 69
149 12 X 113 3
173 11 X 3 149
200 10 X 3 173
243 9 X 216 200
67 14 X 3 52
131 12 X 67 3
162 11 X 3 131
29 17 X 15 9
46 16 X 3 29
63 15 X 3 46
75 14 X 3 63
17 17 X 5 9
34 16 X 3 17
51 15 X 3 34
66 14 X 3 51
116 13 X 75 66
155 12 X 116 3
179 11 X 3 155
214 10 X 162 179
201 10 X 3 179
240 9 X 214 201
267 7 X 243 240
278 6 X 3 267
208 10 X 132 141
238 9 X 208 3
264 7 X 238 3
276 6 X 3 264
289 5 X 278 276
295 4 X 3 289
303 3 X 299 295
213 10 X 162 173
77 14 X 50 51
85 13 X 51 77
117 12 X 3 85
161 11 X 3 117
80 14 X 53 55
101 13 X 60 80
150 12 X 113 101
174 11 X 3 150
211 10 X 161 174
239 9 X 213 211
111 13 X 63 77
156 12 X 116 111
180 11 X 3 156
212 10 X 161 180
241 9 X 214 212
265 7 X 239 241
277 6 X 3 265
122 12 X 3 101
202 10 X 117 122
227 9 X 3 202
99 13 X 60 57
121 12 X 3 99
184 11 X 121 122
204 10 X 117 184
229 9 X 3 204
253 8 X 227 229
130 12 X 3 111
203 10 X 117 130
228 9 X 3 203
110 13 X 63 52
129 12 X 3 110
192 11 X 129 130
205 10 X 117 192
230 9 X 3 205
254 8 X 228 230
271 7 X 253 254
279 6 X 3 271
288 5 X 277 279
294 4 X 3 288
301 3 X 298 294
305 2 X 303 301
307 1 X 306 305
