527
vivvkx fnhckq khvaqh tdqama qskrie vtmoud yjuryz kskjhq xzjwtr yhffvz lqvlfv dozois pteeit qspjlo mphvio gucknh pcocqe psfncp
2 7 12 3 1 6 17 15 11 14 10 9 5 13 4 8 16 18
1 19 -1 -1 -1
2 19 0 -1 -1
3 18 X 1 2
7 17 X 3 1
13 16 X 1 7
19 15 X 1 13
41 14 X 1 19
4 17 X 1 2
10 16 X 1 4
28 15 X 10 13
48 14 X 1 28
123 13 X 41 48
9 16 X 1 3
27 15 X 10 9
108 13 X 19 27
207 12 X 123 108
267 11 X 1 207
188 12 X 41 19
261 11 X 1 188
330 10 X 267 261
372 9 X 1 330
434 8 X 372 1
17 15 X 1 9
68 14 X 17 27
241 11 X 1 68
240 11 X 1 19
309 10 X 241 240
365 9 X 1 309
428 8 X 365 1
473 7 X 434 428
8 16 X 1 2
23 15 X 8 9
43 14 X 1 23
125 13 X 43 1
111 13 X 23 1
209 12 X 125 111
47 14 X 1 27
126 13 X 47 1
112 13 X 27 1
210 12 X 126 112
284 11 X 209 210
6 17 X 2 1
12 16 X 1 6
32 15 X 12 13
51 14 X 1 32
129 13 X 51 1
67 14 X 17 23
148 13 X 67 1
211 12 X 129 148
120 13 X 41 1
149 13 X 68 1
203 12 X 120 149
285 11 X 211 203
345 10 X 284 285
382 9 X 1 345
439 8 X 382 1
278 11 X 148 149
72 14 X 19 32
158 13 X 72 1
222 12 X 158 148
106 13 X 19 1
197 12 X 106 149
290 11 X 222 197
343 10 X 278 290
381 9 X 1 343
437 8 X 381 1
474 7 X 439 437
499 6 X 473 474
498 6 X 473 1
511 5 X 499 498
516 4 X 1 511
5 17 X 1 3
11 16 X 1 5
29 15 X 11 1
97 13 X 1 29
70 14 X 19 1
154 13 X 70 29
194 12 X 97 154
262 11 X 1 194
326 10 X 262 1
153 13 X 70 1
184 12 X 1 153
260 11 X 1 184
327 10 X 262 260
407 9 X 326 327
451 8 X 407 1
65 14 X 17 11
49 14 X 1 29
147 13 X 65 49
63 14 X 17 1
144 13 X 63 1
216 12 X 147 144
269 11 X 1 216
256 11 X 1 153
333 10 X 269 256
373 9 X 1 333
435 8 X 373 1
480 7 X 451 435
24 15 X 9 1
79 14 X 24 11
163 13 X 79 1
57 14 X 9 11
134 13 X 57 1
227 12 X 163 134
83 14 X 29 11
165 13 X 83 1
30 15 X 11 9
87 14 X 30 11
170 13 X 87 1
229 12 X 165 170
294 11 X 227 229
351 10 X 294 1
146 13 X 65 1
183 12 X 1 146
352 10 X 294 183
411 9 X 351 352
455 8 X 411 1
215 12 X 146 144
218 12 X 153 144
307 10 X 215 218
364 9 X 1 307
427 8 X 364 1
484 7 X 455 427
500 6 X 480 484
421 8 X 327 1
422 8 X 333 1
472 7 X 421 422
497 6 X 472 1
512 5 X 500 497
124 13 X 41 49
110 13 X 19 49
208 12 X 124 110
268 11 X 1 208
331 10 X 268 1
26 15 X 10 1
121 13 X 41 26
107 13 X 19 26
205 12 X 121 107
265 11 X 1 205
202 12 X 120 106
264 11 X 1 202
328 10 X 265 264
408 9 X 331 328
321 10 X 256 1
82 14 X 29 1
155 13 X 70 82
257 11 X 1 155
323 10 X 257 256
406 9 X 321 323
452 8 X 408 406
46 14 X 1 26
150 13 X 68 46
253 11 X 1 150
242 11 X 1 106
318 10 X 253 242
367 9 X 1 318
86 14 X 30 1
169 13 X 86 82
88 14 X 30 19
172 13 X 88 82
233 12 X 169 172
272 11 X 1 233
217 12 X 153 106
270 11 X 1 217
336 10 X 272 270
376 9 X 1 336
430 8 X 367 376
481 7 X 452 430
38 14 X 1 9
115 13 X 38 1
50 14 X 1 30
127 13 X 50 1
275 11 X 115 127
339 10 X 275 1
22 15 X 8 1
76 14 X 22 23
160 13 X 76 1
224 12 X 160 111
81 14 X 26 27
164 13 X 81 1
228 12 X 164 112
291 11 X 224 228
348 10 X 291 285
410 9 X 339 348
56 14 X 9 1
132 13 X 56 1
168 13 X 86 1
276 11 X 132 168
59 14 X 13 1
136 13 X 59 1
213 12 X 136 132
219 12 X 153 168
287 11 X 213 219
341 10 X 276 287
379 9 X 1 341
454 8 X 410 379
58 14 X 9 13
135 13 X 58 1
212 12 X 132 135
171 13 X 88 1
232 12 X 168 171
286 11 X 212 232
214 12 X 136 135
220 12 X 153 171
288 11 X 214 220
347 10 X 286 288
384 9 X 1 347
438 8 X 381 384
483 7 X 454 438
501 6 X 481 483
332 10 X 268 264
409 9 X 332 328
389 9 X 256 323
453 8 X 409 389
128 13 X 50 49
246 11 X 1 128
245 11 X 1 120
311 10 X 246 245
398 9 X 311 318
258 11 X 1 169
325 10 X 258 256
371 9 X 1 325
449 8 X 398 371
482 7 X 453 449
502 6 X 482 1
513 5 X 501 502
519 4 X 512 513
524 3 X 516 519
14 16 X 3 1
34 15 X 14 1
16 16 X 5 1
92 14 X 34 16
36 15 X 16 1
93 14 X 34 36
174 13 X 92 93
60 14 X 14 16
138 13 X 60 93
235 12 X 174 138
15 16 X 3 7
35 15 X 15 1
95 14 X 35 16
178 13 X 95 93
62 14 X 15 16
143 13 X 62 93
239 12 X 178 143
298 11 X 235 239
356 10 X 298 1
415 9 X 356 260
61 14 X 15 1
90 14 X 34 1
141 13 X 61 90
251 11 X 1 141
316 10 X 251 1
405 9 X 316 1
459 8 X 415 405
252 11 X 1 144
317 10 X 252 256
366 9 X 1 317
429 8 X 366 1
488 7 X 459 429
20 15 X 3 1
74 14 X 20 5
159 13 X 74 1
55 14 X 3 5
131 13 X 55 1
223 12 X 159 131
308 10 X 223 1
396 9 X 308 352
54 14 X 3 1
130 13 X 54 1
303 10 X 130 1
393 9 X 303 1
446 8 X 396 393
304 10 X 144 218
363 9 X 1 304
426 8 X 363 1
479 7 X 446 426
506 6 X 488 479
21 15 X 5 1
75 14 X 20 21
177 13 X 95 75
142 13 X 62 75
238 12 X 177 142
297 11 X 235 238
355 10 X 297 260
414 9 X 355 327
73 14 X 20 1
140 13 X 61 73
250 11 X 1 140
315 10 X 250 1
404 9 X 315 1
458 8 X 414 404
77 14 X 24 1
133 13 X 56 77
247 11 X 1 133
312 10 X 247 1
400 9 X 312 1
419 8 X 317 400
487 7 X 458 419
192 12 X 79 57
179 12 X 1 65
305 10 X 192 179
193 12 X 83 87
282 11 X 192 193
344 10 X 282 179
394 9 X 305 344
300 10 X 56 1
391 9 X 300 1
444 8 X 394 391
190 12 X 70 63
301 10 X 63 190
418 8 X 301 391
477 7 X 444 418
505 6 X 487 477
515 5 X 506 505
91 14 X 34 14
53 14 X 1 34
173 13 X 91 53
103 13 X 14 53
234 12 X 173 103
94 14 X 35 15
176 13 X 94 53
105 13 X 15 53
237 12 X 176 105
296 11 X 234 237
354 10 X 296 1
413 9 X 354 264
139 13 X 61 1
249 11 X 1 139
314 10 X 249 1
402 9 X 314 321
457 8 X 413 402
69 14 X 17 30
151 13 X 69 1
254 11 X 1 151
319 10 X 254 242
368 9 X 1 319
271 11 X 1 232
182 12 X 1 120
259 11 X 1 182
334 10 X 271 259
374 9 X 1 334
431 8 X 368 374
486 7 X 457 431
37 14 X 1 3
114 13 X 37 1
302 10 X 114 1
78 14 X 24 9
161 13 X 78 1
102 13 X 9 1
225 12 X 161 102
84 14 X 29 30
166 13 X 84 1
113 13 X 30 1
230 12 X 166 113
292 11 X 225 230
39 14 X 1 13
118 13 X 39 1
64 14 X 17 9
145 13 X 64 1
200 12 X 118 145
204 12 X 120 151
283 11 X 200 204
349 10 X 292 283
392 9 X 302 349
340 10 X 276 1
378 9 X 1 340
443 8 X 392 378
277 11 X 145 151
71 14 X 19 13
156 13 X 71 1
221 12 X 156 145
198 12 X 106 151
289 11 X 221 198
342 10 X 277 289
380 9 X 1 342
181 12 X 1 118
279 11 X 181 182
346 10 X 286 279
383 9 X 1 346
436 8 X 380 383
476 7 X 443 436
504 6 X 486 476
42 14 X 1 20
175 13 X 94 42
104 13 X 15 42
236 12 X 175 104
295 11 X 234 236
33 15 X 13 1
52 14 X 1 33
119 13 X 39 52
157 13 X 71 52
201 12 X 119 157
263 11 X 1 201
353 10 X 295 263
122 13 X 41 29
109 13 X 19 29
206 12 X 122 109
266 11 X 1 206
329 10 X 266 264
412 9 X 353 329
322 10 X 257 1
403 9 X 314 322
456 8 X 412 403
44 14 X 1 24
116 13 X 38 44
243 11 X 1 116
244 11 X 1 119
310 10 X 243 244
152 13 X 69 49
255 11 X 1 152
320 10 X 255 242
397 9 X 310 320
324 10 X 258 1
370 9 X 1 324
447 8 X 397 370
485 7 X 456 447
25 15 X 9 13
45 14 X 1 25
117 13 X 38 45
199 12 X 117 38
186 12 X 39 38
306 10 X 199 186
80 14 X 24 25
162 13 X 78 80
226 12 X 162 9
31 15 X 11 13
85 14 X 29 31
167 13 X 84 85
231 12 X 167 30
293 11 X 226 231
187 12 X 39 64
189 12 X 41 69
280 11 X 187 189
350 10 X 293 280
395 9 X 306 350
273 11 X 56 86
337 10 X 273 1
377 9 X 1 337
445 8 X 395 377
299 10 X 38 186
274 11 X 64 69
191 12 X 71 64
185 12 X 19 69
281 11 X 191 185
338 10 X 274 281
390 9 X 299 338
442 8 X 390 377
478 7 X 445 442
503 6 X 485 478
514 5 X 504 503
520 4 X 515 514
523 3 X 1 520
526 2 X 524 523
468 7 X 1 435
359 9 X 1 215
424 8 X 359 1
463 7 X 1 424
494 6 X 468 463
461 7 X 1 422
490 6 X 461 1
510 5 X 494 490
369 9 X 1 320
433 8 X 369 376
467 7 X 1 433
361 9 X 1 277
362 9 X 1 286
425 8 X 361 362
464 7 X 1 425
493 6 X 467 464
399 9 X 311 320
450 8 X 399 371
470 7 X 1 450
496 6 X 470 1
509 5 X 493 496
518 4 X 510 509
522 3 X 1 518
465 7 X 1 429
358 9 X 1 144
423 8 X 358 1
462 7 X 1 423
491 6 X 465 462
89 14 X 33 1
137 13 X 59 89
248 11 X 1 137
313 10 X 247 248
401 9 X 313 1
420 8 X 317 401
460 7 X 1 420
18 15 X 1 11
66 14 X 17 18
101 13 X 1 66
180 12 X 1 101
100 13 X 1 63
387 9 X 100 1
417 8 X 180 387
386 9 X 56 1
416 8 X 63 386
471 7 X 417 416
489 6 X 460 471
507 5 X 491 489
335 10 X 271 270
375 9 X 1 335
432 8 X 368 375
466 7 X 1 432
492 6 X 466 464
448 8 X 397 371
469 7 X 1 448
99 13 X 1 41
40 14 X 1 17
98 13 X 1 40
196 12 X 99 98
96 13 X 1 17
195 12 X 99 96
388 9 X 196 195
357 9 X 1 100
441 8 X 388 357
385 9 X 38 274
360 9 X 1 273
440 8 X 385 360
475 7 X 441 440
495 6 X 469 475
508 5 X 492 495
517 4 X 507 508
521 3 X 1 517
525 2 X 522 521
527 1 X 526 525
