190
notpeg opjztu zittxp atlnpa yqmswa yrcuaz aauuaw jatupu wojpam brqkog qeynnj wyhxys jdnuwu simlvg mfhhje oyhtcf
9 1 15 10 16 8 14 13 7 3 12 5 6 11 2 4
1 17 -1 -1 -1
2 17 0 -1 -1
4 16 X 2 1
8 15 X 4 1
20 13 X 8 1
24 12 X 1 20
42 11 X 20 24
63 10 X 42 1
54 10 X 24 1
97 9 X 63 54
111 8 X 1 97
140 7 X 111 1
167 5 X 140 1
13 14 X 8 1
23 13 X 13 1
34 12 X 23 1
58 10 X 34 1
94 9 X 58 1
133 7 X 94 1
153 6 X 1 133
128 7 X 58 1
152 6 X 1 128
170 5 X 153 152
179 4 X 167 170
105 8 X 1 54
135 7 X 105 1
166 5 X 135 1
49 10 X 20 1
81 9 X 49 54
106 8 X 1 81
9 14 X 1 8
22 13 X 9 1
51 10 X 22 1
26 12 X 1 22
47 11 X 26 1
71 10 X 47 1
85 9 X 51 71
108 8 X 1 85
136 7 X 106 108
83 9 X 51 47
119 8 X 83 85
129 7 X 81 119
158 6 X 136 129
104 8 X 1 49
44 11 X 22 1
66 10 X 44 1
84 9 X 51 66
107 8 X 1 84
134 7 X 104 107
127 7 X 49 84
157 6 X 134 127
172 5 X 158 157
178 4 X 166 172
186 3 X 179 178
3 16 X 1 2
6 15 X 1 3
12 14 X 6 1
19 13 X 1 12
33 12 X 19 1
41 11 X 1 33
75 9 X 1 41
10 14 X 3 1
17 13 X 1 10
31 12 X 17 1
39 11 X 1 31
5 15 X 1 2
11 14 X 5 1
18 13 X 1 11
32 12 X 18 1
40 11 X 1 32
61 10 X 39 40
76 9 X 1 61
113 8 X 75 76
142 7 X 113 1
62 10 X 39 41
77 9 X 1 62
114 8 X 77 76
143 7 X 114 1
162 6 X 142 143
165 5 X 1 162
177 4 X 1 165
27 12 X 1 23
55 10 X 24 27
89 9 X 55 54
109 8 X 1 89
137 7 X 109 108
56 10 X 26 1
90 9 X 56 71
110 8 X 1 90
138 7 X 109 110
159 6 X 137 138
7 15 X 2 1
21 13 X 8 7
25 12 X 1 21
46 11 X 24 25
70 10 X 46 1
88 9 X 54 70
45 11 X 22 26
69 10 X 45 1
100 9 X 69 66
132 7 X 88 100
131 7 X 88 90
156 6 X 132 131
173 5 X 159 156
78 9 X 20 24
50 10 X 20 23
82 9 X 50 54
115 8 X 78 82
79 9 X 22 47
116 8 X 79 85
144 7 X 115 116
14 13 X 1 3
28 12 X 14 21
43 11 X 20 28
16 13 X 1 6
30 12 X 16 1
38 11 X 1 30
65 10 X 43 38
99 9 X 63 65
15 13 X 1 5
29 12 X 15 1
37 11 X 1 29
64 10 X 43 37
98 9 X 63 64
125 8 X 99 98
150 7 X 125 100
168 5 X 144 150
180 4 X 173 168
185 3 X 177 180
188 2 X 186 185
103 9 X 69 71
112 8 X 1 103
141 7 X 112 108
36 11 X 1 26
59 10 X 36 1
95 9 X 59 1
123 8 X 95 103
161 6 X 141 123
175 5 X 161 1
182 4 X 175 1
139 7 X 110 108
122 8 X 95 90
160 6 X 139 122
174 5 X 160 1
130 7 X 85 119
155 6 X 108 130
154 6 X 107 84
171 5 X 155 154
181 4 X 174 171
187 3 X 182 181
35 11 X 1 24
60 10 X 36 35
48 10 X 1 35
96 9 X 60 48
57 10 X 26 23
93 9 X 57 71
124 8 X 96 93
80 9 X 36 1
117 8 X 80 85
148 7 X 124 117
118 8 X 80 90
149 7 X 124 118
164 6 X 148 149
74 10 X 47 38
92 9 X 56 74
73 10 X 47 37
91 9 X 56 73
121 8 X 92 91
147 7 X 121 100
146 7 X 121 90
163 6 X 147 146
176 5 X 164 163
52 10 X 22 20
72 10 X 47 24
86 9 X 52 72
53 10 X 22 23
87 9 X 53 71
120 8 X 86 87
145 7 X 120 116
68 10 X 44 38
102 9 X 69 68
67 10 X 44 37
101 9 X 69 67
126 8 X 102 101
151 7 X 126 100
169 5 X 145 151
183 4 X 176 169
184 3 X 1 183
189 2 X 187 184
190 1 X 188 189
