506
bnaoyz iyghca oedotu rhfvwg njpxdm qtdkro isjfvw qofftu jusqjh gvwszs widkpz vvdocz hgjfjj icfyik oraofp rioxvw kwanoo gynkko imydrf wikfqr
11 10 7 16 12 8 15 20 5 2 17 9 6 19 3 13 18 4 14 1
1 21 -1 -1 -1
2 21 0 -1 -1
3 20 X 1 2
8 19 X 3 1
15 18 X 1 8
37 17 X 15 1
77 15 X 1 37
122 14 X 1 77
167 13 X 1 122
255 12 X 167 1
326 11 X 255 1
388 10 X 326 1
426 9 X 388 1
30 17 X 8 1
76 15 X 1 30
121 14 X 1 76
188 13 X 121 122
275 12 X 188 1
368 10 X 275 1
411 9 X 368 1
457 8 X 426 411
474 7 X 457 1
485 6 X 474 1
492 5 X 1 485
11 18 X 1 3
33 17 X 11 1
111 14 X 1 33
162 13 X 1 111
249 12 X 162 1
88 15 X 33 1
131 14 X 1 88
169 13 X 1 131
256 12 X 169 1
320 11 X 249 256
19 17 X 1 3
73 15 X 1 19
118 14 X 1 73
185 13 X 118 1
272 12 X 185 1
335 11 X 272 1
381 10 X 320 335
20 17 X 1 11
74 15 X 1 20
119 14 X 1 74
186 13 X 119 1
273 12 X 186 1
336 11 X 273 1
382 10 X 320 336
421 9 X 381 382
25 17 X 3 1
61 16 X 25 3
82 15 X 25 61
125 14 X 1 82
193 13 X 125 111
280 12 X 193 1
109 14 X 1 25
183 13 X 109 111
270 12 X 183 1
341 11 X 280 270
393 10 X 341 1
67 16 X 33 11
90 15 X 33 67
133 14 X 1 90
197 13 X 133 111
281 12 X 197 1
234 12 X 111 1
342 11 X 281 234
394 10 X 342 1
432 9 X 393 394
452 8 X 421 432
469 7 X 452 1
482 6 X 469 1
489 5 X 1 482
18 18 X 3 1
21 17 X 1 18
75 15 X 1 21
120 14 X 1 75
187 13 X 120 1
274 12 X 187 1
337 11 X 274 1
383 10 X 320 337
422 9 X 383 1
431 9 X 393 1
453 8 X 422 431
470 7 X 453 1
483 6 X 470 1
490 5 X 1 483
498 4 X 489 490
502 3 X 492 498
504 2 X 1 502
10 18 X 1 2
31 17 X 10 1
65 16 X 31 33
115 14 X 1 65
165 13 X 1 115
252 12 X 165 1
101 15 X 65 1
144 14 X 1 101
176 13 X 1 144
257 12 X 176 1
323 11 X 252 257
384 10 X 323 1
5 19 X 1 2
27 17 X 5 1
6 19 X 1 3
28 17 X 6 1
62 16 X 27 28
100 15 X 62 1
143 14 X 1 100
12 18 X 1 5
34 17 X 12 1
13 18 X 1 6
35 17 X 13 1
69 16 X 34 35
116 14 X 1 69
203 13 X 143 116
283 12 X 203 1
369 10 X 283 1
68 16 X 34 13
108 15 X 69 68
151 14 X 1 108
212 13 X 151 116
294 12 X 212 1
236 12 X 116 1
349 11 X 294 236
400 10 X 349 1
413 9 X 369 400
441 8 X 384 413
463 7 X 441 1
17 18 X 2 1
39 17 X 17 1
45 16 X 1 39
41 17 X 17 18
47 16 X 1 41
93 15 X 45 47
136 14 X 1 93
172 13 X 1 136
254 12 X 165 172
91 15 X 45 1
134 14 X 1 91
171 13 X 1 134
258 12 X 176 171
325 11 X 254 258
181 13 X 101 65
42 17 X 18 1
48 16 X 1 42
96 15 X 48 1
139 14 X 1 96
54 16 X 21 41
95 15 X 45 54
138 14 X 1 95
201 13 X 139 138
266 12 X 181 201
180 13 X 101 1
200 13 X 139 1
264 12 X 180 200
331 11 X 266 264
387 10 X 325 331
110 14 X 1 31
161 13 X 1 110
253 12 X 165 161
324 11 X 253 176
32 17 X 10 11
66 16 X 32 11
106 15 X 65 66
182 13 X 106 65
85 15 X 31 32
128 14 X 1 85
195 13 X 128 110
268 12 X 182 195
204 13 X 144 1
265 12 X 180 204
333 11 X 268 265
385 10 X 324 333
425 9 X 387 385
107 15 X 69 1
150 14 X 1 107
211 13 X 150 116
293 12 X 211 1
370 10 X 293 1
371 10 X 294 1
415 9 X 370 371
456 8 X 425 415
156 13 X 1 33
53 16 X 21 18
97 15 X 48 53
140 14 X 1 97
174 13 X 1 140
240 12 X 156 174
313 11 X 240 1
360 10 X 1 313
238 12 X 156 162
311 11 X 238 1
358 10 X 1 311
405 9 X 360 358
444 8 X 405 1
473 7 X 456 444
480 6 X 463 473
488 5 X 1 480
423 9 X 384 1
412 9 X 369 1
454 8 X 423 412
471 7 X 454 1
229 12 X 1 201
228 12 X 1 200
309 11 X 229 228
386 10 X 325 309
214 12 X 1 161
223 12 X 1 176
295 11 X 214 223
225 12 X 1 195
230 12 X 1 204
306 11 X 225 230
372 10 X 295 306
424 9 X 386 372
414 9 X 370 1
455 8 X 424 414
221 12 X 1 174
301 11 X 221 1
355 10 X 1 301
215 12 X 1 162
296 11 X 215 1
351 10 X 1 296
403 9 X 355 351
442 8 X 403 1
472 7 X 455 442
484 6 X 471 472
491 5 X 1 484
497 4 X 488 491
501 3 X 1 497
44 16 X 1 37
78 15 X 1 44
154 14 X 78 77
178 13 X 1 154
261 12 X 178 1
329 11 X 261 1
367 10 X 1 329
410 9 X 367 1
439 8 X 1 410
461 7 X 1 439
478 6 X 1 461
4 20 X 2 1
9 19 X 4 1
16 18 X 1 9
38 17 X 16 1
71 16 X 38 1
81 15 X 1 71
7 19 X 2 1
14 18 X 1 7
36 17 X 14 1
70 16 X 36 37
80 15 X 1 70
179 13 X 81 80
262 12 X 179 1
330 11 X 262 1
389 10 X 330 1
427 9 X 389 1
29 17 X 7 1
63 16 X 29 30
79 15 X 1 63
123 14 X 1 79
155 14 X 78 80
190 13 X 123 155
277 12 X 190 1
124 14 X 1 80
189 13 X 123 124
276 12 X 189 1
338 11 X 277 276
390 10 X 338 1
428 9 X 390 1
458 8 X 427 428
475 7 X 458 1
159 13 X 1 80
245 12 X 159 1
319 11 X 245 1
233 12 X 80 1
310 11 X 233 1
380 10 X 319 310
420 9 X 380 1
192 13 X 124 155
279 12 X 192 1
237 12 X 124 1
339 11 X 279 237
191 13 X 124 1
278 12 X 191 1
340 11 X 279 278
392 10 X 339 340
430 9 X 392 1
451 8 X 420 430
158 13 X 1 77
244 12 X 158 1
318 11 X 244 1
362 10 X 1 318
407 9 X 362 1
446 8 X 407 410
468 7 X 451 446
487 6 X 475 468
496 5 X 478 487
379 10 X 319 1
419 9 X 379 1
391 10 X 339 1
429 9 X 391 1
450 8 X 419 429
467 7 X 450 1
486 6 X 475 467
493 5 X 1 486
500 4 X 496 493
50 16 X 11 1
112 14 X 1 50
163 13 X 1 112
51 16 X 19 1
113 14 X 1 51
164 13 X 1 113
250 12 X 163 164
321 11 X 250 1
363 10 X 1 321
49 16 X 3 1
98 15 X 50 49
141 14 X 1 98
175 13 X 1 141
251 12 X 163 175
322 11 X 251 1
364 10 X 1 322
408 9 X 363 364
438 8 X 1 408
460 7 X 1 438
477 6 X 1 460
157 13 X 1 65
241 12 X 157 1
160 13 X 1 101
246 12 X 160 1
315 11 X 241 246
375 10 X 315 1
22 17 X 2 1
58 16 X 22 25
55 16 X 22 3
99 15 X 58 55
142 14 X 1 99
43 16 X 1 33
153 14 X 43 65
202 13 X 142 153
282 12 X 202 1
114 14 X 1 58
184 13 X 114 115
271 12 X 184 1
343 11 X 282 271
395 10 X 343 1
64 16 X 31 11
105 15 X 65 64
148 14 X 1 105
208 13 X 148 153
286 12 X 208 1
235 12 X 115 1
344 11 X 286 235
396 10 X 344 1
434 9 X 395 396
440 8 X 375 434
462 7 X 440 1
243 12 X 157 172
247 12 X 160 171
317 11 X 243 247
40 17 X 17 3
52 16 X 19 40
94 15 X 45 52
137 14 X 1 94
199 13 X 137 138
269 12 X 182 199
263 12 X 180 134
334 11 X 269 263
378 10 X 317 334
24 17 X 2 18
57 16 X 22 24
87 15 X 31 57
130 14 X 1 87
168 13 X 1 130
242 12 X 157 168
248 12 X 160 176
316 11 X 242 248
23 17 X 2 3
83 15 X 31 23
126 14 X 1 83
84 15 X 31 24
127 14 X 1 84
194 13 X 126 127
267 12 X 182 194
332 11 X 267 265
376 10 X 316 332
418 9 X 378 376
46 16 X 1 40
92 15 X 45 46
135 14 X 1 92
198 13 X 135 136
288 12 X 208 198
207 13 X 148 115
284 12 X 207 198
346 11 X 288 284
149 14 X 1 106
210 13 X 149 153
292 12 X 210 199
209 13 X 149 1
289 12 X 209 199
348 11 X 292 289
399 10 X 346 348
56 16 X 22 23
86 15 X 31 56
129 14 X 1 86
196 13 X 129 130
287 12 X 208 196
102 15 X 65 55
145 14 X 1 102
26 17 X 3 18
59 16 X 22 26
103 15 X 65 59
146 14 X 1 103
205 13 X 145 146
285 12 X 207 205
345 11 X 287 285
291 12 X 210 194
60 16 X 23 3
104 15 X 65 60
147 14 X 1 104
72 15 X 1 18
117 14 X 1 72
206 13 X 147 117
290 12 X 209 206
347 11 X 291 290
397 10 X 345 347
436 9 X 399 397
449 8 X 418 436
173 13 X 1 139
220 12 X 1 173
314 11 X 240 220
361 10 X 1 314
89 15 X 33 26
132 14 X 1 89
170 13 X 1 132
239 12 X 156 170
312 11 X 239 1
359 10 X 1 312
406 9 X 361 359
152 14 X 43 33
177 13 X 1 152
260 12 X 177 174
328 11 X 260 221
366 10 X 1 328
259 12 X 177 170
166 13 X 1 117
217 12 X 1 166
327 11 X 259 217
365 10 X 1 327
409 9 X 366 365
445 8 X 406 409
466 7 X 449 445
479 6 X 462 466
495 5 X 477 479
216 12 X 1 164
297 11 X 216 1
352 10 X 1 297
222 12 X 1 175
303 11 X 222 1
357 10 X 1 303
402 9 X 352 357
437 8 X 1 402
459 7 X 1 437
476 6 X 1 459
416 9 X 375 1
433 9 X 395 1
447 8 X 416 433
464 7 X 447 1
227 12 X 1 199
213 12 X 1 134
308 11 X 227 213
377 10 X 317 308
218 12 X 1 168
298 11 X 218 223
224 12 X 1 194
304 11 X 224 230
373 10 X 298 304
417 9 X 377 373
398 10 X 346 227
226 12 X 1 196
231 12 X 1 205
307 11 X 226 231
232 12 X 1 206
305 11 X 224 232
374 10 X 307 305
435 9 X 398 374
448 8 X 417 435
302 11 X 221 220
356 10 X 1 302
219 12 X 1 170
299 11 X 219 1
353 10 X 1 299
404 9 X 356 353
350 10 X 1 221
300 11 X 219 217
354 10 X 1 300
401 9 X 350 354
443 8 X 404 401
465 7 X 448 443
481 6 X 464 465
494 5 X 476 481
499 4 X 495 494
503 3 X 500 499
505 2 X 501 503
506 1 X 504 505
