243
uhggfj expsio wiwwwg fnhfzg hgieax yigvdt mlxwhu fbwayc szccdy nehkma jrarqw tvqxvm mkhuwy jgbkzh efwgfr qcvzlz
8 5 11 15 7 10 13 3 4 1 6 14 9 12 16 2
3 17 1 -1 -1
1 17 -1 -1 -1
6 16 X 3 1
18 14 X 6 1
119 9 X 18 1
67 11 X 18 3
2 17 0 -1 -1
7 15 X 1 2
19 14 X 6 7
5 16 X 2 1
10 15 X 1 5
20 14 X 6 10
45 12 X 19 20
78 11 X 45 3
108 10 X 67 78
148 9 X 108 1
12 15 X 6 2
23 14 X 12 7
13 15 X 6 5
24 14 X 13 10
49 12 X 23 24
82 11 X 49 3
109 10 X 67 82
149 9 X 109 1
177 8 X 148 149
68 11 X 19 3
106 10 X 67 68
65 11 X 7 1
88 10 X 1 65
144 9 X 106 88
69 11 X 23 3
107 10 X 67 69
146 9 X 107 88
176 8 X 144 146
203 6 X 177 176
216 5 X 119 203
124 9 X 67 1
197 6 X 124 176
215 5 X 119 197
230 4 X 216 215
79 11 X 45 18
91 10 X 18 79
137 9 X 91 1
83 11 X 49 18
92 10 X 18 83
138 9 X 92 1
172 8 X 137 138
194 7 X 172 119
214 6 X 194 119
161 8 X 124 146
202 6 X 177 161
229 5 X 214 202
33 13 X 18 1
123 9 X 33 1
158 8 X 119 123
25 13 X 3 1
73 11 X 33 25
129 9 X 73 1
160 8 X 124 129
34 13 X 23 7
75 11 X 34 25
111 10 X 73 75
151 9 X 111 88
162 8 X 124 151
200 6 X 160 162
219 5 X 158 200
236 4 X 229 219
238 3 X 230 236
55 11 X 1 18
120 9 X 18 55
53 11 X 1 6
125 9 X 67 53
66 11 X 7 6
95 10 X 53 66
145 9 X 106 95
198 6 X 125 145
217 5 X 120 198
147 9 X 107 95
164 8 X 125 147
199 6 X 125 164
218 5 X 120 199
72 11 X 33 18
128 9 X 72 55
159 8 X 120 128
71 11 X 33 3
127 9 X 71 53
163 8 X 125 127
74 11 X 34 3
110 10 X 71 74
150 9 X 110 95
165 8 X 125 150
201 6 X 163 165
220 5 X 159 201
231 4 X 218 220
237 3 X 217 231
241 2 X 238 237
4 16 X 1 2
9 15 X 1 4
21 14 X 9 7
46 12 X 21 1
85 10 X 1 46
131 9 X 85 1
166 8 X 131 1
15 14 X 1 5
41 12 X 15 1
30 13 X 15 1
50 12 X 30 1
76 11 X 41 50
89 10 X 1 76
135 9 X 89 1
170 8 X 135 1
187 7 X 166 170
152 8 X 85 1
153 8 X 89 1
185 7 X 152 153
213 6 X 187 185
228 5 X 213 1
17 14 X 4 2
44 12 X 17 1
32 13 X 17 1
52 12 X 32 1
77 11 X 44 52
90 10 X 1 77
136 9 X 89 90
171 8 X 136 1
186 7 X 152 171
195 6 X 1 186
221 5 X 195 1
235 4 X 228 221
39 12 X 7 10
84 10 X 1 39
130 9 X 84 1
184 7 X 130 1
40 12 X 9 1
61 11 X 1 40
101 10 X 61 46
133 9 X 85 101
168 8 X 133 1
190 7 X 168 1
212 6 X 184 190
227 5 X 212 1
115 9 X 1 90
154 8 X 115 1
191 7 X 168 154
196 6 X 1 191
222 5 X 196 1
234 4 X 227 222
240 3 X 235 234
35 12 X 1 6
57 11 X 1 35
112 9 X 1 57
14 14 X 1 3
16 14 X 1 6
42 12 X 16 6
62 11 X 1 42
117 9 X 14 62
29 13 X 14 1
121 9 X 29 62
155 8 X 117 121
179 7 X 112 155
47 12 X 21 6
80 11 X 46 47
100 10 X 57 80
132 9 X 85 100
167 8 X 132 112
94 10 X 29 76
31 13 X 16 1
26 13 X 6 1
51 12 X 31 26
64 11 X 1 51
104 10 X 64 76
142 9 X 94 104
93 10 X 29 1
103 10 X 64 1
141 9 X 93 103
174 8 X 142 141
188 7 X 167 174
207 6 X 179 188
27 13 X 6 3
37 12 X 1 27
59 11 X 1 37
99 10 X 57 59
116 9 X 1 99
183 7 X 116 141
206 6 X 179 183
224 5 X 207 206
178 7 X 112 117
105 10 X 64 77
143 9 X 94 105
175 8 X 143 141
189 7 X 167 175
205 6 X 178 189
204 6 X 178 183
223 5 X 205 204
232 4 X 224 223
11 15 X 1 6
36 12 X 1 11
58 11 X 1 36
86 10 X 1 58
113 9 X 1 86
54 11 X 1 16
22 14 X 11 6
43 12 X 16 22
63 11 X 1 43
96 10 X 54 63
118 9 X 14 96
122 9 X 29 96
156 8 X 118 122
180 7 X 113 156
48 12 X 21 11
81 11 X 46 48
102 10 X 61 81
134 9 X 85 102
169 8 X 134 113
56 11 X 1 31
97 10 X 56 1
139 9 X 93 97
192 7 X 169 139
209 6 X 180 192
8 15 X 1 3
28 13 X 11 8
38 12 X 1 28
60 11 X 1 38
87 10 X 1 60
114 9 X 1 87
182 7 X 114 139
208 6 X 180 182
225 5 X 209 208
70 11 X 29 14
126 9 X 70 96
157 8 X 118 126
181 7 X 113 157
98 10 X 56 77
140 9 X 93 98
173 8 X 140 139
193 7 X 169 173
211 6 X 181 193
210 6 X 181 182
226 5 X 211 210
233 4 X 225 226
239 3 X 232 233
242 2 X 240 239
243 1 X 241 242
