145
mhiqbv lvxwcn apxhip vmprrk rfewgu gtzegk epaazc faafwc ioxvuv mwuobj segitk cqqbax rrzmqx gcnbev kcgonf ivzcwz wgncyc vuiflt udthtp oearvm
13 10 11 2 14 17 5 20 12 3 15 19 8 18 4 1 7 6 16 9
3 21 1 -1 -1
1 21 -1 -1 -1
13 18 X 3 1
20 17 X 3 13
62 11 X 20 13
112 8 X 13 62
8 19 X 1 3
14 18 X 8 1
23 16 X 13 14
22 16 X 13 1
36 13 X 23 22
21 17 X 8 14
26 16 X 20 21
25 16 X 20 1
38 13 X 26 25
75 11 X 38 36
116 8 X 36 75
143 2 X 112 116
2 21 0 -1 -1
6 20 X 2 3
11 19 X 3 6
17 18 X 11 1
49 12 X 17 13
65 11 X 20 49
88 9 X 65 62
113 8 X 13 88
35 13 X 17 13
55 12 X 35 13
70 11 X 20 55
89 9 X 70 62
105 8 X 1 89
134 5 X 113 105
7 20 X 3 2
12 19 X 3 7
4 20 X 1 2
9 19 X 1 4
19 18 X 12 9
29 15 X 19 13
51 12 X 17 29
67 11 X 20 51
83 10 X 65 67
98 9 X 83 62
114 8 X 13 98
34 13 X 13 29
53 12 X 17 34
69 11 X 20 53
85 10 X 65 69
101 9 X 85 62
115 8 X 13 101
128 7 X 114 115
108 8 X 1 98
110 8 X 1 101
126 7 X 108 110
32 14 X 13 29
46 12 X 13 32
63 11 X 20 46
80 10 X 62 63
99 9 X 83 80
109 8 X 1 99
102 9 X 85 80
111 8 X 1 102
127 7 X 109 111
132 6 X 126 127
137 5 X 128 132
18 18 X 12 1
28 15 X 18 13
45 12 X 13 28
60 11 X 13 45
78 10 X 13 60
95 9 X 78 13
50 12 X 17 28
66 11 X 20 50
82 10 X 65 66
97 9 X 82 62
122 8 X 95 97
33 13 X 13 28
47 12 X 13 33
61 11 X 13 47
79 10 X 13 61
96 9 X 79 13
52 12 X 17 33
68 11 X 20 52
84 10 X 65 68
100 9 X 84 62
123 8 X 96 100
131 7 X 122 123
15 18 X 9 1
27 15 X 15 1
39 13 X 27 1
43 12 X 1 39
58 11 X 1 43
76 10 X 1 58
93 9 X 76 1
40 13 X 28 13
56 12 X 35 40
71 11 X 20 56
86 10 X 70 71
103 9 X 86 62
120 8 X 93 103
129 7 X 120 105
30 14 X 1 27
41 13 X 30 1
44 12 X 1 41
59 11 X 1 44
77 10 X 1 59
94 9 X 76 77
31 14 X 13 28
42 13 X 31 13
48 12 X 13 42
64 11 X 20 48
81 10 X 62 64
104 9 X 86 81
121 8 X 94 104
87 9 X 1 77
90 9 X 70 81
119 8 X 87 90
130 7 X 121 119
133 6 X 129 130
138 5 X 131 133
140 4 X 137 138
141 3 X 134 140
5 20 X 2 1
10 19 X 1 5
16 18 X 10 1
24 16 X 17 16
54 12 X 24 22
73 11 X 25 54
72 11 X 25 22
91 9 X 73 72
117 8 X 36 91
37 13 X 24 22
57 12 X 37 22
74 11 X 25 57
92 9 X 74 72
107 8 X 1 92
118 8 X 36 92
125 7 X 107 118
136 5 X 117 125
106 8 X 1 91
124 7 X 106 117
135 5 X 117 124
139 4 X 135 136
142 3 X 136 139
144 2 X 141 142
145 1 X 143 144
