385
cgdxzk avbrly yjqtty fjyjwj qohkgy xnprmz icvocw qnuihj endlmp rlezcm fesdoa emcqrp zoeicm uvccts nvxbqt zhlkcw
9 13 5 15 14 1 12 10 11 8 2 16 7 3 6 4
1 17 -1 -1 -1
3 17 1 -1 -1
23 14 X 3 1
9 15 X 1 3
24 14 X 3 9
102 12 X 23 24
173 10 X 1 102
2 17 0 -1 -1
6 16 X 2 3
5 16 X 2 1
18 15 X 5 6
33 14 X 6 18
69 13 X 33 24
106 12 X 23 69
151 11 X 106 102
181 10 X 1 151
238 9 X 181 173
4 16 X 1 2
21 14 X 2 4
49 13 X 2 21
30 14 X 6 9
70 13 X 33 30
119 12 X 49 70
158 11 X 119 102
184 10 X 1 158
286 8 X 238 184
319 7 X 173 286
100 12 X 3 69
99 12 X 3 24
148 11 X 100 99
179 10 X 1 148
172 10 X 1 99
237 9 X 179 172
7 16 X 3 1
20 15 X 7 3
25 14 X 3 20
112 12 X 25 70
108 12 X 25 24
153 11 X 112 108
182 10 X 1 153
174 10 X 1 108
239 9 X 182 174
285 8 X 237 239
318 7 X 173 285
351 6 X 319 318
272 8 X 99 108
315 7 X 102 272
341 6 X 102 315
364 5 X 351 341
277 8 X 173 184
317 7 X 173 277
46 13 X 1 23
47 13 X 1 24
116 12 X 46 47
214 10 X 116 102
45 13 X 1 3
115 12 X 45 47
213 10 X 115 99
48 13 X 1 25
117 12 X 48 47
219 10 X 117 153
216 10 X 117 108
259 9 X 219 216
283 8 X 213 259
321 7 X 214 283
350 6 X 317 321
363 5 X 350 341
374 4 X 364 363
275 8 X 172 174
316 7 X 173 275
342 6 X 173 316
359 5 X 342 341
282 8 X 213 216
320 7 X 214 282
343 6 X 173 320
360 5 X 343 341
372 4 X 359 360
379 3 X 374 372
169 10 X 1 23
276 8 X 173 169
274 8 X 172 169
328 7 X 276 274
344 6 X 276 328
209 10 X 102 1
310 7 X 1 209
208 10 X 99 1
210 10 X 108 1
279 8 X 208 210
312 7 X 1 279
347 6 X 310 312
361 5 X 344 347
189 10 X 46 23
284 8 X 214 189
215 10 X 117 23
281 8 X 213 215
329 7 X 284 281
345 6 X 276 329
362 5 X 345 347
373 4 X 361 362
380 3 X 374 373
383 2 X 379 380
19 15 X 6 3
15 15 X 5 1
43 14 X 19 15
78 13 X 43 23
97 12 X 1 78
80 12 X 1 23
146 11 X 97 80
17 15 X 5 3
44 14 X 19 17
79 13 X 44 24
98 12 X 1 79
81 12 X 1 24
147 11 X 98 81
228 10 X 146 147
171 10 X 1 81
266 9 X 228 171
55 13 X 15 1
125 12 X 55 78
163 11 X 125 80
126 12 X 55 79
164 11 X 126 81
230 10 X 163 164
267 9 X 230 171
308 8 X 266 267
91 12 X 1 69
191 10 X 80 91
246 9 X 191 171
16 15 X 5 2
8 15 X 1 2
10 15 X 1 4
34 14 X 8 10
56 13 X 16 34
13 15 X 3 6
37 14 X 13 9
71 13 X 33 37
128 12 X 56 71
194 10 X 80 128
53 13 X 8 34
12 15 X 1 6
39 14 X 13 12
74 13 X 39 37
124 12 X 53 74
177 10 X 1 124
250 9 X 194 177
295 8 X 246 250
338 7 X 308 295
185 10 X 23 100
240 9 X 185 172
113 12 X 25 71
186 10 X 23 113
114 12 X 25 74
175 10 X 1 114
242 9 X 186 175
288 8 X 240 242
325 7 X 266 288
357 6 X 338 325
314 7 X 81 272
340 6 X 81 314
370 5 X 357 340
190 10 X 80 81
245 9 X 190 171
193 10 X 80 124
248 9 X 193 177
293 8 X 245 248
322 7 X 245 293
59 13 X 23 24
88 12 X 1 59
206 10 X 88 81
84 12 X 1 47
204 10 X 84 81
256 9 X 206 204
58 13 X 23 3
131 12 X 58 59
221 10 X 131 99
260 9 X 221 213
60 13 X 23 25
132 12 X 60 59
222 10 X 132 114
217 10 X 117 114
261 9 X 222 217
301 8 X 260 261
323 7 X 256 301
352 6 X 322 323
365 5 X 352 340
377 4 X 370 365
29 14 X 6 5
63 13 X 29 23
89 12 X 1 63
138 11 X 89 80
140 11 X 91 81
226 10 X 138 140
264 9 X 226 171
36 14 X 13 1
64 13 X 29 36
127 12 X 56 64
165 11 X 127 80
167 11 X 128 81
231 10 X 165 167
11 15 X 1 5
35 14 X 11 1
54 13 X 11 35
122 12 X 53 54
161 11 X 122 1
162 11 X 124 81
229 10 X 161 162
268 9 X 231 229
305 8 X 264 268
41 14 X 16 8
76 13 X 41 34
32 14 X 6 12
68 13 X 32 37
134 12 X 76 68
168 11 X 128 134
198 10 X 80 168
254 9 X 198 177
296 8 X 246 254
335 7 X 305 296
90 12 X 1 64
139 11 X 90 80
92 12 X 1 71
143 11 X 92 81
227 10 X 139 143
86 12 X 1 54
136 11 X 86 1
94 12 X 1 74
145 11 X 94 81
225 10 X 136 145
265 9 X 227 225
304 8 X 264 265
65 13 X 30 37
111 12 X 25 65
155 11 X 113 111
188 10 X 23 155
110 12 X 25 37
156 11 X 114 110
183 10 X 1 156
244 9 X 188 183
290 8 X 240 244
334 7 X 304 290
355 6 X 335 334
368 5 X 355 340
52 13 X 8 10
73 13 X 39 24
121 12 X 52 73
160 11 X 121 81
196 10 X 80 160
101 12 X 10 24
149 11 X 101 81
180 10 X 1 149
252 9 X 196 180
294 8 X 245 252
331 7 X 294 293
93 12 X 1 73
144 11 X 93 81
207 10 X 88 144
205 10 X 84 144
257 9 X 207 205
300 8 X 256 257
224 10 X 132 156
220 10 X 117 156
263 9 X 224 220
303 8 X 260 263
333 7 X 300 303
354 6 X 331 333
14 15 X 4 2
22 14 X 2 14
57 13 X 22 21
67 13 X 32 30
130 12 X 57 67
159 11 X 119 130
202 10 X 81 159
271 8 X 81 202
313 7 X 81 271
42 14 X 19 9
77 13 X 42 24
96 12 X 1 77
141 11 X 91 96
200 10 X 81 141
270 8 X 81 200
109 12 X 25 30
154 11 X 112 109
212 10 X 108 154
273 8 X 99 212
327 7 X 270 273
349 6 X 313 327
367 5 X 354 349
375 4 X 368 367
381 3 X 377 375
50 13 X 5 1
120 12 X 50 69
142 11 X 91 120
195 10 X 80 142
251 9 X 195 171
249 9 X 194 171
297 8 X 251 249
339 7 X 308 297
241 9 X 186 174
287 8 X 240 241
324 7 X 266 287
358 6 X 339 324
371 5 X 358 340
378 4 X 371 365
170 10 X 1 80
235 9 X 163 170
307 8 X 266 235
31 14 X 6 11
66 13 X 31 36
133 12 X 76 66
166 11 X 127 133
197 10 X 80 166
253 9 X 197 170
298 8 X 251 253
337 7 X 307 298
234 9 X 146 170
306 8 X 266 234
105 12 X 23 64
28 14 X 6 1
62 13 X 28 36
104 12 X 23 62
150 11 X 105 104
187 10 X 23 150
243 9 X 187 169
289 8 X 240 243
336 7 X 306 289
356 6 X 337 336
199 10 X 81 1
309 7 X 1 199
346 6 X 309 312
369 5 X 356 346
232 9 X 80 170
291 8 X 245 232
38 14 X 13 11
72 13 X 38 36
123 12 X 53 72
192 10 X 80 123
176 10 X 1 123
247 9 X 192 176
292 8 X 245 247
330 7 X 291 292
83 12 X 1 46
203 10 X 83 80
233 9 X 80 203
299 8 X 256 233
107 12 X 23 72
103 12 X 23 36
152 11 X 107 103
223 10 X 132 152
218 10 X 117 152
262 9 X 223 218
302 8 X 260 262
332 7 X 299 302
353 6 X 330 332
26 14 X 5 1
51 13 X 5 26
118 12 X 49 51
27 14 X 5 11
61 13 X 27 26
129 12 X 57 61
157 11 X 118 129
201 10 X 81 157
255 9 X 201 199
278 8 X 199 255
311 7 X 1 278
87 12 X 1 55
40 14 X 15 1
75 13 X 40 1
95 12 X 1 75
137 11 X 87 95
178 10 X 1 137
236 9 X 178 1
269 8 X 1 236
85 12 X 1 51
82 12 X 1 26
135 11 X 85 82
211 10 X 108 135
258 9 X 211 210
280 8 X 208 258
326 7 X 269 280
348 6 X 311 326
366 5 X 353 348
376 4 X 369 366
382 3 X 378 376
384 2 X 381 382
385 1 X 383 384
