245
rzcjzb hqmtxy gjuhhg jpmrai tplsmr dfohfn czjren erczqh tayfee jepcdg xprrcv lewqag mzktcj mnvkse tljykl qvhtwm
6 12 9 13 14 5 4 10 8 15 16 2 3 7 11 1
1 17 -1 -1 -1
3 17 1 -1 -1
7 16 X 3 1
13 15 X 1 7
53 12 X 1 13
80 11 X 53 13
130 9 X 80 53
5 16 X 1 3
17 14 X 1 5
47 13 X 17 1
35 13 X 3 13
73 12 X 47 35
100 11 X 73 35
115 10 X 80 100
107 10 X 53 73
145 9 X 115 107
177 7 X 130 145
11 15 X 1 5
20 14 X 1 11
49 13 X 20 1
75 12 X 49 35
102 11 X 75 35
116 10 X 80 102
108 10 X 53 75
146 9 X 116 108
178 7 X 130 146
208 6 X 177 178
2 17 0 -1 -1
4 16 X 1 2
10 15 X 1 4
19 14 X 1 10
9 15 X 1 2
48 13 X 19 9
8 16 X 3 2
14 15 X 1 8
28 14 X 13 14
52 13 X 28 9
74 12 X 48 52
101 11 X 74 13
6 16 X 2 1
12 15 X 1 6
25 14 X 12 9
51 13 X 25 9
24 14 X 6 2
50 13 X 24 2
77 12 X 51 50
105 11 X 77 13
126 10 X 101 105
153 9 X 126 53
175 8 X 153 130
204 7 X 175 146
212 6 X 177 204
140 9 X 105 53
166 8 X 140 130
192 7 X 166 146
211 6 X 177 192
228 5 X 212 211
54 12 X 1 35
90 11 X 54 35
114 10 X 80 90
106 10 X 53 54
144 9 X 114 106
176 7 X 130 144
203 7 X 175 144
207 6 X 176 203
191 7 X 166 144
205 6 X 176 191
225 5 X 207 205
237 4 X 228 225
239 3 X 208 237
31 13 X 1 9
41 13 X 13 9
58 12 X 31 41
22 14 X 2 9
42 13 X 13 22
59 12 X 31 42
15 15 X 6 2
29 14 X 15 9
46 13 X 13 29
60 12 X 31 46
94 11 X 59 60
109 10 X 58 94
136 9 X 80 109
162 8 X 130 136
187 7 X 162 146
210 6 X 177 187
18 14 X 1 9
33 13 X 1 18
27 14 X 13 9
45 13 X 13 27
62 12 X 33 45
84 11 X 53 62
135 9 X 80 84
161 8 X 130 135
186 7 X 161 145
133 9 X 80 62
159 8 X 130 133
184 7 X 159 146
214 6 X 186 184
227 5 X 210 214
236 4 X 208 227
79 11 X 51 13
113 10 X 79 105
76 12 X 51 13
103 11 X 76 53
143 9 X 113 103
39 13 X 12 9
69 12 X 39 13
104 11 X 76 69
57 12 X 31 13
71 12 X 41 13
93 11 X 57 71
127 10 X 104 93
112 10 X 76 57
154 9 X 127 112
168 8 X 143 154
194 7 X 168 144
206 6 X 176 194
89 11 X 53 76
82 11 X 53 57
122 10 X 89 82
138 9 X 80 122
164 8 X 130 138
189 7 X 164 144
141 9 X 105 103
167 8 X 141 154
193 7 X 167 144
216 6 X 189 193
224 5 X 206 216
235 4 X 208 224
242 3 X 236 235
243 2 X 239 242
40 13 X 13 2
70 12 X 40 13
87 11 X 53 70
119 10 X 87 80
148 9 X 119 53
170 8 X 148 130
197 7 X 170 145
220 6 X 197 177
26 14 X 13 2
44 13 X 13 26
72 12 X 44 13
88 11 X 53 72
121 10 X 88 80
150 9 X 121 53
172 8 X 150 130
200 7 X 172 145
223 6 X 200 177
230 5 X 220 223
38 13 X 6 13
68 12 X 38 13
86 11 X 53 68
120 10 X 87 86
149 9 X 120 53
171 8 X 149 130
199 7 X 171 145
30 13 X 1 2
56 12 X 30 40
92 11 X 56 70
37 13 X 6 2
67 12 X 37 13
78 11 X 37 67
123 10 X 92 78
151 9 X 123 53
173 8 X 151 130
202 7 X 173 145
222 6 X 199 202
85 11 X 53 67
117 10 X 85 80
147 9 X 117 53
169 8 X 147 130
196 7 X 169 145
128 9 X 78 53
155 8 X 128 130
180 7 X 155 145
219 6 X 196 180
232 5 X 222 219
198 7 X 171 144
201 7 X 173 144
221 6 X 198 201
195 7 X 169 144
179 7 X 155 144
218 6 X 195 179
231 5 X 221 218
238 4 X 232 231
240 3 X 230 238
131 9 X 80 56
157 8 X 130 131
182 7 X 157 145
209 6 X 177 182
16 14 X 1 2
32 13 X 1 16
61 12 X 32 44
83 11 X 53 61
134 9 X 80 83
160 8 X 130 134
185 7 X 160 145
132 9 X 80 61
158 8 X 130 132
183 7 X 158 145
213 6 X 185 183
226 5 X 209 213
233 4 X 177 226
139 9 X 86 53
165 8 X 139 130
190 7 X 165 144
99 11 X 67 53
129 9 X 78 99
55 12 X 30 13
91 11 X 55 70
111 10 X 67 91
110 10 X 67 55
142 9 X 111 110
156 8 X 129 142
21 14 X 2 1
34 13 X 1 21
23 14 X 2 13
43 13 X 13 23
66 12 X 34 43
98 11 X 66 13
36 13 X 3 23
65 12 X 34 36
97 11 X 65 35
125 10 X 98 97
63 12 X 34 13
95 11 X 63 53
64 12 X 34 35
96 11 X 64 54
124 10 X 95 96
152 9 X 125 124
174 8 X 152 144
181 7 X 156 174
217 6 X 190 181
81 11 X 53 55
118 10 X 85 81
137 9 X 80 118
163 8 X 130 137
188 7 X 163 144
215 6 X 188 181
229 5 X 217 215
234 4 X 177 229
241 3 X 233 234
244 2 X 240 241
245 1 X 243 244
