175
mcqvdd nyhzex paykqm grjvwf yuzetz fekxxx giibwq lirscd hcvpjc yrmkan xturop lxwypx tejzyo ugwoze mxqxnu kxevpt
2 12 4 13 7 9 3 11 14 10 1 6 5 16 15 8
3 17 1 -1 -1
1 17 -1 -1 -1
6 15 X 1 3
26 13 X 3 6
55 12 X 26 6
24 13 X 1 6
53 12 X 24 1
11 14 X 1 3
42 13 X 11 6
12 14 X 1 6
69 12 X 42 12
112 9 X 53 69
121 8 X 53 112
20 14 X 6 1
25 13 X 1 20
54 12 X 25 1
44 13 X 11 20
71 12 X 44 1
114 9 X 54 71
123 8 X 54 114
141 7 X 121 123
155 6 X 55 141
43 13 X 11 12
70 12 X 42 43
113 9 X 53 70
122 8 X 53 113
41 13 X 11 1
72 12 X 44 41
115 9 X 54 72
124 8 X 54 115
142 7 X 122 124
153 6 X 26 142
162 5 X 155 153
35 13 X 3 20
63 12 X 35 20
140 7 X 55 63
154 6 X 55 140
139 7 X 26 35
152 6 X 26 139
161 5 X 154 152
168 4 X 162 161
2 17 0 -1 -1
4 16 X 2 3
10 15 X 4 2
13 14 X 2 10
29 13 X 3 13
5 16 X 3 2
19 14 X 5 3
34 13 X 3 19
59 12 X 29 34
7 15 X 3 2
27 13 X 3 7
9 15 X 3 5
23 14 X 9 3
38 13 X 3 23
57 12 X 27 38
91 11 X 59 57
50 12 X 7 23
107 10 X 91 50
129 8 X 107 3
46 13 X 19 3
74 12 X 46 3
95 11 X 74 3
48 13 X 23 3
76 12 X 48 3
96 11 X 76 3
111 10 X 95 96
133 8 X 111 3
145 7 X 129 133
40 13 X 10 4
68 12 X 40 48
8 15 X 3 4
39 13 X 7 8
67 12 X 39 48
94 11 X 68 67
64 12 X 39 3
110 10 X 94 64
132 8 X 110 3
125 8 X 96 3
148 7 X 132 125
157 6 X 145 148
164 5 X 157 3
18 14 X 3 10
33 13 X 3 18
62 12 X 33 3
15 14 X 3 7
31 13 X 3 15
61 12 X 31 3
93 11 X 62 61
89 11 X 57 50
109 10 X 93 89
131 8 X 109 3
101 10 X 3 96
126 8 X 101 3
147 7 X 131 126
14 14 X 3 4
30 13 X 3 14
60 12 X 30 3
16 14 X 3 8
45 13 X 15 16
73 12 X 45 3
92 11 X 60 73
28 13 X 3 8
58 12 X 28 3
90 11 X 58 64
108 10 X 92 90
130 8 X 108 3
146 7 X 130 126
158 6 X 147 146
165 5 X 158 3
171 4 X 164 165
78 11 X 13 7
103 10 X 78 7
128 8 X 103 3
17 14 X 3 9
32 13 X 3 17
97 10 X 3 32
116 9 X 97 3
80 11 X 32 3
98 10 X 3 80
117 9 X 98 3
134 8 X 116 117
144 7 X 128 134
77 11 X 10 39
51 12 X 7 27
65 12 X 39 28
86 11 X 51 65
102 10 X 77 86
127 8 X 102 3
135 8 X 117 3
143 7 X 127 135
156 6 X 144 143
163 5 X 156 3
21 14 X 7 3
36 13 X 3 21
84 11 X 36 21
99 10 X 3 84
52 12 X 15 3
82 11 X 33 52
56 12 X 27 36
49 12 X 7 21
87 11 X 56 49
105 10 X 82 87
118 9 X 99 105
136 8 X 118 3
149 7 X 136 3
22 14 X 8 3
47 13 X 21 22
37 13 X 3 22
75 12 X 47 37
85 11 X 36 75
100 10 X 3 85
81 11 X 33 45
79 11 X 27 65
104 10 X 81 79
119 9 X 100 104
137 8 X 119 3
150 7 X 137 3
159 6 X 149 150
166 5 X 159 3
169 4 X 163 166
172 3 X 171 169
83 11 X 33 73
66 12 X 39 37
88 11 X 56 66
106 10 X 83 88
120 9 X 100 106
138 8 X 120 3
151 7 X 138 3
160 6 X 149 151
167 5 X 160 3
170 4 X 163 167
173 3 X 171 170
174 2 X 172 173
175 1 X 168 174
