308
mffblq vgvbkg wpqepx mofxvy mnhetg bavsyp ibejeh ivtgls prufep jlvlwr vrabhl utppvg fstqrr crzhaf liydjk huaerd
15 2 5 1 9 13 16 8 12 14 3 6 10 4 7 11
3 17 1 -1 -1
1 17 -1 -1 -1
9 15 X 1 3
20 14 X 3 9
37 13 X 20 1
61 12 X 37 1
8 16 X 3 1
16 15 X 8 3
23 14 X 16 9
47 13 X 23 16
91 11 X 47 61
133 10 X 61 91
45 13 X 23 1
88 11 X 45 61
132 10 X 61 88
184 9 X 133 132
89 11 X 47 1
121 10 X 1 89
86 11 X 45 1
119 10 X 1 86
175 9 X 121 119
215 8 X 184 175
71 11 X 9 1
113 10 X 1 71
30 13 X 9 1
78 11 X 30 1
116 10 X 1 78
165 9 X 113 116
253 7 X 215 165
240 7 X 175 165
276 6 X 253 240
2 17 0 -1 -1
12 15 X 2 3
53 12 X 12 9
99 11 X 53 1
126 10 X 1 99
182 9 X 126 116
212 8 X 182 165
254 7 X 215 212
241 7 X 175 212
277 6 X 254 241
289 5 X 276 277
41 13 X 20 16
38 13 X 20 3
85 11 X 41 38
90 11 X 47 38
148 10 X 85 90
5 16 X 1 3
10 15 X 1 5
46 13 X 23 10
68 12 X 45 46
39 13 X 20 5
64 12 X 37 39
111 11 X 68 64
152 10 X 85 111
194 9 X 148 152
110 11 X 68 1
129 10 X 1 110
177 9 X 121 129
229 8 X 194 177
40 13 X 20 9
83 11 X 40 38
72 11 X 9 38
138 10 X 83 72
31 13 X 9 10
57 12 X 30 31
102 11 X 57 64
143 10 X 83 102
188 9 X 138 143
100 11 X 57 1
127 10 X 1 100
167 9 X 113 127
219 8 X 188 167
261 7 X 229 219
122 10 X 1 90
130 10 X 1 111
181 9 X 122 130
211 8 X 181 177
65 12 X 38 3
74 11 X 9 65
114 10 X 1 74
27 13 X 3 5
63 12 X 37 27
101 11 X 57 63
128 10 X 1 101
171 9 X 114 128
209 8 X 171 167
249 7 X 211 209
281 6 X 261 249
4 16 X 1 2
13 15 X 4 1
33 13 X 13 1
59 12 X 33 1
11 15 X 2 1
32 13 X 11 1
58 12 X 32 1
104 11 X 59 58
14 15 X 4 3
34 13 X 14 9
60 12 X 34 9
105 11 X 60 1
154 10 X 104 105
198 9 X 154 127
220 8 X 188 198
262 7 X 229 220
108 11 X 60 65
156 10 X 104 108
201 9 X 156 128
234 8 X 201 198
250 7 X 211 234
282 6 X 262 250
292 5 X 281 282
300 4 X 289 292
87 11 X 45 37
147 10 X 85 87
192 9 X 148 147
79 11 X 30 37
140 10 X 83 79
186 9 X 138 140
243 7 X 192 186
120 10 X 1 87
179 9 X 122 120
226 8 X 192 179
28 13 X 3 9
67 12 X 40 28
109 11 X 67 65
158 10 X 109 74
26 13 X 3 1
62 12 X 37 26
80 11 X 30 62
159 10 X 109 80
203 9 X 158 159
117 10 X 1 80
169 9 X 114 117
236 8 X 203 169
257 7 X 226 236
270 6 X 243 257
245 7 X 194 188
230 8 X 194 181
161 10 X 109 101
205 9 X 158 161
238 8 X 205 171
263 7 X 230 238
272 6 X 245 263
295 4 X 270 272
305 3 X 300 295
131 10 X 61 1
183 9 X 133 131
174 9 X 121 1
214 8 X 183 174
164 9 X 113 1
252 7 X 214 164
239 7 X 174 164
275 6 X 252 239
49 12 X 1 10
21 14 X 5 10
42 13 X 21 5
51 12 X 1 42
95 11 X 49 51
150 10 X 85 95
193 9 X 148 150
93 11 X 49 1
123 10 X 1 93
176 9 X 121 123
227 8 X 193 176
141 10 X 83 95
187 9 X 138 141
166 9 X 113 123
217 8 X 187 166
258 7 X 227 217
125 10 X 1 95
180 9 X 122 125
210 8 X 180 176
48 12 X 1 5
94 11 X 49 48
124 10 X 1 94
170 9 X 114 124
208 8 X 170 166
247 7 X 210 208
279 6 X 258 247
107 11 X 60 58
155 10 X 104 107
199 9 X 155 123
218 8 X 187 199
259 7 X 227 218
200 9 X 156 124
197 9 X 154 123
233 8 X 200 197
248 7 X 210 233
280 6 X 259 248
291 5 X 279 280
296 4 X 275 291
146 10 X 85 1
191 9 X 148 146
137 10 X 83 1
185 9 X 138 137
242 7 X 191 185
178 9 X 122 1
225 8 X 191 178
157 10 X 109 1
202 9 X 158 157
168 9 X 114 1
235 8 X 202 168
256 7 X 225 235
269 6 X 242 256
267 6 X 1 256
286 5 X 269 267
244 7 X 193 187
228 8 X 193 180
160 10 X 109 94
204 9 X 158 160
237 8 X 204 170
260 7 X 228 237
271 6 X 244 260
268 6 X 1 260
287 5 X 271 268
298 4 X 286 287
302 3 X 296 298
307 2 X 305 302
297 4 X 276 281
303 3 X 297 295
18 14 X 1 9
19 14 X 1 16
36 13 X 18 19
81 11 X 36 1
118 10 X 1 81
173 9 X 118 1
213 8 X 183 173
76 11 X 18 1
115 10 X 1 76
172 9 X 115 1
207 8 X 164 172
251 7 X 213 207
274 6 X 251 239
288 5 X 274 275
7 16 X 2 3
6 16 X 2 1
15 15 X 6 7
22 14 X 7 15
43 13 X 22 3
66 12 X 38 43
92 11 X 47 66
149 10 X 85 92
44 13 X 22 5
52 12 X 1 44
96 11 X 49 52
151 10 X 85 96
195 9 X 149 151
231 8 X 195 176
75 11 X 9 66
139 10 X 83 75
142 10 X 83 96
189 9 X 139 142
221 8 X 189 166
264 7 X 231 221
283 6 X 264 247
25 13 X 2 3
56 12 X 25 43
84 11 X 40 56
73 11 X 9 56
144 10 X 84 73
24 13 X 2 1
55 12 X 24 44
98 11 X 49 55
145 10 X 84 98
190 9 X 144 145
29 13 X 6 1
54 12 X 24 29
103 11 X 59 54
106 11 X 60 54
153 10 X 103 106
70 11 X 1 54
97 11 X 49 54
134 10 X 70 97
196 9 X 153 134
223 8 X 190 196
265 7 X 231 223
284 6 X 265 247
293 5 X 283 284
299 4 X 288 293
17 14 X 1 3
35 13 X 18 17
82 11 X 36 35
136 10 X 82 1
163 9 X 82 136
224 8 X 191 163
77 11 X 18 35
135 10 X 77 1
162 9 X 77 135
216 8 X 185 162
255 7 X 224 216
278 6 X 255 256
290 5 X 278 267
232 8 X 195 193
222 8 X 189 187
266 7 X 232 222
285 6 X 266 260
50 12 X 1 29
69 11 X 1 50
112 10 X 1 69
206 8 X 112 1
246 7 X 206 69
273 6 X 246 260
294 5 X 285 273
301 4 X 290 294
304 3 X 299 301
306 2 X 303 304
308 1 X 307 306
