50
idjpie febdko cswnbb ptivgi wvzkzw wqrycd edgnxw nkcsyz vwhdxd siwqtu jhpmst ymffxm ynerkl dgnvhz
11 10 5 8 2 12 4 9 6 13 1 14 3 7
3 15 1 -1 -1
1 15 -1 -1 -1
8 13 X 3 1
5 14 X 3 1
9 13 X 3 5
18 11 X 8 9
24 9 X 18 3
23 9 X 8 3
33 7 X 24 23
43 4 X 3 33
46 3 X 3 43
2 15 0 -1 -1
7 13 X 2 3
11 12 X 3 7
17 11 X 3 11
21 10 X 17 3
15 11 X 3 7
20 10 X 15 3
25 9 X 21 20
28 8 X 3 25
36 7 X 28 20
31 7 X 3 20
40 6 X 36 31
22 9 X 3 20
30 8 X 20 22
32 7 X 3 30
38 6 X 30 32
42 5 X 40 38
45 4 X 3 42
48 3 X 45 43
6 14 X 3 2
14 11 X 3 6
26 8 X 3 14
12 11 X 3 2
4 14 X 2 3
13 11 X 3 4
19 10 X 12 13
29 8 X 20 19
34 7 X 26 29
10 13 X 3 6
16 11 X 3 10
27 8 X 3 16
35 7 X 27 29
39 6 X 34 35
37 6 X 3 27
41 5 X 39 37
44 4 X 3 41
47 3 X 44 43
49 2 X 48 47
50 1 X 46 49
