44
atatkq zbkfpc tpmuoa pqunxc sautbq nyrrwx cbegkx kdwtcp ywsngb bjowho ewtfsr llepuk
9 12 8 2 11 3 4 7 1 5 10 6
3 13 1 -1 -1
1 13 -1 -1 -1
6 11 X 3 1
13 9 X 6 1
18 8 X 3 13
27 7 X 18 3
30 6 X 3 27
2 13 0 -1 -1
4 12 X 3 2
7 11 X 3 4
10 10 X 7 3
12 9 X 3 10
8 10 X 3 4
15 8 X 3 8
23 7 X 12 15
14 9 X 10 3
5 11 X 2 4
9 10 X 3 5
16 8 X 3 9
26 7 X 14 16
33 5 X 23 26
38 4 X 30 33
11 9 X 3 8
17 8 X 3 11
22 7 X 3 17
24 7 X 12 17
32 6 X 22 24
35 5 X 32 22
39 4 X 30 35
41 3 X 38 39
43 2 X 3 41
25 7 X 13 3
20 8 X 12 3
29 7 X 20 15
19 8 X 10 3
28 7 X 19 15
34 5 X 29 28
37 4 X 25 34
21 7 X 3 15
31 6 X 21 28
36 4 X 25 31
40 3 X 37 36
42 2 X 3 40
44 1 X 43 42
