194
hwfcbs xvgkji kvevbo qvvgsv epxzbr qjqorq eogeuo refzhl waxler wbumdy fmjhuy vrzcej jcsnxn gbhazt rfmefl cfsxzm
12 15 11 5 7 1 16 3 8 2 14 9 6 13 4 10
1 17 -1 -1 -1
3 17 1 -1 -1
36 13 X 1 3
8 16 X 3 1
24 14 X 3 8
39 13 X 1 24
69 11 X 36 39
22 14 X 3 1
37 13 X 1 22
68 11 X 36 37
148 7 X 69 68
5 16 X 1 3
23 14 X 3 5
38 13 X 1 23
80 11 X 38 37
100 10 X 69 80
130 8 X 100 69
99 10 X 68 80
129 8 X 99 68
150 7 X 130 129
164 6 X 148 150
2 17 0 -1 -1
6 16 X 2 1
14 15 X 6 1
18 14 X 1 14
7 16 X 2 3
15 15 X 7 3
28 14 X 3 15
47 13 X 18 28
42 13 X 1 28
61 12 X 47 42
92 11 X 61 37
81 11 X 42 37
107 10 X 92 81
117 9 X 68 107
4 16 X 1 2
13 15 X 4 1
17 14 X 1 13
26 14 X 3 13
46 13 X 17 26
73 11 X 36 46
60 12 X 47 36
11 15 X 2 1
16 14 X 1 11
25 14 X 3 11
45 13 X 16 25
59 12 X 45 46
91 11 X 60 59
101 10 X 73 91
40 13 X 1 25
57 12 X 45 40
93 11 X 61 57
82 11 X 42 40
108 10 X 93 82
126 9 X 101 108
135 8 X 117 126
149 7 X 69 135
166 6 X 149 150
179 5 X 164 166
83 11 X 47 37
120 9 X 83 107
84 11 X 47 45
121 9 X 84 82
137 8 X 120 121
144 7 X 68 137
158 6 X 144 68
169 5 X 68 158
186 4 X 179 169
155 6 X 68 129
122 9 X 84 108
138 8 X 120 122
145 7 X 68 138
160 6 X 145 129
177 5 X 155 160
182 4 X 177 169
190 3 X 186 182
89 11 X 60 37
54 12 X 42 36
87 11 X 54 37
105 10 X 89 87
124 9 X 89 105
139 8 X 124 121
146 7 X 68 139
161 6 X 146 68
170 5 X 68 161
187 4 X 179 170
20 14 X 2 6
21 14 X 2 7
48 13 X 20 21
62 12 X 48 36
95 11 X 62 37
9 15 X 1 2
31 14 X 9 6
12 15 X 3 2
35 14 X 12 7
51 13 X 31 35
64 12 X 51 36
96 11 X 64 37
10 15 X 1 6
32 14 X 9 10
52 13 X 32 35
65 12 X 52 36
97 11 X 65 37
110 10 X 96 97
125 9 X 95 110
85 11 X 48 2
34 14 X 12 2
44 13 X 9 34
86 11 X 52 44
123 9 X 85 86
140 8 X 125 123
147 7 X 68 140
19 14 X 2 1
67 11 X 36 19
29 14 X 9 1
33 14 X 12 1
49 13 X 29 33
74 11 X 36 49
112 9 X 67 74
127 8 X 68 112
141 7 X 68 127
162 6 X 147 141
171 5 X 68 162
183 4 X 177 171
191 3 X 187 183
193 2 X 190 191
43 13 X 3 23
98 10 X 3 43
128 8 X 98 3
163 6 X 148 128
165 6 X 149 128
178 5 X 163 165
153 6 X 68 3
27 14 X 3 14
41 13 X 1 27
58 12 X 45 41
94 11 X 61 58
109 10 X 94 81
118 9 X 68 109
136 8 X 118 68
78 11 X 36 58
103 10 X 78 68
114 9 X 68 103
72 11 X 36 45
70 11 X 36 40
119 9 X 72 70
132 8 X 114 119
152 7 X 136 132
168 6 X 152 3
175 5 X 153 168
185 4 X 178 175
154 6 X 68 128
159 6 X 145 128
176 5 X 154 159
142 7 X 68 132
156 6 X 142 3
172 5 X 153 156
180 4 X 176 172
189 3 X 185 180
56 12 X 45 37
90 11 X 60 56
53 12 X 40 37
88 11 X 54 53
106 10 X 90 88
116 9 X 68 106
134 8 X 116 68
77 11 X 36 56
75 11 X 36 53
102 10 X 77 75
113 9 X 68 102
131 8 X 113 119
151 7 X 134 131
167 6 X 151 3
174 5 X 153 167
184 4 X 178 174
30 14 X 9 2
50 13 X 30 34
63 12 X 50 37
79 11 X 36 63
55 12 X 44 37
76 11 X 36 55
104 10 X 79 76
115 9 X 68 104
66 11 X 36 2
71 11 X 36 44
111 9 X 66 71
133 8 X 115 111
143 7 X 68 133
157 6 X 143 3
173 5 X 153 157
181 4 X 176 173
188 3 X 184 181
192 2 X 189 188
194 1 X 193 192
