324
qhbuwu tyyjlw mfvcbf fhjzuv pylxnb jcfqno dzuwnq zbseok bpkiek cnoauu haazfj upwjst vjecut wpxqfc wpjxjt mgsoze
12 5 4 3 8 11 14 6 16 9 13 15 1 10 7 2
3 17 1 -1 -1
1 17 -1 -1 -1
7 15 X 1 3
65 11 X 1 7
146 9 X 3 65
41 12 X 3 1
42 12 X 3 7
91 11 X 41 42
174 9 X 91 65
207 8 X 146 174
257 7 X 207 3
2 17 0 -1 -1
12 14 X 3 2
24 13 X 2 12
56 12 X 24 3
73 11 X 3 56
36 12 X 2 3
71 11 X 3 36
119 10 X 73 71
182 9 X 119 3
200 8 X 119 182
244 7 X 3 200
289 6 X 257 244
305 5 X 289 1
9 15 X 3 1
108 10 X 3 9
148 9 X 3 108
258 7 X 207 148
6 16 X 3 2
16 14 X 6 3
32 13 X 16 3
11 14 X 2 3
30 13 X 11 3
61 12 X 30 3
89 11 X 32 61
51 12 X 11 3
84 11 X 16 51
138 10 X 89 84
13 14 X 3 6
29 13 X 6 13
86 11 X 29 56
4 16 X 1 2
10 15 X 6 4
21 14 X 10 9
50 12 X 10 21
37 12 X 2 9
99 11 X 50 37
135 10 X 86 99
187 9 X 138 135
186 9 X 138 108
228 8 X 187 186
254 7 X 3 228
290 6 X 258 254
306 5 X 290 1
317 4 X 305 306
85 11 X 29 24
78 11 X 6 2
133 10 X 85 78
183 9 X 133 3
204 8 X 133 183
245 7 X 3 204
272 6 X 3 245
28 13 X 4 1
58 12 X 28 1
22 13 X 2 1
54 12 X 22 1
103 11 X 58 54
175 9 X 103 1
193 8 X 103 175
231 7 X 1 193
267 6 X 1 231
295 5 X 272 267
239 7 X 3 148
88 11 X 32 30
83 11 X 16 11
137 10 X 88 83
98 11 X 50 2
134 10 X 85 98
185 9 X 137 134
184 9 X 137 108
227 8 X 185 184
253 7 X 3 227
282 6 X 239 253
8 15 X 2 4
20 14 X 8 2
34 13 X 20 1
64 12 X 34 1
104 11 X 58 64
177 9 X 104 1
195 8 X 103 177
233 7 X 1 195
269 6 X 1 233
298 5 X 282 269
311 4 X 295 298
321 3 X 317 311
79 11 X 6 36
47 12 X 6 3
81 11 X 6 47
169 9 X 79 81
192 8 X 79 169
243 7 X 3 192
288 6 X 257 243
5 16 X 2 1
23 13 X 2 5
55 12 X 23 1
77 11 X 4 55
176 9 X 103 58
190 8 X 77 176
230 7 X 1 190
266 6 X 1 230
304 5 X 288 266
14 14 X 3 9
109 10 X 3 14
149 9 X 3 109
259 7 X 207 149
18 14 X 6 10
17 14 X 6 9
53 12 X 18 17
38 12 X 2 14
102 11 X 53 38
130 10 X 79 102
173 9 X 84 130
172 9 X 84 109
226 8 X 173 172
252 7 X 3 226
291 6 X 259 252
15 14 X 4 1
46 12 X 4 15
95 11 X 46 55
126 10 X 77 95
203 8 X 126 175
237 7 X 1 203
270 6 X 1 237
307 5 X 291 270
316 4 X 304 307
168 9 X 78 6
191 8 X 78 168
242 7 X 3 191
271 6 X 3 242
194 8 X 103 176
232 7 X 1 194
268 6 X 1 232
294 5 X 271 268
240 7 X 3 149
101 11 X 53 2
129 10 X 78 101
171 9 X 83 129
170 9 X 83 109
225 8 X 171 170
251 7 X 3 225
283 6 X 240 251
299 5 X 283 269
310 4 X 294 299
320 3 X 316 310
323 2 X 321 320
63 12 X 32 3
76 11 X 3 63
122 10 X 76 3
156 9 X 3 122
214 8 X 156 3
26 13 X 3 13
60 12 X 29 26
75 11 X 3 60
25 13 X 3 6
39 12 X 2 25
72 11 X 3 39
121 10 X 75 72
155 9 X 3 121
213 8 X 155 3
57 12 X 24 26
74 11 X 3 57
120 10 X 74 72
154 9 X 3 120
212 8 X 154 3
263 7 X 213 212
277 6 X 214 263
19 14 X 7 1
35 12 X 1 19
66 11 X 1 35
107 10 X 1 66
273 6 X 107 1
297 5 X 277 273
123 10 X 76 9
157 9 X 3 123
215 8 X 157 148
264 7 X 214 215
87 11 X 29 60
96 11 X 47 36
136 10 X 87 96
162 9 X 3 136
220 8 X 162 3
59 12 X 29 3
106 11 X 59 57
49 12 X 10 9
97 11 X 49 37
144 10 X 106 97
167 9 X 3 144
224 8 X 167 148
265 7 X 220 224
293 6 X 264 265
309 5 X 293 273
313 4 X 297 309
70 11 X 3 32
117 10 X 70 3
152 9 X 3 117
210 8 X 152 3
110 10 X 29 2
150 9 X 3 110
208 8 X 150 3
105 11 X 59 24
90 11 X 36 2
142 10 X 105 90
165 9 X 3 142
222 8 X 165 3
260 7 X 208 222
276 6 X 210 260
31 13 X 15 1
62 12 X 31 1
67 11 X 1 62
116 10 X 67 66
181 9 X 116 107
199 8 X 116 181
112 10 X 58 54
178 9 X 112 1
196 8 X 112 178
141 10 X 103 54
188 9 X 141 1
205 8 X 141 188
255 7 X 196 205
274 6 X 199 255
296 5 X 276 274
118 10 X 70 9
153 9 X 3 118
211 8 X 153 148
262 7 X 210 211
111 10 X 29 96
151 9 X 3 111
209 8 X 151 3
143 10 X 105 97
166 9 X 3 143
223 8 X 166 148
261 7 X 209 223
292 6 X 262 261
113 10 X 58 103
114 10 X 58 104
179 9 X 114 1
197 8 X 113 179
256 7 X 197 195
275 6 X 199 256
308 5 X 292 275
312 4 X 296 308
318 3 X 313 312
27 13 X 3 16
44 12 X 3 27
93 11 X 44 16
140 10 X 93 3
164 9 X 3 140
241 7 X 3 164
33 13 X 16 6
40 12 X 2 33
80 11 X 6 40
68 11 X 2 40
131 10 X 80 68
160 9 X 3 131
48 12 X 6 33
82 11 X 6 48
147 9 X 3 82
218 8 X 160 147
248 7 X 3 218
285 6 X 241 248
115 10 X 67 1
229 7 X 1 115
69 11 X 2 55
124 10 X 77 69
189 9 X 141 58
201 8 X 124 189
235 7 X 1 201
278 6 X 229 235
301 5 X 285 278
43 12 X 3 16
92 11 X 43 16
139 10 X 92 14
163 9 X 3 139
221 8 X 163 149
250 7 X 3 221
52 12 X 18 14
100 11 X 52 38
132 10 X 80 100
161 9 X 3 132
219 8 X 161 149
249 7 X 3 219
287 6 X 250 249
180 9 X 115 1
198 8 X 115 180
234 7 X 1 198
45 12 X 4 1
94 11 X 45 55
125 10 X 77 94
202 8 X 125 175
236 7 X 1 202
281 6 X 234 236
303 5 X 287 281
315 4 X 301 303
127 10 X 78 2
158 9 X 3 127
145 9 X 3 6
216 8 X 158 145
246 7 X 3 216
284 6 X 241 246
206 8 X 141 189
238 7 X 1 206
279 6 X 229 238
300 5 X 284 279
128 10 X 78 100
159 9 X 3 128
217 8 X 159 149
247 7 X 3 217
286 6 X 250 247
280 6 X 234 233
302 5 X 286 280
314 4 X 300 302
319 3 X 315 314
322 2 X 318 319
324 1 X 323 322
