339
jdsrai rzjhpr bavyiy hxjkgz tzcvey nlnbrt tmuksx hzeyob kkhtyo acyvgn rwjclw fogled agdnxm gvykdn ijkksq shbwan rrnhoe hkfqkr
15 11 12 8 13 16 6 17 2 3 1 9 7 14 4 10 5 18
1 19 -1 -1 -1
2 19 0 -1 -1
4 18 X 2 1
10 17 X 4 1
23 15 X 10 1
61 13 X 1 23
127 11 X 61 1
179 10 X 127 1
17 16 X 1 10
30 15 X 17 1
62 13 X 1 30
57 14 X 23 30
64 13 X 1 57
103 12 X 62 64
128 11 X 61 103
180 10 X 128 1
234 9 X 179 180
3 18 X 1 2
9 17 X 3 1
16 16 X 1 9
29 15 X 16 1
45 14 X 1 29
8 17 X 2 1
15 16 X 1 8
28 15 X 15 1
60 14 X 30 28
78 13 X 45 60
56 14 X 23 28
77 13 X 45 56
109 12 X 78 77
169 10 X 109 1
215 9 X 1 169
260 8 X 234 215
46 14 X 1 30
63 13 X 1 46
120 11 X 1 63
172 10 X 120 1
218 9 X 1 172
44 14 X 1 28
75 13 X 45 44
121 11 X 1 75
173 10 X 121 1
219 9 X 1 173
248 8 X 218 219
288 7 X 260 248
306 6 X 288 1
52 14 X 23 1
98 12 X 52 1
138 11 X 98 1
190 10 X 138 1
59 14 X 30 1
100 12 X 59 52
139 11 X 98 100
191 10 X 139 1
239 9 X 190 191
99 12 X 59 1
140 11 X 99 100
192 10 X 140 1
224 9 X 1 192
265 8 X 239 224
293 7 X 265 1
311 6 X 293 1
323 5 X 306 311
273 7 X 1 248
298 6 X 273 1
84 13 X 52 1
113 12 X 84 1
152 11 X 113 1
202 10 X 152 1
90 13 X 59 1
117 12 X 90 84
153 11 X 113 117
203 10 X 153 1
245 9 X 202 203
271 8 X 245 1
294 7 X 271 1
313 6 X 294 1
316 5 X 298 313
315 5 X 298 1
328 4 X 316 315
334 3 X 323 328
125 11 X 23 1
177 10 X 125 1
96 12 X 30 57
126 11 X 23 96
178 10 X 126 1
233 9 X 177 178
102 12 X 60 56
168 10 X 102 1
214 9 X 1 168
259 8 X 233 214
119 11 X 1 46
171 10 X 119 1
217 9 X 1 171
118 11 X 1 44
170 10 X 118 1
216 9 X 1 170
247 8 X 217 216
287 7 X 259 247
305 6 X 287 1
322 5 X 305 311
65 13 X 23 1
129 11 X 65 1
181 10 X 129 1
66 13 X 30 1
87 13 X 57 1
104 12 X 66 87
130 11 X 65 104
182 10 X 130 1
235 9 X 181 182
261 8 X 235 1
289 7 X 261 247
307 6 X 289 1
324 5 X 307 313
39 14 X 1 23
69 13 X 39 1
131 11 X 69 1
183 10 X 131 1
79 13 X 46 1
132 11 X 69 79
184 10 X 132 1
236 9 X 183 184
262 8 X 236 1
290 7 X 262 247
308 6 X 290 1
325 5 X 308 1
331 4 X 324 325
333 3 X 322 331
337 2 X 334 333
22 15 X 8 1
55 14 X 23 22
76 13 X 45 55
133 11 X 76 1
185 10 X 133 1
134 11 X 76 109
186 10 X 134 1
237 9 X 185 186
263 8 X 237 215
38 14 X 1 22
74 13 X 45 38
108 12 X 74 75
145 11 X 108 1
195 10 X 145 1
146 11 X 108 75
196 10 X 146 1
240 9 X 195 196
165 10 X 75 1
211 9 X 1 165
266 8 X 240 211
291 7 X 263 266
309 6 X 291 1
20 16 X 10 8
54 14 X 23 20
53 14 X 23 8
86 13 X 54 53
33 15 X 20 1
58 14 X 23 33
89 13 X 58 55
115 12 X 86 89
155 11 X 115 1
161 10 X 1 155
232 9 X 161 1
258 8 X 232 1
36 14 X 1 16
35 14 X 1 9
67 13 X 36 35
105 12 X 67 45
142 11 X 105 1
158 10 X 1 142
229 9 X 158 1
255 8 X 229 1
285 7 X 258 255
312 6 X 293 285
326 5 X 309 312
226 9 X 133 134
207 9 X 1 109
252 8 X 226 207
227 9 X 145 146
206 9 X 1 75
253 8 X 227 206
283 7 X 252 253
304 6 X 283 1
116 12 X 89 1
156 11 X 116 1
204 10 X 156 155
157 11 X 116 102
136 11 X 89 102
205 10 X 157 136
246 9 X 204 205
101 12 X 60 1
141 11 X 101 102
193 10 X 141 102
225 9 X 1 193
272 8 X 246 225
49 14 X 1 33
81 13 X 49 38
111 12 X 81 1
148 11 X 111 1
37 14 X 1 20
34 14 X 1 8
68 13 X 37 34
106 12 X 68 44
143 11 X 106 1
198 10 X 148 143
149 11 X 111 44
112 12 X 81 44
151 11 X 112 44
199 10 X 149 151
242 9 X 198 199
97 12 X 44 1
137 11 X 97 44
189 10 X 137 44
223 9 X 1 189
268 8 X 242 223
295 7 X 272 268
159 10 X 1 143
230 9 X 159 1
256 8 X 230 1
286 7 X 258 256
314 6 X 295 286
321 5 X 304 314
332 4 X 326 321
276 7 X 1 266
300 6 X 276 1
275 7 X 1 255
296 6 X 1 275
318 5 X 300 296
12 16 X 1 3
25 15 X 12 1
41 14 X 1 25
18 16 X 8 2
31 15 X 18 1
47 14 X 1 31
71 13 X 41 47
11 16 X 1 2
24 15 X 11 1
40 14 X 1 24
70 13 X 41 40
107 12 X 71 70
144 11 X 107 70
194 10 X 144 1
228 9 X 145 194
164 10 X 70 1
210 9 X 1 164
254 8 X 228 210
274 7 X 1 254
6 17 X 1 3
14 16 X 1 6
27 15 X 14 1
43 14 X 1 27
72 13 X 43 1
92 12 X 1 72
122 11 X 1 92
174 10 X 122 1
220 9 X 1 174
249 8 X 220 1
5 17 X 1 2
13 16 X 1 5
26 15 X 13 1
42 14 X 1 26
73 13 X 43 42
93 12 X 1 73
167 10 X 93 1
213 9 X 1 167
280 7 X 249 213
299 6 X 274 280
241 9 X 198 1
267 8 X 241 1
277 7 X 1 267
85 13 X 54 1
88 13 X 58 1
114 12 X 85 88
154 11 X 114 1
160 10 X 1 154
7 17 X 1 4
21 15 X 7 1
50 14 X 21 1
82 13 X 50 1
94 12 X 1 82
123 11 X 1 94
175 10 X 123 1
231 9 X 160 175
257 8 X 231 1
284 7 X 257 256
301 6 X 277 284
317 5 X 299 301
329 4 X 318 317
336 3 X 332 329
135 11 X 89 1
187 10 X 135 1
188 10 X 136 1
238 9 X 187 188
264 8 X 238 214
150 11 X 112 1
200 10 X 150 1
201 10 X 151 1
244 9 X 200 201
163 10 X 44 1
209 9 X 1 163
270 8 X 244 209
292 7 X 264 270
310 6 X 292 1
327 5 X 310 311
279 7 X 1 270
303 6 X 279 1
320 5 X 303 1
19 16 X 10 2
32 15 X 19 1
48 14 X 1 32
80 13 X 48 47
110 12 X 80 40
147 11 X 110 40
197 10 X 147 1
243 9 X 200 197
162 10 X 40 1
208 9 X 1 162
269 8 X 243 208
278 7 X 1 269
51 14 X 21 26
83 13 X 51 1
95 12 X 1 83
124 11 X 1 95
176 10 X 124 1
222 9 X 1 176
251 8 X 222 1
91 12 X 1 42
166 10 X 91 1
212 9 X 1 166
282 7 X 251 212
302 6 X 278 282
221 9 X 1 175
250 8 X 221 1
281 7 X 250 1
297 6 X 1 281
319 5 X 302 297
330 4 X 320 319
335 3 X 327 330
338 2 X 336 335
339 1 X 337 338
