54
nphkas ehffdf xlpqcu pivjuc ivllkd kuqdkk wxheam wotsqh ezwxhj fvbsld ajxihj hclrja atgrhk wbzdgh
1 11 6 14 10 13 4 3 2 8 7 9 5 12
1 15 -1 -1 -1
2 15 0 -1 -1
4 14 X 2 1
7 13 X 4 1
3 14 X 1 2
6 13 X 3 1
12 12 X 6 1
14 11 X 7 12
20 10 X 1 14
29 9 X 20 1
8 12 X 1 4
10 12 X 4 1
16 11 X 8 10
5 13 X 2 1
11 12 X 5 1
17 11 X 8 11
25 10 X 16 17
34 9 X 25 1
37 8 X 29 34
36 8 X 29 1
42 7 X 37 36
9 12 X 1 7
19 11 X 9 1
26 10 X 19 1
28 9 X 19 26
35 8 X 1 28
41 7 X 35 1
45 6 X 42 41
48 5 X 45 1
50 4 X 1 48
13 11 X 4 1
21 10 X 13 1
30 9 X 20 21
15 11 X 8 1
18 11 X 8 12
23 10 X 15 18
22 10 X 15 1
31 9 X 23 22
38 8 X 30 31
43 7 X 38 36
46 6 X 43 41
24 10 X 15 19
33 9 X 24 22
27 9 X 15 22
40 8 X 33 27
32 9 X 24 1
39 8 X 32 1
44 7 X 40 39
47 6 X 44 41
49 5 X 46 47
51 4 X 1 49
52 3 X 50 51
53 2 X 1 52
54 1 X 1 53
