354
pxddfl xxavhw kvgwae zmzwvp jmvivk mwslgr gptyxh sypxsz ywpgqg zjzfbo yqyjhc tatvjx rhxiwz jtdnuy xqufaa hvhtvn yhgvey latjto otvems suxryt
3 15 1 16 6 9 11 7 4 17 2 10 12 8 14 18 5 19 13 20
3 21 1 -1 -1
1 21 -1 -1 -1
5 20 X 1 3
13 18 X 3 5
90 14 X 3 13
164 12 X 90 3
225 10 X 90 164
267 9 X 225 3
24 17 X 3 1
34 17 X 13 1
101 14 X 24 34
166 12 X 101 24
226 10 X 90 166
224 10 X 3 24
268 9 X 226 224
316 6 X 268 267
327 5 X 267 316
314 6 X 224 3
326 5 X 3 314
342 4 X 327 326
2 21 0 -1 -1
7 20 X 3 2
11 19 X 3 7
32 17 X 11 3
49 16 X 3 32
78 15 X 49 32
119 14 X 78 3
17 18 X 3 11
38 17 X 17 3
54 16 X 3 38
83 15 X 54 3
122 14 X 83 3
148 13 X 119 122
187 12 X 148 3
197 11 X 3 187
238 10 X 187 197
258 9 X 3 238
28 17 X 7 3
47 16 X 3 28
120 14 X 78 47
149 13 X 120 83
188 12 X 149 3
198 11 X 3 188
239 10 X 188 198
259 9 X 3 239
295 8 X 258 259
305 7 X 3 295
147 13 X 119 3
186 12 X 147 3
196 11 X 3 186
237 10 X 186 196
257 9 X 3 237
15 18 X 3 7
36 17 X 15 3
52 16 X 3 36
81 15 X 52 3
98 14 X 3 81
151 13 X 120 98
92 14 X 3 47
76 15 X 47 3
96 14 X 3 76
127 13 X 92 96
189 12 X 151 127
157 12 X 3 127
207 11 X 157 189
240 10 X 189 207
260 9 X 3 240
294 8 X 257 260
304 7 X 3 294
320 6 X 305 304
67 16 X 32 3
79 15 X 49 67
121 14 X 79 76
201 11 X 121 120
31 17 X 11 1
64 16 X 24 31
88 15 X 64 31
27 17 X 7 1
62 16 X 24 27
125 14 X 88 62
161 12 X 24 125
212 11 X 161 125
244 10 X 201 212
266 9 X 224 244
288 8 X 224 266
306 7 X 224 288
152 13 X 121 96
150 13 X 120 92
205 11 X 152 150
160 12 X 3 150
211 11 X 160 150
245 10 X 205 211
263 9 X 3 245
284 8 X 3 263
303 7 X 3 284
321 6 X 306 303
338 5 X 320 321
341 4 X 326 338
348 3 X 342 341
280 8 X 1 267
68 15 X 1 3
69 15 X 1 13
112 14 X 68 69
169 12 X 112 68
227 10 X 112 169
269 9 X 227 68
299 8 X 269 267
329 5 X 280 299
279 8 X 1 3
286 8 X 68 3
328 5 X 279 286
343 4 X 329 328
8 19 X 1 3
43 16 X 1 8
89 14 X 1 43
163 12 X 89 43
287 8 X 163 3
71 15 X 43 3
113 14 X 68 71
58 16 X 5 3
72 15 X 43 58
115 14 X 72 71
143 13 X 115 71
170 12 X 113 143
70 15 X 1 58
114 14 X 70 71
142 13 X 114 113
182 12 X 142 143
231 10 X 170 182
104 14 X 58 3
133 13 X 104 3
159 12 X 3 133
228 10 X 159 133
293 8 X 231 228
332 5 X 287 293
4 20 X 1 2
9 19 X 1 4
20 18 X 9 1
41 17 X 20 1
44 16 X 1 41
73 15 X 44 41
116 14 X 73 43
144 13 X 116 89
183 12 X 144 43
213 11 X 163 183
235 10 X 183 213
264 9 X 163 235
21 18 X 11 3
42 17 X 21 3
57 16 X 3 42
86 15 X 57 42
19 18 X 7 3
40 17 X 19 3
56 16 X 3 40
123 14 X 86 56
153 13 X 123 3
190 12 X 153 3
199 11 X 3 190
241 10 X 190 199
261 9 X 3 241
296 8 X 264 261
311 7 X 287 296
94 14 X 3 56
85 15 X 56 3
100 14 X 3 85
128 13 X 94 100
191 12 X 153 128
158 12 X 3 128
208 11 X 158 191
242 10 X 191 208
262 9 X 3 242
297 8 X 264 262
312 7 X 287 297
324 6 X 311 312
339 5 X 324 293
344 4 X 332 339
349 3 X 343 344
352 2 X 348 349
200 11 X 90 1
214 11 X 164 1
243 10 X 200 214
193 11 X 3 24
274 9 X 243 193
298 8 X 267 274
105 14 X 58 13
134 13 X 105 90
165 12 X 90 134
215 11 X 165 1
25 17 X 5 1
65 16 X 25 24
110 14 X 65 34
140 13 X 110 101
109 14 X 65 24
139 13 X 109 24
181 12 X 140 139
222 11 X 181 1
251 10 X 215 222
162 12 X 24 139
210 11 X 159 162
248 10 X 210 139
278 9 X 251 248
179 12 X 134 133
220 11 X 179 1
250 10 X 215 220
203 11 X 133 139
249 10 X 210 203
277 9 X 250 249
318 6 X 278 277
334 5 X 298 318
192 11 X 3 1
265 9 X 192 193
285 8 X 3 265
209 11 X 159 1
204 11 X 139 1
247 10 X 209 204
276 9 X 247 248
202 11 X 133 1
246 10 X 209 202
275 9 X 246 249
317 6 X 276 275
331 5 X 285 317
346 4 X 334 331
6 20 X 2 3
26 17 X 6 3
46 16 X 3 26
14 18 X 3 6
35 17 X 14 3
51 16 X 3 35
75 15 X 46 51
117 14 X 75 3
145 13 X 117 3
184 12 X 145 3
195 11 X 3 184
236 10 X 184 195
256 9 X 3 236
283 8 X 3 256
302 7 X 3 283
313 6 X 3 302
229 10 X 159 139
315 6 X 229 228
335 5 X 313 315
10 19 X 3 2
30 17 X 10 3
48 16 X 3 30
23 17 X 2 3
45 16 X 3 23
102 14 X 48 45
16 18 X 3 10
37 17 X 16 3
53 16 X 3 37
82 15 X 53 3
129 13 X 102 82
172 12 X 129 3
194 11 X 3 172
232 10 X 172 194
254 9 X 3 232
281 8 X 3 254
300 7 X 3 281
12 18 X 3 2
33 17 X 12 3
50 16 X 3 33
80 15 X 50 3
97 14 X 3 80
131 13 X 102 97
91 14 X 3 45
18 18 X 7 2
39 17 X 18 3
55 16 X 3 39
84 15 X 55 3
99 14 X 3 84
126 13 X 91 99
174 12 X 131 126
156 12 X 3 126
206 11 X 156 174
233 10 X 174 206
255 9 X 3 233
282 8 X 3 255
301 7 X 3 282
319 6 X 300 301
77 15 X 48 53
74 15 X 45 50
118 14 X 77 74
59 16 X 5 30
60 16 X 5 37
87 15 X 59 60
124 14 X 87 74
155 13 X 124 118
171 12 X 118 155
106 14 X 59 45
136 13 X 106 102
167 12 X 102 136
216 11 X 171 167
29 17 X 10 1
66 16 X 25 29
22 17 X 2 1
61 16 X 24 22
111 14 X 66 61
63 16 X 24 29
108 14 X 63 61
141 13 X 111 108
180 12 X 139 141
221 11 X 180 141
252 10 X 216 221
273 9 X 229 252
292 8 X 229 273
310 7 X 229 292
95 14 X 3 74
146 13 X 118 95
154 13 X 124 95
185 12 X 146 154
130 13 X 102 91
135 13 X 106 91
173 12 X 130 135
223 11 X 185 173
176 12 X 133 135
217 11 X 176 135
253 10 X 223 217
272 9 X 228 253
291 8 X 228 272
309 7 X 228 291
323 6 X 310 309
337 5 X 319 323
347 4 X 335 337
351 3 X 346 347
333 5 X 298 277
330 5 X 285 275
345 4 X 333 330
325 5 X 3 228
103 14 X 53 50
107 14 X 60 50
138 13 X 107 103
168 12 X 103 138
178 12 X 133 138
219 11 X 178 138
230 10 X 168 219
270 9 X 228 230
289 8 X 228 270
307 7 X 228 289
93 14 X 3 50
132 13 X 103 93
137 13 X 107 93
175 12 X 132 137
177 12 X 133 137
218 11 X 177 137
234 10 X 175 218
271 9 X 228 234
290 8 X 228 271
308 7 X 228 290
322 6 X 307 308
336 5 X 319 322
340 4 X 325 336
350 3 X 345 340
353 2 X 351 350
354 1 X 352 353
