419
qiftgm wphnuf vzulsy bqgaxk rabyox ujmmjf wkwjii esoqkw kizqui whjqct ywybnm lpepey mlydvv prbfsn olbkzb odasfs kfqtkx zxoivx
16 15 9 3 8 18 13 1 12 4 6 2 11 14 17 5 10 7
3 19 1 -1 -1
1 19 -1 -1 -1
59 15 X 3 1
235 11 X 3 59
26 16 X 3 1
69 15 X 26 1
239 11 X 26 69
340 8 X 235 239
2 19 0 -1 -1
12 17 X 2 3
137 13 X 12 3
187 12 X 3 137
248 11 X 187 59
289 10 X 248 235
7 18 X 2 3
21 17 X 7 3
6 18 X 2 1
18 17 X 6 1
58 16 X 21 18
149 13 X 58 26
193 12 X 26 149
56 16 X 21 1
55 16 X 18 1
81 15 X 56 55
157 13 X 81 69
195 12 X 69 157
254 11 X 193 195
294 10 X 254 239
348 8 X 289 294
370 7 X 340 348
385 6 X 340 370
398 5 X 385 340
8 18 X 3 2
17 17 X 3 8
48 16 X 17 3
14 17 X 3 2
16 17 X 3 7
46 16 X 14 16
80 15 X 48 46
129 14 X 80 3
91 14 X 17 3
204 12 X 129 91
9 17 X 1 2
11 17 X 1 6
40 16 X 9 11
78 15 X 48 40
127 14 X 78 59
4 18 X 1 2
10 17 X 1 4
41 16 X 10 1
79 15 X 48 41
128 14 X 79 59
203 12 X 127 128
261 11 X 204 203
302 10 X 261 235
329 9 X 302 235
45 16 X 14 11
103 14 X 45 26
172 13 X 103 26
44 16 X 14 9
102 14 X 44 26
171 13 X 102 26
221 12 X 172 171
75 15 X 45 40
124 14 X 75 69
183 13 X 124 69
42 16 X 14 1
39 16 X 9 1
73 15 X 42 39
122 14 X 73 69
181 13 X 122 69
230 12 X 183 181
272 11 X 221 230
308 10 X 272 239
333 9 X 308 239
363 8 X 329 333
107 14 X 48 3
13 17 X 2 8
88 14 X 13 3
163 13 X 88 91
201 12 X 107 163
260 11 X 201 128
301 10 X 260 235
328 9 X 301 235
84 14 X 2 26
160 13 X 84 26
220 12 X 172 160
24 16 X 2 1
92 14 X 24 69
166 13 X 92 69
229 12 X 183 166
271 11 X 220 229
307 10 X 271 239
332 9 X 307 239
361 8 X 328 332
376 7 X 363 361
392 6 X 376 370
404 5 X 392 340
409 4 X 398 404
30 16 X 3 14
96 14 X 30 14
27 16 X 3 2
36 16 X 8 2
93 14 X 27 36
51 16 X 17 14
97 14 X 30 51
167 13 X 93 97
196 12 X 96 167
255 11 X 196 59
190 12 X 14 48
251 11 X 190 59
295 10 X 255 251
141 13 X 36 51
192 12 X 14 141
253 11 X 192 59
293 10 X 253 251
322 9 X 295 293
49 16 X 17 9
144 13 X 49 26
19 17 X 6 2
53 16 X 17 19
147 13 X 53 26
210 12 X 144 147
267 11 X 210 69
47 16 X 17 1
142 13 X 47 26
209 12 X 144 142
266 11 X 209 69
304 10 X 267 266
353 8 X 322 304
371 7 X 340 353
386 6 X 340 371
399 5 X 386 340
32 16 X 3 16
98 14 X 32 3
33 16 X 3 17
99 14 X 33 3
198 12 X 98 99
23 16 X 1 11
70 15 X 32 23
119 14 X 70 59
202 12 X 119 59
257 11 X 198 202
299 10 X 257 235
326 9 X 299 235
106 14 X 47 26
174 13 X 106 26
50 16 X 17 10
108 14 X 50 26
176 13 X 108 26
225 12 X 174 176
77 15 X 47 41
126 14 X 77 69
185 13 X 126 69
276 11 X 225 185
312 10 X 276 239
337 9 X 312 239
357 8 X 326 337
29 16 X 3 8
94 14 X 29 3
168 13 X 94 99
199 12 X 98 168
258 11 X 199 202
300 10 X 258 235
327 9 X 300 235
38 16 X 8 4
101 14 X 38 26
170 13 X 101 26
224 12 X 174 170
35 16 X 8 1
34 16 X 4 1
71 15 X 35 34
120 14 X 71 69
179 13 X 120 69
233 12 X 185 179
275 11 X 224 233
311 10 X 275 239
336 9 X 311 239
359 8 X 327 336
374 7 X 357 359
95 14 X 29 8
100 14 X 33 17
169 13 X 95 100
197 12 X 96 169
256 11 X 197 59
297 10 X 256 251
136 13 X 8 17
191 12 X 14 136
252 11 X 191 59
292 10 X 252 251
324 9 X 297 292
145 13 X 50 26
247 11 X 145 69
211 12 X 145 142
268 11 X 211 69
288 10 X 247 268
355 8 X 324 288
372 7 X 340 355
390 6 X 374 372
402 5 X 390 340
410 4 X 399 402
415 3 X 409 410
62 15 X 3 26
140 13 X 26 62
156 13 X 69 59
246 11 X 140 156
341 8 X 235 246
22 17 X 8 3
86 14 X 3 22
161 13 X 86 3
189 12 X 3 161
250 11 X 189 59
291 10 X 250 235
350 8 X 291 246
373 7 X 341 350
387 6 X 341 373
400 5 X 387 341
406 4 X 341 400
413 3 X 341 406
418 2 X 415 413
139 13 X 21 3
188 12 X 3 139
57 16 X 21 3
82 15 X 57 55
158 13 X 82 59
194 12 X 59 158
249 11 X 188 194
290 10 X 249 235
347 8 X 289 290
366 7 X 235 347
382 6 X 235 366
130 13 X 3 16
65 15 X 16 11
150 13 X 59 65
214 12 X 150 59
240 11 X 130 214
205 12 X 130 3
262 11 X 205 214
281 10 X 240 262
379 6 X 235 281
395 5 X 382 379
104 14 X 46 3
173 13 X 104 3
89 14 X 14 3
164 13 X 89 3
223 12 X 173 164
76 15 X 46 40
125 14 X 76 59
184 13 X 125 59
43 16 X 14 3
74 15 X 43 39
123 14 X 74 59
182 13 X 123 59
232 12 X 184 182
274 11 X 223 232
310 10 X 274 235
335 9 X 310 235
364 8 X 329 335
83 14 X 2 3
159 13 X 83 3
222 12 X 173 159
25 16 X 2 3
68 15 X 25 24
118 14 X 68 59
178 13 X 118 59
231 12 X 184 178
273 11 X 222 231
309 10 X 273 235
334 9 X 309 235
362 8 X 328 334
377 7 X 364 362
393 6 X 377 366
61 15 X 3 16
112 14 X 61 3
133 13 X 3 112
207 12 X 133 3
60 15 X 3 11
111 14 X 60 59
152 13 X 59 111
216 12 X 152 59
264 11 X 207 216
303 10 X 264 235
330 9 X 303 235
90 14 X 16 3
132 13 X 3 90
113 14 X 65 59
153 13 X 59 113
217 12 X 153 59
242 11 X 132 217
284 10 X 242 235
319 9 X 284 235
365 8 X 330 319
345 8 X 235 319
378 7 X 365 345
394 6 X 378 281
405 5 X 393 394
407 4 X 395 405
105 14 X 46 16
200 12 X 105 107
259 11 X 200 59
296 10 X 255 259
323 9 X 296 293
146 13 X 51 3
20 17 X 7 2
54 16 X 17 20
148 13 X 54 3
213 12 X 146 148
270 11 X 213 59
52 16 X 17 16
109 14 X 52 32
177 13 X 109 3
175 13 X 107 3
228 12 X 177 175
279 11 X 228 59
306 10 X 270 279
143 13 X 48 3
212 12 X 146 143
269 11 X 212 59
305 10 X 270 269
331 9 X 306 305
354 8 X 323 331
368 7 X 235 354
384 6 X 235 368
67 15 X 16 32
117 14 X 67 16
135 13 X 3 117
66 15 X 16 23
115 14 X 66 65
155 13 X 59 115
219 12 X 155 59
244 11 X 135 219
286 10 X 244 262
321 9 X 286 281
352 8 X 321 281
381 6 X 235 352
397 5 X 384 381
165 13 X 91 3
227 12 X 175 165
186 13 X 128 59
278 11 X 227 186
314 10 X 278 235
339 9 X 314 235
358 8 X 326 339
87 14 X 8 3
162 13 X 87 3
226 12 X 175 162
37 16 X 8 3
72 15 X 37 34
121 14 X 72 59
180 13 X 121 59
234 12 X 186 180
277 11 X 226 234
313 10 X 277 235
338 9 X 313 235
360 8 X 327 338
375 7 X 358 360
298 10 X 256 259
325 9 X 298 292
138 13 X 17 3
245 11 X 138 59
208 12 X 138 143
265 11 X 208 59
287 10 X 245 265
356 8 X 325 287
369 7 X 235 356
391 6 X 375 369
116 14 X 67 3
134 13 X 3 116
114 14 X 66 59
154 13 X 59 114
218 12 X 154 59
243 11 X 134 218
285 10 X 243 235
320 9 X 285 235
351 8 X 320 319
389 6 X 351 352
403 5 X 391 389
408 4 X 397 403
414 3 X 407 408
315 9 X 235 3
342 8 X 235 315
5 18 X 1 3
15 17 X 3 5
31 16 X 3 15
64 15 X 3 31
237 11 X 3 64
280 10 X 3 237
317 9 X 235 280
344 8 X 235 317
388 6 X 342 344
28 16 X 3 5
63 15 X 3 28
236 11 X 3 63
316 9 X 235 236
343 8 X 235 316
401 5 X 388 343
411 4 X 401 342
349 8 X 291 235
367 7 X 235 349
383 6 X 235 367
85 14 X 3 16
131 13 X 3 85
110 14 X 59 65
151 13 X 59 110
215 12 X 151 59
241 11 X 131 215
206 12 X 131 3
263 11 X 206 215
283 10 X 241 263
238 11 X 3 215
282 10 X 241 238
318 9 X 282 283
346 8 X 283 318
380 6 X 235 346
396 5 X 383 380
412 4 X 401 396
416 3 X 411 412
417 2 X 414 416
419 1 X 418 417
