231
pmnqlq qyllid pzqdol gttwbe giyvyc jurvtw nwkhku kxpiby zfjadc ysvmjy glcvbi bwtsvh zsnscc ffopdt cjueoo kmwyfw kkhnlp qrlooo
1 12 11 9 5 2 13 18 14 15 3 7 17 16 6 8 4 10
3 19 1 -1 -1
1 19 -1 -1 -1
91 10 X 3 1
2 19 0 -1 -1
12 16 X 2 3
22 15 X 12 3
30 14 X 22 3
42 13 X 30 3
73 11 X 42 3
115 10 X 73 1
141 9 X 91 115
68 11 X 30 3
5 18 X 2 1
10 17 X 5 1
17 16 X 10 1
25 15 X 17 1
33 14 X 25 1
48 13 X 33 25
78 11 X 48 1
111 10 X 68 78
173 8 X 141 111
193 7 X 91 173
47 13 X 33 1
77 11 X 47 1
116 10 X 73 77
9 17 X 3 2
16 16 X 9 3
23 15 X 12 16
31 14 X 23 3
43 13 X 31 3
75 11 X 43 3
118 10 X 75 77
160 9 X 116 118
70 11 X 31 3
71 11 X 33 1
113 10 X 70 71
44 13 X 31 23
76 11 X 44 3
119 10 X 76 78
158 9 X 113 119
187 8 X 160 158
197 7 X 91 187
208 6 X 193 197
8 17 X 2 3
15 16 X 8 3
24 15 X 15 3
32 14 X 24 3
55 12 X 32 30
83 11 X 55 3
124 10 X 83 78
161 9 X 124 91
167 8 X 91 161
45 13 X 32 3
62 12 X 45 42
87 11 X 62 3
128 10 X 87 1
147 9 X 91 128
178 8 X 147 124
200 7 X 167 178
129 10 X 87 77
164 9 X 129 91
56 12 X 32 31
85 11 X 56 3
126 10 X 85 71
162 9 X 126 91
188 8 X 164 162
6 18 X 2 3
11 17 X 6 3
18 16 X 11 3
26 15 X 18 3
34 14 X 26 3
49 13 X 34 3
88 11 X 62 49
131 10 X 88 47
63 12 X 45 43
89 11 X 63 49
132 10 X 89 47
165 9 X 131 132
86 11 X 56 34
127 10 X 86 33
46 13 X 32 24
64 12 X 46 44
50 13 X 34 26
90 11 X 64 50
133 10 X 90 48
163 9 X 127 133
189 8 X 165 163
206 7 X 188 189
213 6 X 200 206
218 5 X 208 213
54 12 X 3 49
82 11 X 54 3
122 10 X 82 1
145 9 X 91 122
72 11 X 34 3
114 10 X 72 78
176 8 X 145 114
195 7 X 91 176
53 12 X 1 47
81 11 X 53 1
123 10 X 82 81
146 9 X 91 123
80 11 X 50 3
121 10 X 80 78
144 9 X 91 121
177 8 X 146 144
196 7 X 91 177
210 6 X 195 196
159 9 X 114 91
166 8 X 91 159
79 11 X 49 3
120 10 X 79 1
143 9 X 91 120
175 8 X 143 114
199 7 X 166 175
102 10 X 49 47
137 9 X 91 102
103 10 X 50 48
138 9 X 91 103
170 8 X 137 138
191 7 X 91 170
212 6 X 199 191
220 5 X 210 212
223 4 X 218 220
227 3 X 91 223
4 18 X 1 3
27 14 X 1 4
35 13 X 1 27
57 12 X 35 1
65 11 X 1 57
93 10 X 3 65
38 13 X 3 1
19 15 X 1 3
39 13 X 3 19
60 12 X 38 39
108 10 X 60 65
152 9 X 93 108
100 10 X 38 65
150 9 X 93 100
182 8 X 152 150
7 17 X 1 4
13 16 X 3 7
14 16 X 4 7
28 14 X 1 14
36 13 X 1 28
59 12 X 36 1
67 11 X 1 59
97 10 X 13 67
40 13 X 13 1
21 15 X 1 13
41 13 X 13 21
61 12 X 40 41
110 10 X 61 67
157 9 X 97 110
186 8 X 157 150
205 7 X 182 186
92 10 X 3 57
107 10 X 60 57
149 9 X 92 107
99 10 X 38 1
135 9 X 91 99
180 8 X 149 135
96 10 X 13 59
109 10 X 61 59
155 9 X 96 109
184 8 X 155 135
203 7 X 180 184
216 5 X 205 203
95 10 X 13 1
168 8 X 95 91
190 7 X 91 168
222 4 X 216 190
226 3 X 1 222
229 2 X 227 226
74 11 X 42 49
117 10 X 74 1
142 9 X 91 117
69 11 X 30 34
112 10 X 69 48
174 8 X 142 112
194 7 X 91 174
209 6 X 194 197
130 10 X 88 1
148 9 X 91 130
84 11 X 55 34
125 10 X 84 48
179 8 X 148 125
201 7 X 167 179
214 6 X 201 206
219 5 X 209 214
106 10 X 54 1
140 9 X 91 106
98 10 X 34 48
172 8 X 140 98
192 7 X 91 172
207 6 X 192 196
101 10 X 49 1
136 9 X 91 101
169 8 X 136 98
198 7 X 166 169
211 6 X 198 191
217 5 X 207 211
224 4 X 219 217
228 3 X 91 224
51 12 X 1 19
104 10 X 51 1
151 9 X 93 104
20 15 X 1 4
29 14 X 1 20
37 13 X 1 29
58 12 X 35 37
66 11 X 1 58
94 10 X 3 66
153 9 X 94 1
181 8 X 151 153
52 12 X 1 21
105 10 X 52 1
156 9 X 97 105
185 8 X 156 153
204 7 X 181 185
139 9 X 91 104
134 9 X 91 1
171 8 X 139 134
154 9 X 95 105
183 8 X 154 134
202 7 X 171 183
215 5 X 204 202
221 4 X 215 202
225 3 X 1 221
230 2 X 228 225
231 1 X 229 230
