270
dkzteb lfjqam shyzup agxawu peknxb mxrkcv tbxmrj qtsaqo pylcwu qetaue advdih hyzfej vcvyxn iqvbta sodihs gtxgzp
8 14 7 1 10 11 2 16 4 12 5 15 13 3 6 9
3 17 1 -1 -1
1 17 -1 -1 -1
6 16 X 3 1
15 15 X 3 6
38 13 X 3 15
53 12 X 3 38
11 15 X 3 1
44 13 X 11 3
45 13 X 11 15
73 12 X 44 45
93 11 X 53 73
8 15 X 1 3
10 15 X 1 6
43 13 X 8 10
55 12 X 8 43
28 13 X 1 8
30 13 X 1 10
63 12 X 28 30
94 11 X 55 63
111 10 X 93 94
123 9 X 1 111
147 8 X 53 123
126 9 X 3 53
159 8 X 126 123
197 7 X 147 159
110 10 X 93 55
122 9 X 1 110
146 8 X 53 122
158 8 X 126 122
196 7 X 146 158
231 6 X 197 196
35 13 X 3 11
49 12 X 1 35
48 12 X 1 11
85 11 X 49 48
42 13 X 8 1
50 12 X 1 42
86 11 X 50 1
107 10 X 85 86
120 9 X 1 107
144 8 X 53 120
156 8 X 126 120
194 7 X 144 156
52 12 X 3 35
72 12 X 44 11
88 11 X 52 72
54 12 X 8 42
108 10 X 88 54
121 9 X 1 108
145 8 X 53 121
157 8 X 126 121
195 7 X 145 157
230 6 X 194 195
250 5 X 231 230
82 11 X 8 1
22 14 X 8 1
23 14 X 10 1
47 13 X 22 23
60 12 X 22 47
99 11 X 60 1
134 9 X 82 99
167 8 X 134 1
182 7 X 1 167
33 13 X 1 22
34 13 X 1 23
68 12 X 33 34
102 11 X 68 1
115 10 X 102 1
125 9 X 1 115
172 8 X 134 125
187 7 X 1 172
221 6 X 182 187
67 12 X 33 1
101 11 X 67 1
114 10 X 101 1
124 9 X 1 114
171 8 X 134 124
186 7 X 1 171
220 6 X 182 186
244 5 X 221 220
260 4 X 250 244
119 9 X 1 99
170 8 X 134 119
185 7 X 1 170
46 13 X 22 1
51 12 X 1 46
87 11 X 51 1
117 9 X 1 87
168 8 X 134 117
183 7 X 1 168
59 12 X 22 46
98 11 X 59 1
118 9 X 1 98
169 8 X 134 118
184 7 X 1 169
224 6 X 183 184
242 5 X 185 224
219 6 X 182 1
256 4 X 242 219
264 3 X 260 256
2 17 0 -1 -1
5 16 X 2 3
14 15 X 3 5
21 14 X 5 14
40 13 X 3 21
4 16 X 2 1
16 15 X 5 4
13 15 X 3 4
24 14 X 16 13
41 13 X 3 24
71 12 X 40 41
131 9 X 53 71
7 15 X 1 2
18 14 X 2 7
31 13 X 1 18
129 9 X 31 110
164 8 X 131 129
212 7 X 164 158
232 6 X 197 212
252 5 X 232 230
9 15 X 1 4
20 14 X 4 9
32 13 X 1 20
116 9 X 1 32
127 9 X 31 1
155 8 X 116 127
207 7 X 155 172
223 6 X 182 207
246 5 X 223 220
262 4 X 252 246
206 7 X 155 170
225 6 X 185 206
247 5 X 225 224
205 7 X 155 1
222 6 X 182 205
245 5 X 222 219
258 4 X 247 245
266 3 X 262 258
268 2 X 264 266
37 13 X 3 14
69 12 X 37 38
149 8 X 69 120
17 14 X 1 9
56 12 X 17 1
95 11 X 56 1
57 12 X 17 35
96 11 X 57 48
58 12 X 17 42
97 11 X 58 1
112 10 X 96 97
139 9 X 95 112
160 8 X 126 139
199 7 X 149 160
12 15 X 3 2
19 14 X 2 12
39 13 X 3 19
90 11 X 53 39
36 13 X 3 12
89 11 X 53 36
109 10 X 90 89
91 11 X 53 69
142 9 X 109 91
65 12 X 31 1
80 11 X 1 65
27 13 X 1 7
62 12 X 27 1
78 11 X 1 62
106 10 X 80 78
141 9 X 106 108
181 8 X 142 141
218 7 X 181 157
234 6 X 199 218
251 5 X 231 234
84 11 X 22 1
137 9 X 84 99
173 8 X 137 1
188 7 X 1 173
178 8 X 137 125
192 7 X 1 178
227 6 X 188 192
29 13 X 1 9
64 12 X 29 1
104 10 X 64 1
153 8 X 104 1
203 7 X 153 173
25 13 X 1 2
74 11 X 1 25
75 11 X 1 27
105 10 X 74 75
79 11 X 1 64
140 9 X 105 79
180 8 X 140 1
177 8 X 137 124
217 7 X 180 177
239 6 X 203 217
248 5 X 227 239
261 4 X 251 248
176 8 X 137 119
191 7 X 1 176
174 8 X 137 117
189 7 X 1 174
175 8 X 137 118
190 7 X 1 175
228 6 X 189 190
243 5 X 191 228
226 6 X 188 1
257 4 X 243 226
265 3 X 261 257
151 8 X 71 123
201 7 X 151 159
130 9 X 39 71
83 11 X 18 31
136 9 X 83 110
163 8 X 130 136
211 7 X 163 158
236 6 X 201 211
70 12 X 40 38
150 8 X 70 120
200 7 X 150 156
92 11 X 53 70
138 9 X 90 92
179 8 X 138 121
216 7 X 179 157
235 6 X 200 216
253 5 X 236 235
103 10 X 32 1
152 8 X 103 1
202 7 X 152 173
128 9 X 31 32
161 8 X 128 127
209 7 X 161 178
238 6 X 202 209
66 12 X 32 1
26 13 X 1 4
61 12 X 26 1
100 11 X 66 61
113 10 X 100 1
154 8 X 113 1
204 7 X 154 173
77 11 X 1 61
132 9 X 74 77
165 8 X 132 1
214 7 X 165 177
241 6 X 204 214
255 5 X 238 241
263 4 X 253 255
143 8 X 32 1
193 7 X 143 176
135 9 X 83 1
162 8 X 128 135
210 7 X 162 176
229 6 X 193 210
148 8 X 66 1
198 7 X 148 174
76 11 X 1 31
81 11 X 1 66
133 9 X 76 81
166 8 X 133 1
215 7 X 166 175
233 6 X 198 215
249 5 X 229 233
208 7 X 161 1
237 6 X 202 208
213 7 X 165 1
240 6 X 204 213
254 5 X 237 240
259 4 X 249 254
267 3 X 263 259
269 2 X 265 267
270 1 X 268 269
