483
nhalio iwdozp smgzpb lmmfgp ndoehe bmkfja knmffz rwvvap eysgyo hetdwb tbiqlg czftue knufgd hlpuku pxinyb gsufmj yldqwq vddwze
11 4 12 18 5 8 17 14 15 16 3 6 2 9 13 10 7 1
1 19 -1 -1 -1
3 19 1 -1 -1
81 14 X 1 3
24 16 X 1 3
115 14 X 24 3
167 13 X 81 115
38 15 X 1 3
85 14 X 1 38
49 15 X 1 24
139 14 X 49 38
172 13 X 85 139
308 11 X 167 172
391 8 X 167 308
425 7 X 167 391
2 19 0 -1 -1
5 18 X 2 1
12 17 X 1 5
31 16 X 12 1
6 18 X 2 3
18 17 X 3 6
35 16 X 18 3
125 14 X 31 35
32 16 X 12 3
78 15 X 32 24
80 15 X 35 3
153 14 X 78 80
199 13 X 125 153
237 12 X 167 199
342 10 X 167 237
29 16 X 3 18
83 14 X 1 29
77 15 X 29 3
118 14 X 24 77
170 13 X 83 118
26 16 X 1 12
121 14 X 26 29
27 16 X 1 18
76 15 X 27 24
152 14 X 76 77
195 13 X 121 152
241 12 X 170 195
343 10 X 167 241
379 9 X 342 343
112 14 X 12 18
33 16 X 12 18
79 15 X 33 24
72 15 X 18 3
154 14 X 79 72
190 13 X 112 154
235 12 X 167 190
341 10 X 167 235
378 9 X 341 343
412 8 X 379 378
427 7 X 167 412
449 6 X 427 167
464 5 X 425 449
271 11 X 3 38
388 8 X 3 271
417 7 X 3 388
65 15 X 3 35
149 14 X 65 3
219 13 X 149 3
225 12 X 3 219
166 13 X 65 3
223 12 X 3 166
319 11 X 225 223
336 10 X 3 319
60 15 X 3 18
148 14 X 60 3
218 13 X 148 3
224 12 X 3 218
17 17 X 3 2
59 15 X 3 17
102 14 X 3 59
8 18 X 3 2
20 17 X 3 8
62 15 X 3 20
104 14 X 3 62
187 13 X 102 104
164 13 X 60 3
253 12 X 187 164
317 11 X 224 253
335 10 X 3 317
375 9 X 336 335
226 12 X 104 164
315 11 X 224 226
334 10 X 3 315
374 9 X 334 335
410 8 X 375 374
421 7 X 3 410
34 16 X 17 2
15 17 X 2 3
129 14 X 34 15
96 14 X 2 15
204 13 X 129 96
261 12 X 204 3
128 14 X 34 2
202 13 X 128 2
259 12 X 202 3
325 11 X 261 259
54 15 X 2 8
23 17 X 8 3
71 15 X 15 23
145 14 X 54 71
205 13 X 129 145
262 12 X 205 3
203 13 X 128 54
260 12 X 203 3
326 11 X 262 260
359 10 X 325 326
365 9 X 3 359
36 16 X 20 8
131 14 X 36 23
109 14 X 8 23
207 13 X 131 109
264 12 X 207 3
130 14 X 36 8
206 13 X 130 8
263 12 X 206 3
327 11 X 264 263
371 9 X 327 359
404 8 X 365 371
55 15 X 3 2
57 15 X 3 15
146 14 X 55 57
69 15 X 15 2
150 14 X 69 15
216 13 X 146 150
268 12 X 216 3
162 13 X 55 69
233 12 X 162 3
328 11 X 268 233
100 14 X 3 57
107 14 X 3 71
185 13 X 100 107
251 12 X 185 3
98 14 X 3 55
70 15 X 15 8
106 14 X 3 70
183 13 X 98 106
249 12 X 183 3
323 11 X 251 249
360 10 X 328 323
366 9 X 3 360
56 15 X 3 8
63 15 X 3 23
147 14 X 56 63
75 15 X 23 8
151 14 X 75 23
217 13 X 147 151
269 12 X 217 3
163 13 X 56 75
234 12 X 163 3
329 11 X 269 234
105 14 X 3 63
97 14 X 3 23
189 13 X 105 97
255 12 X 189 3
99 14 X 3 56
108 14 X 3 75
184 13 X 99 108
250 12 X 184 3
324 11 X 255 250
361 10 X 329 324
387 9 X 361 360
405 8 X 366 387
439 7 X 404 405
445 6 X 421 439
460 5 X 417 445
474 4 X 464 460
296 11 X 115 139
390 8 X 115 296
422 7 X 115 390
126 14 X 32 35
200 13 X 126 153
228 12 X 115 200
298 11 X 115 228
338 10 X 115 298
116 14 X 24 29
193 13 X 116 118
122 14 X 27 29
196 13 X 122 152
256 12 X 193 196
300 11 X 115 256
340 10 X 115 300
376 9 X 338 340
127 14 X 33 18
201 13 X 127 154
229 12 X 115 201
299 11 X 115 229
339 10 X 115 299
377 9 X 339 340
411 8 X 376 377
424 7 X 115 411
447 6 X 424 115
462 5 X 422 447
273 11 X 3 223
331 10 X 3 273
281 11 X 3 253
333 10 X 3 281
372 9 X 331 333
274 11 X 3 226
332 10 X 3 274
373 9 X 332 333
409 8 X 372 373
420 7 X 3 409
282 11 X 3 259
283 11 X 3 260
349 10 X 282 283
364 9 X 3 349
284 11 X 3 263
368 9 X 284 349
403 8 X 364 368
277 11 X 3 233
279 11 X 3 249
347 10 X 277 279
363 9 X 3 347
278 11 X 3 234
280 11 X 3 250
348 10 X 278 280
381 9 X 348 347
402 8 X 363 381
438 7 X 403 402
444 6 X 420 438
459 5 X 417 444
472 4 X 462 459
479 3 X 474 472
10 17 X 1 3
25 16 X 1 10
119 14 X 25 10
168 13 X 81 119
7 18 X 3 1
22 17 X 7 3
82 14 X 1 22
169 13 X 82 119
240 12 X 168 169
310 11 X 167 240
50 15 X 1 25
41 15 X 1 10
142 14 X 50 41
173 13 X 85 142
48 15 X 1 22
91 14 X 1 48
178 13 X 91 142
243 12 X 173 178
311 11 X 167 243
399 8 X 310 311
435 7 X 310 399
16 17 X 3 1
58 15 X 3 16
92 14 X 1 58
117 14 X 24 58
179 13 X 92 117
66 15 X 10 1
120 14 X 25 66
180 13 X 92 120
21 17 X 7 1
74 15 X 22 21
95 14 X 1 74
182 13 X 95 120
247 12 X 180 182
314 11 X 179 247
45 15 X 1 16
89 14 X 1 45
141 14 X 50 1
176 13 X 89 141
47 15 X 1 21
90 14 X 1 47
177 13 X 90 141
246 12 X 176 177
313 11 X 179 246
400 8 X 314 313
436 7 X 314 400
456 6 X 435 436
307 11 X 167 1
52 15 X 1 31
144 14 X 52 65
215 13 X 144 115
239 12 X 167 215
161 13 X 52 1
221 12 X 1 161
321 11 X 239 221
357 10 X 307 321
93 14 X 1 60
181 13 X 93 115
43 15 X 1 12
136 14 X 43 60
210 13 X 136 115
248 12 X 181 210
88 14 X 1 43
175 13 X 88 1
159 13 X 43 1
245 12 X 175 159
322 11 X 248 245
358 10 X 307 322
386 9 X 357 358
238 12 X 167 210
220 12 X 1 159
320 11 X 238 220
356 10 X 307 320
385 9 X 356 358
416 8 X 386 385
434 7 X 307 416
312 11 X 179 1
455 6 X 434 312
470 5 X 456 455
155 13 X 3 10
156 13 X 22 10
230 12 X 155 156
275 11 X 3 230
158 13 X 38 41
160 13 X 48 41
232 12 X 158 160
276 11 X 3 232
393 8 X 275 276
429 7 X 275 393
101 14 X 3 58
110 14 X 10 66
186 13 X 101 110
114 14 X 22 74
192 13 X 114 110
252 12 X 186 192
290 11 X 101 252
132 14 X 38 45
134 14 X 41 1
208 13 X 132 134
138 14 X 48 47
212 13 X 138 134
265 12 X 208 212
292 11 X 101 265
395 8 X 290 292
431 7 X 290 395
451 6 X 429 431
270 11 X 3 1
318 11 X 225 221
346 10 X 270 318
9 17 X 1 2
40 15 X 1 9
86 14 X 1 40
4 18 X 1 2
11 17 X 1 4
42 15 X 1 11
87 14 X 1 42
174 13 X 86 87
244 12 X 174 159
316 11 X 224 244
345 10 X 270 316
380 9 X 346 345
413 8 X 380 345
428 7 X 270 413
285 11 X 101 1
30 16 X 9 2
124 14 X 30 2
53 15 X 2 4
198 13 X 124 53
258 12 X 198 1
291 11 X 101 258
369 9 X 285 291
407 8 X 369 291
37 15 X 1 2
14 17 X 2 1
68 15 X 14 4
157 13 X 37 68
231 12 X 157 1
287 11 X 101 231
84 14 X 1 37
94 14 X 1 68
171 13 X 84 94
242 12 X 171 1
288 11 X 101 242
352 10 X 287 288
370 9 X 285 352
408 8 X 370 352
440 7 X 407 408
450 6 X 428 440
468 5 X 451 450
476 4 X 470 468
194 13 X 117 120
28 16 X 1 22
123 14 X 28 74
197 13 X 123 120
257 12 X 194 197
305 11 X 117 257
140 14 X 49 45
213 13 X 140 141
51 15 X 1 28
143 14 X 51 47
214 13 X 143 141
267 12 X 213 214
306 11 X 117 267
398 8 X 305 306
433 7 X 305 398
301 11 X 117 1
303 11 X 117 221
354 10 X 301 303
304 11 X 117 245
355 10 X 301 304
384 9 X 354 355
302 11 X 117 220
353 10 X 301 302
383 9 X 353 355
415 8 X 384 383
432 7 X 301 415
454 6 X 432 301
466 5 X 433 454
286 11 X 101 221
350 10 X 285 286
289 11 X 101 244
351 10 X 285 289
382 9 X 350 351
414 8 X 382 351
430 7 X 285 414
453 6 X 430 440
465 5 X 431 453
475 4 X 466 465
480 3 X 476 475
482 2 X 479 480
236 12 X 167 195
309 11 X 167 236
344 10 X 167 309
392 8 X 167 344
426 7 X 167 392
448 6 X 426 167
463 5 X 425 448
64 15 X 3 29
165 13 X 64 3
222 12 X 3 165
272 11 X 3 222
330 10 X 3 272
389 8 X 3 330
418 7 X 3 389
442 6 X 418 3
457 5 X 417 442
473 4 X 463 457
227 12 X 115 196
297 11 X 115 227
337 10 X 115 297
367 9 X 115 337
406 8 X 367 337
423 7 X 115 406
446 6 X 423 115
461 5 X 422 446
362 9 X 3 330
401 8 X 362 330
419 7 X 3 401
443 6 X 419 3
458 5 X 417 443
471 4 X 461 458
478 3 X 473 471
19 17 X 3 7
61 15 X 3 19
103 14 X 3 61
13 17 X 1 7
67 15 X 10 13
111 14 X 10 67
188 13 X 103 111
73 15 X 22 7
113 14 X 22 73
191 13 X 113 111
254 12 X 188 191
294 11 X 103 254
396 8 X 290 294
46 15 X 1 19
133 14 X 38 46
44 15 X 1 13
135 14 X 41 44
209 13 X 133 135
39 15 X 1 7
137 14 X 48 39
211 13 X 137 135
266 12 X 209 211
295 11 X 103 266
397 8 X 290 295
437 7 X 396 397
452 6 X 429 437
293 11 X 103 1
394 8 X 285 293
441 6 X 270 394
469 5 X 452 441
467 5 X 437 394
477 3 X 469 467
481 2 X 478 477
483 1 X 482 481
