148
feujgr lwxmil yjycad riwjew btvyrq akmozf ovzvye oezhou twunpz rfxwhi ohloys npgvqd fgnvld lpqvwx vgxvzx omhrnm
4 5 1 3 6 7 13 14 15 11 16 9 8 12 10 2
4 17 2 -1 -1
1 17 -1 -1 -1
8 16 X 4 1
3 17 1 -1 -1
6 16 X 3 1
13 15 X 6 8
22 14 X 8 13
43 12 X 22 8
18 14 X 8 6
35 13 X 18 22
60 11 X 18 35
77 10 X 43 60
75 10 X 22 60
89 9 X 77 75
30 13 X 8 22
48 12 X 30 8
29 13 X 8 18
47 12 X 29 18
50 12 X 30 35
67 11 X 47 50
79 10 X 48 67
49 12 X 30 22
81 10 X 49 67
92 9 X 79 81
99 8 X 89 92
42 12 X 18 8
56 12 X 35 8
65 11 X 42 56
85 10 X 65 60
94 9 X 85 60
113 7 X 99 94
106 7 X 89 94
125 6 X 113 106
135 5 X 125 106
2 17 0 -1 -1
16 14 X 8 2
7 16 X 3 2
10 15 X 2 7
20 14 X 8 10
41 12 X 16 20
64 11 X 41 16
5 16 X 2 1
17 14 X 8 5
34 13 X 17 18
55 12 X 34 18
71 11 X 55 16
84 10 X 64 71
98 9 X 85 84
114 7 X 99 98
127 6 X 114 106
107 7 X 89 98
121 6 X 107 106
137 5 X 127 121
140 4 X 135 137
19 14 X 8 7
36 13 X 19 18
57 12 X 36 18
37 13 X 19 22
58 12 X 37 35
73 11 X 57 58
97 9 X 85 73
32 13 X 16 18
53 12 X 32 18
33 13 X 16 22
54 12 X 33 35
70 11 X 53 54
96 9 X 85 70
100 8 X 97 96
108 7 X 89 100
126 6 X 113 108
120 6 X 106 108
136 5 X 126 120
141 4 X 136 135
145 3 X 140 141
111 7 X 92 94
123 6 X 111 106
15 15 X 8 4
12 15 X 6 4
26 14 X 15 12
44 12 X 26 15
78 10 X 44 60
76 10 X 26 60
90 9 X 78 76
109 7 X 90 94
133 5 X 123 109
9 16 X 4 2
14 15 X 7 9
24 14 X 9 14
31 13 X 9 24
51 12 X 31 24
69 11 X 49 51
23 14 X 9 7
39 13 X 23 24
52 12 X 31 39
68 11 X 47 52
86 10 X 69 68
93 9 X 79 86
27 13 X 5 18
45 12 X 27 18
66 11 X 45 2
95 9 X 85 66
112 7 X 93 95
124 6 X 112 106
62 11 X 26 24
61 11 X 18 39
82 10 X 62 61
91 9 X 78 82
110 7 X 91 95
122 6 X 110 109
134 5 X 124 122
139 4 X 133 134
144 3 X 139 133
147 2 X 145 144
80 10 X 49 47
104 7 X 80 18
74 10 X 22 18
102 7 X 74 18
119 6 X 104 102
131 5 X 119 102
28 13 X 8 3
46 12 X 28 3
11 15 X 3 8
25 14 X 11 3
40 13 X 25 3
59 12 X 40 3
101 7 X 46 59
72 11 X 57 53
87 10 X 72 18
88 9 X 18 87
103 7 X 74 88
117 6 X 101 103
115 6 X 3 102
130 5 X 117 115
116 6 X 101 102
128 5 X 116 115
138 4 X 130 128
142 3 X 131 138
21 14 X 8 12
38 13 X 22 21
63 11 X 38 22
83 10 X 63 18
105 7 X 83 18
118 6 X 102 105
132 5 X 119 118
129 5 X 116 118
143 3 X 132 129
146 2 X 142 143
148 1 X 147 146
