45
cgvxbq jfvgqh hhbqdm pwkayy cpkplu ilnwjn wtbdzh teugnz htkoqi yyhobd
9 6 7 10 2 1 3 4 5 8
2 11 0 -1 -1
1 11 -1 -1 -1
3 10 X 2 1
6 9 X 3 1
11 8 X 6 1
7 8 X 1 6
20 7 X 11 7
19 7 X 11 1
28 6 X 20 19
34 5 X 28 1
13 7 X 1 6
24 6 X 13 1
30 5 X 24 1
38 4 X 34 30
5 9 X 2 1
12 7 X 1 5
22 6 X 12 1
31 5 X 24 22
39 4 X 34 31
42 3 X 38 39
10 8 X 3 1
21 6 X 1 10
29 5 X 21 1
37 4 X 29 1
44 2 X 42 37
35 4 X 1 30
9 8 X 2 5
18 7 X 6 9
27 6 X 18 6
8 8 X 2 1
14 7 X 1 8
16 7 X 1 11
25 6 X 14 16
33 5 X 27 25
36 4 X 1 33
40 3 X 35 36
15 7 X 1 9
26 6 X 15 2
4 9 X 1 2
17 7 X 4 2
23 6 X 12 17
32 5 X 26 23
41 3 X 37 32
43 2 X 40 41
45 1 X 44 43
