226
duzjpr onmale rovfmw ggvdrb yproor ejmpld ejgxkp wqkdxq fldero wjqotv bxnbpd gsumkh pjlwoj sapaxo zvebrb lrpldw
7 14 15 11 10 3 5 12 4 13 6 2 8 1 9 16
1 17 -1 -1 -1
3 17 1 -1 -1
8 15 X 3 1
63 10 X 1 8
118 8 X 1 63
4 17 2 -1 -1
157 7 X 118 4
21 13 X 1 4
156 7 X 21 4
181 6 X 157 156
2 17 0 -1 -1
6 16 X 4 2
18 14 X 6 4
31 13 X 18 4
38 12 X 4 31
9 15 X 3 4
76 10 X 38 9
66 10 X 4 9
109 9 X 76 66
130 8 X 4 109
75 10 X 38 4
108 9 X 75 4
129 8 X 4 108
162 7 X 130 129
185 6 X 162 129
205 5 X 181 185
22 13 X 1 8
58 11 X 22 1
65 10 X 1 58
26 13 X 8 1
56 11 X 8 26
64 10 X 1 56
104 9 X 65 64
119 8 X 1 104
158 7 X 119 4
182 6 X 158 156
52 11 X 4 38
87 10 X 52 4
117 9 X 87 4
24 13 X 4 9
59 11 X 24 4
70 10 X 4 59
27 13 X 9 4
57 11 X 9 27
69 10 X 4 57
105 9 X 70 69
152 8 X 117 105
151 8 X 117 4
176 7 X 152 151
196 6 X 176 151
207 5 X 182 196
217 4 X 205 207
17 14 X 4 9
30 13 X 17 4
47 11 X 4 30
80 10 X 47 27
135 8 X 47 80
166 7 X 135 4
188 6 X 166 4
35 12 X 4 2
43 12 X 30 2
61 11 X 35 43
92 10 X 61 27
136 8 X 47 92
71 10 X 35 4
122 8 X 4 71
167 7 X 136 122
189 6 X 167 122
209 5 X 188 189
96 9 X 4 47
100 9 X 4 80
142 8 X 96 100
171 7 X 142 4
192 6 X 171 4
50 11 X 4 35
83 10 X 50 4
54 11 X 4 43
90 10 X 54 47
115 9 X 83 90
89 10 X 54 27
114 9 X 83 89
150 8 X 115 114
175 7 X 150 83
124 8 X 4 83
195 6 X 175 124
211 5 X 192 195
219 4 X 209 211
223 3 X 217 219
153 7 X 1 4
180 6 X 153 156
12 15 X 4 6
20 14 X 12 4
32 13 X 20 4
39 12 X 4 32
77 10 X 39 4
110 9 X 77 4
148 8 X 110 108
198 5 X 180 148
197 5 X 180 4
213 4 X 198 197
10 15 X 4 2
36 12 X 4 10
73 10 X 36 4
107 9 X 73 71
147 8 X 107 71
179 6 X 147 122
201 5 X 180 179
178 6 X 71 122
200 5 X 180 178
214 4 X 201 200
221 3 X 213 214
225 2 X 223 221
121 8 X 4 66
159 7 X 121 4
183 6 X 159 4
204 5 X 181 183
128 8 X 4 105
99 9 X 4 69
127 8 X 4 99
161 7 X 128 127
7 16 X 4 3
23 13 X 4 7
67 10 X 4 23
97 9 X 4 67
125 8 X 4 97
154 7 X 4 125
184 6 X 161 154
206 5 X 182 184
216 4 X 204 206
13 14 X 1 8
28 13 X 13 1
45 11 X 1 28
78 10 X 45 26
134 8 X 45 78
165 7 X 134 4
187 6 X 165 156
14 14 X 2 4
37 12 X 4 14
15 14 X 2 9
29 13 X 15 14
44 12 X 30 29
62 11 X 37 44
93 10 X 62 27
137 8 X 47 93
168 7 X 137 122
74 10 X 37 4
123 8 X 4 74
160 7 X 123 122
190 6 X 168 160
208 5 X 187 190
94 9 X 1 45
95 9 X 1 78
141 8 X 94 95
170 7 X 141 4
191 6 X 170 156
33 12 X 2 14
48 11 X 4 33
81 10 X 48 33
34 12 X 2 29
49 11 X 4 34
60 11 X 33 34
82 10 X 49 60
111 9 X 81 82
51 11 X 4 37
86 10 X 51 4
55 11 X 4 44
91 10 X 55 57
116 9 X 86 91
149 8 X 111 116
46 11 X 4 2
79 10 X 46 2
85 10 X 50 57
113 9 X 83 85
138 8 X 79 113
174 7 X 149 138
5 16 X 2 4
40 12 X 5 4
53 11 X 4 40
88 10 X 53 40
139 8 X 88 86
84 10 X 50 23
112 9 X 83 84
140 8 X 88 112
169 7 X 139 140
194 6 X 174 169
210 5 X 191 194
218 4 X 208 210
222 3 X 216 218
16 14 X 4 7
25 13 X 4 16
68 10 X 4 25
98 9 X 4 68
126 8 X 4 98
155 7 X 4 126
177 6 X 4 155
199 5 X 180 177
212 4 X 197 199
19 14 X 10 4
41 12 X 10 19
102 9 X 41 33
144 8 X 102 74
101 9 X 10 2
143 8 X 101 71
172 7 X 144 143
11 15 X 4 5
42 12 X 11 4
103 9 X 42 40
146 8 X 103 74
145 8 X 103 71
173 7 X 146 145
193 6 X 172 173
203 5 X 180 193
131 8 X 33 74
120 8 X 2 71
163 7 X 131 120
132 8 X 40 74
72 10 X 35 25
106 9 X 71 72
133 8 X 40 106
164 7 X 132 133
186 6 X 163 164
202 5 X 180 186
215 4 X 203 202
220 3 X 212 215
224 2 X 222 220
226 1 X 225 224
