130
arycjq ixyfhn mzikjb lmtmtd jstotz jzuflw buckjy ogszkg rjugrf sjgicw ocipgm ukodbx ditgio qzmdlr sbiiff lbbegd
9 1 6 3 16 8 15 14 4 2 13 12 10 11 5 7
3 17 1 -1 -1
2 17 0 -1 -1
8 15 X 3 2
5 16 X 2 3
9 15 X 3 5
17 13 X 8 9
31 12 X 17 3
39 11 X 3 31
81 9 X 39 3
97 8 X 81 3
102 7 X 3 97
112 6 X 102 3
118 5 X 112 3
16 13 X 8 3
30 12 X 16 3
38 11 X 3 30
56 10 X 3 38
80 9 X 38 56
6 16 X 3 2
10 15 X 3 6
13 14 X 3 10
21 13 X 13 3
35 12 X 21 3
41 11 X 3 35
58 10 X 3 41
78 9 X 3 58
96 8 X 80 78
79 9 X 38 3
95 8 X 79 3
101 7 X 3 95
111 6 X 96 101
12 14 X 3 8
20 13 X 12 3
34 12 X 20 3
40 11 X 3 34
57 10 X 3 40
77 9 X 3 57
110 6 X 77 3
117 5 X 111 110
123 4 X 118 117
1 17 -1 -1 -1
23 12 X 3 1
36 11 X 3 23
66 10 X 36 1
64 10 X 23 1
108 6 X 66 64
4 16 X 1 3
15 13 X 1 4
24 12 X 3 15
37 11 X 3 24
67 10 X 37 15
65 10 X 24 15
109 6 X 67 65
121 4 X 108 109
126 3 X 123 121
11 15 X 6 3
19 13 X 11 3
44 11 X 19 3
70 10 X 44 3
87 9 X 70 3
63 10 X 19 3
84 9 X 63 3
98 8 X 87 84
62 10 X 11 3
83 9 X 62 3
107 7 X 98 83
7 15 X 2 3
61 10 X 7 3
82 9 X 61 3
99 7 X 3 82
114 6 X 107 99
120 5 X 114 99
14 14 X 11 3
22 13 X 14 3
33 12 X 19 22
55 11 X 33 19
76 10 X 55 3
93 9 X 76 3
28 12 X 11 3
52 11 X 28 11
27 12 X 10 3
50 11 X 27 10
74 10 X 52 50
18 13 X 10 3
32 12 X 18 3
54 11 X 32 18
60 10 X 3 54
91 9 X 74 60
105 7 X 93 91
25 12 X 7 3
46 11 X 25 7
26 12 X 8 3
48 11 X 26 8
72 10 X 46 48
89 9 X 72 3
100 7 X 3 89
113 6 X 105 100
119 5 X 113 100
124 4 X 120 119
127 3 X 124 121
129 2 X 126 127
43 11 X 11 3
69 10 X 43 3
86 9 X 69 3
94 8 X 3 86
42 11 X 7 3
68 10 X 42 3
85 9 X 68 3
106 7 X 94 85
115 5 X 3 106
29 12 X 11 14
53 11 X 29 3
75 10 X 53 3
92 9 X 75 3
51 11 X 28 3
49 11 X 27 3
73 10 X 51 49
59 10 X 3 49
90 9 X 73 59
104 7 X 92 90
45 11 X 25 3
47 11 X 26 3
71 10 X 45 47
88 9 X 71 59
103 7 X 92 88
116 5 X 104 103
122 4 X 115 116
125 3 X 122 3
128 2 X 3 125
130 1 X 129 128
