481
fbrkqb mrkxep ofxxsb ztgxaz wpushe wbwtwi hlucdw zdurre xlwkgg dnvapk yoerzm sinmmk bafbau mfjbiu cspijg qhehaq sdthgg hqanjb sqrrts jqrgfz
9 17 18 13 7 20 14 1 10 19 8 12 4 11 5 15 6 16 3 2
3 21 1 -1 -1
1 21 -1 -1 -1
5 20 X 1 3
18 19 X 5 3
46 17 X 3 18
94 15 X 3 46
170 13 X 3 94
370 8 X 3 170
8 20 X 3 1
229 12 X 3 8
373 8 X 229 170
405 7 X 370 373
14 19 X 3 1
17 19 X 5 1
50 17 X 14 17
97 15 X 14 50
171 13 X 14 97
372 8 X 14 171
408 7 X 372 373
435 6 X 405 408
277 11 X 3 14
375 8 X 277 171
409 7 X 375 373
436 6 X 405 409
460 5 X 435 436
467 4 X 405 460
2 21 0 -1 -1
43 17 X 1 2
66 16 X 1 43
84 15 X 1 66
129 14 X 84 1
164 13 X 1 129
223 12 X 1 164
300 10 X 223 1
348 9 X 300 1
28 18 X 3 1
37 18 X 18 1
51 17 X 28 37
98 15 X 28 51
172 13 X 28 98
230 12 X 172 1
381 8 X 348 230
10 19 X 1 2
26 18 X 2 10
44 17 X 1 26
67 16 X 1 44
85 15 X 1 67
130 14 X 85 1
165 13 X 1 130
224 12 X 1 165
4 20 X 1 2
16 19 X 4 2
27 18 X 2 16
45 17 X 1 27
68 16 X 1 45
86 15 X 1 68
131 14 X 86 1
166 13 X 1 131
225 12 X 1 166
278 11 X 224 225
319 10 X 278 1
354 9 X 319 1
389 8 X 354 230
434 6 X 381 389
12 19 X 2 1
81 15 X 1 12
125 14 X 81 1
178 13 X 125 1
236 12 X 178 1
76 16 X 12 1
90 15 X 1 76
126 14 X 81 90
179 13 X 126 1
237 12 X 179 1
281 11 X 236 237
322 10 X 281 1
357 9 X 322 1
392 8 X 357 170
378 8 X 322 170
419 7 X 392 378
31 18 X 12 1
53 17 X 31 1
82 15 X 1 53
127 14 X 82 1
180 13 X 127 1
238 12 X 180 1
15 19 X 4 1
33 18 X 12 15
57 17 X 33 1
83 15 X 1 57
128 14 X 83 1
181 13 X 128 1
239 12 X 181 1
282 11 X 238 239
323 10 X 282 1
358 9 X 323 1
393 8 X 358 170
367 8 X 1 170
420 7 X 393 367
447 6 X 419 420
459 5 X 434 447
47 17 X 12 2
69 16 X 1 47
87 15 X 1 69
132 14 X 87 1
167 13 X 1 132
226 12 X 1 167
301 10 X 226 1
349 9 X 301 1
29 18 X 8 1
11 19 X 1 8
30 18 X 11 1
52 17 X 29 30
99 15 X 29 52
173 13 X 29 99
231 12 X 173 1
382 8 X 349 231
369 8 X 1 231
412 7 X 382 369
54 17 X 31 26
70 16 X 1 54
88 15 X 1 70
133 14 X 88 1
168 13 X 1 133
227 12 X 1 168
58 17 X 33 27
72 16 X 1 58
89 15 X 1 72
134 14 X 89 1
169 13 X 1 134
228 12 X 1 169
279 11 X 227 228
320 10 X 279 1
355 9 X 320 1
23 19 X 8 1
42 18 X 23 1
63 17 X 42 1
100 15 X 42 63
174 13 X 42 100
232 12 X 174 1
390 8 X 355 232
417 7 X 390 369
443 6 X 412 417
418 7 X 392 367
394 8 X 358 171
421 7 X 394 367
446 6 X 418 421
466 5 X 443 446
473 4 X 459 466
475 3 X 467 473
7 20 X 2 3
91 15 X 3 7
135 14 X 91 3
182 13 X 135 94
240 12 X 182 170
22 19 X 7 3
79 16 X 22 3
95 15 X 3 79
136 14 X 91 95
183 13 X 136 94
241 12 X 183 170
283 11 X 240 241
324 10 X 283 170
343 9 X 170 324
371 8 X 3 343
374 8 X 229 343
407 7 X 371 374
440 6 X 407 405
41 18 X 22 3
93 15 X 3 41
139 14 X 93 3
188 13 X 139 3
248 12 X 188 3
287 11 X 248 3
328 10 X 287 3
92 15 X 3 22
137 14 X 92 3
184 13 X 137 3
242 12 X 184 3
138 14 X 92 95
186 13 X 138 3
245 12 X 186 3
284 11 X 242 245
325 10 X 284 3
359 9 X 328 325
185 13 X 137 94
244 12 X 185 170
187 13 X 138 94
247 12 X 187 170
286 11 X 244 247
327 10 X 286 170
344 9 X 170 327
395 8 X 359 344
249 12 X 188 8
288 11 X 249 229
329 10 X 288 229
243 12 X 184 8
246 12 X 186 8
285 11 X 243 246
326 10 X 285 229
360 9 X 329 326
396 8 X 360 344
423 7 X 395 396
449 6 X 423 405
464 5 X 440 449
406 7 X 371 373
439 6 X 406 408
422 7 X 395 373
448 6 X 422 409
463 5 X 439 448
474 4 X 464 463
433 6 X 378 367
458 5 X 434 433
411 7 X 378 367
368 8 X 1 171
404 7 X 368 367
442 6 X 411 404
465 5 X 443 442
472 4 X 458 465
478 3 X 474 472
479 2 X 475 478
13 19 X 2 3
35 18 X 13 3
61 17 X 35 41
74 16 X 3 61
114 15 X 74 61
155 14 X 114 3
210 13 X 155 3
112 15 X 74 3
153 14 X 112 3
207 13 X 153 3
269 12 X 210 207
9 20 X 3 2
25 19 X 9 3
36 18 X 13 25
62 17 X 36 41
115 15 X 74 62
156 14 X 115 3
211 13 X 156 3
270 12 X 211 207
296 11 X 269 270
335 10 X 296 3
365 9 X 335 3
49 17 X 13 22
113 15 X 74 49
154 14 X 113 3
209 13 X 154 94
208 13 X 153 94
268 12 X 209 208
316 10 X 268 170
342 9 X 170 316
402 8 X 365 342
73 16 X 3 41
111 15 X 73 41
151 14 X 111 3
203 13 X 151 3
6 20 X 2 1
20 19 X 6 8
39 18 X 20 8
75 16 X 8 39
116 15 X 75 8
157 14 X 116 8
212 13 X 157 8
263 12 X 203 212
315 10 X 263 229
110 15 X 73 22
149 14 X 110 3
199 13 X 149 3
257 12 X 199 212
308 10 X 257 263
353 9 X 315 308
200 13 X 149 94
109 15 X 73 3
148 14 X 109 3
198 13 X 148 94
258 12 X 200 198
309 10 X 258 170
339 9 X 170 309
387 8 X 353 339
429 7 X 402 387
437 6 X 405 429
454 5 X 405 437
32 18 X 12 14
21 19 X 7 1
40 18 X 21 14
56 17 X 32 40
78 16 X 14 56
24 19 X 9 1
34 18 X 12 24
60 17 X 34 40
122 15 X 78 60
163 14 X 122 14
222 13 X 163 14
120 15 X 78 14
161 14 X 120 14
219 13 X 161 14
276 12 X 222 219
297 11 X 269 276
336 10 X 297 277
366 9 X 336 277
48 17 X 12 21
121 15 X 78 48
162 14 X 121 14
221 13 X 162 97
220 13 X 161 97
275 12 X 221 220
318 10 X 275 171
346 9 X 171 318
403 8 X 366 346
124 14 X 73 3
176 13 X 124 3
234 12 X 176 212
302 10 X 229 234
347 9 X 229 302
379 8 X 347 170
430 7 X 403 379
438 6 X 405 430
461 5 X 435 438
470 4 X 454 461
64 16 X 1 31
102 15 X 64 12
141 14 X 102 90
190 13 X 141 1
101 15 X 64 1
140 14 X 101 1
189 13 X 140 1
250 12 X 190 189
304 10 X 250 1
350 9 X 304 1
383 8 X 350 170
377 8 X 304 170
414 7 X 383 377
19 19 X 6 1
38 18 X 19 1
55 17 X 31 38
71 16 X 1 55
107 15 X 71 55
146 14 X 107 1
195 13 X 146 1
106 15 X 71 1
145 14 X 106 1
194 13 X 145 1
253 12 X 195 194
59 17 X 33 38
108 15 X 71 59
147 14 X 108 1
196 13 X 147 1
254 12 X 196 194
289 11 X 253 254
330 10 X 289 1
361 9 X 330 1
397 8 X 361 170
65 16 X 1 38
105 15 X 65 38
144 14 X 105 1
193 13 X 144 1
103 15 X 65 1
142 14 X 103 1
191 13 X 142 1
252 12 X 193 191
306 10 X 252 1
104 15 X 65 19
143 14 X 104 1
192 13 X 143 1
251 12 X 192 191
305 10 X 251 1
351 9 X 306 305
384 8 X 351 170
424 7 X 397 384
445 6 X 414 424
453 5 X 367 445
431 6 X 367 404
123 14 X 64 1
175 13 X 123 1
233 12 X 175 189
303 10 X 233 1
376 8 X 303 170
413 7 X 383 376
398 8 X 361 171
425 7 X 398 367
444 6 X 413 425
457 5 X 431 444
469 4 X 453 457
476 3 X 470 469
80 16 X 41 3
96 15 X 3 80
152 14 X 111 96
205 13 X 152 3
197 13 X 148 3
265 12 X 205 197
293 11 X 265 197
333 10 X 293 3
150 14 X 110 95
201 13 X 150 3
259 12 X 201 197
311 10 X 259 265
363 9 X 333 311
202 13 X 150 94
261 12 X 202 198
206 13 X 152 94
267 12 X 206 198
295 11 X 267 261
313 10 X 261 295
341 9 X 170 313
400 8 X 363 341
266 12 X 205 212
255 12 X 197 212
294 11 X 266 255
334 10 X 294 229
260 12 X 201 212
312 10 X 260 266
364 9 X 334 312
401 8 X 364 341
428 7 X 400 401
262 12 X 203 197
314 10 X 262 3
256 12 X 199 197
307 10 X 256 262
352 9 X 314 307
204 13 X 151 94
264 12 X 204 198
292 11 X 264 258
310 10 X 258 292
340 9 X 170 310
386 8 X 352 340
388 8 X 353 340
416 7 X 386 388
451 6 X 428 416
455 5 X 405 451
280 11 X 234 255
321 10 X 280 229
356 9 X 321 234
177 13 X 124 94
235 12 X 177 198
337 9 X 170 235
391 8 X 356 337
427 7 X 400 391
77 16 X 14 40
119 15 X 77 40
160 14 X 119 14
217 13 X 160 14
117 15 X 77 14
158 14 X 117 14
213 13 X 158 14
273 12 X 217 213
291 11 X 262 273
332 10 X 291 277
118 15 X 77 21
159 14 X 118 14
215 13 X 159 14
271 12 X 215 213
290 11 X 256 271
331 10 X 290 291
362 9 X 332 331
216 13 X 159 97
214 13 X 158 97
272 12 X 216 214
218 13 X 160 97
274 12 X 218 214
298 11 X 274 272
317 10 X 272 298
345 9 X 171 317
399 8 X 362 345
299 10 X 170 235
338 9 X 170 299
380 8 X 347 338
426 7 X 399 380
450 6 X 427 426
462 5 X 435 450
471 4 X 455 462
432 6 X 377 384
452 5 X 367 432
410 7 X 377 376
385 8 X 351 171
415 7 X 385 367
441 6 X 410 415
456 5 X 431 441
468 4 X 452 456
477 3 X 471 468
480 2 X 476 477
481 1 X 479 480
