1190
vqupzw idghcf ugzidm lawwql imeawq dufaqc slknyo svarei tclrhx yjliru kbaipg yheyko ylysob ncgzyd zxritg obwbdf neakky brmvne
3 13 11 8 2 9 12 1 15 4 16 10 6 5 17 18 7 14
1 19 -1 -1 -1
4 19 2 -1 -1
29 16 X 1 4
276 13 X 29 1
13 17 X 1 4
58 16 X 13 4
120 15 X 58 4
349 13 X 120 1
623 11 X 276 349
57 16 X 13 1
46 16 X 4 1
119 15 X 57 46
333 13 X 119 1
621 11 X 276 333
6 18 X 1 4
59 16 X 13 6
47 16 X 4 6
121 15 X 59 47
359 13 X 121 1
625 11 X 276 359
824 10 X 621 625
254 13 X 4 1
296 13 X 46 1
602 11 X 254 296
804 10 X 602 254
945 9 X 824 804
1024 8 X 623 945
3 19 1 -1 -1
37 16 X 3 4
183 14 X 37 29
36 16 X 3 1
174 14 X 36 1
423 13 X 183 174
680 11 X 423 349
12 17 X 1 3
55 16 X 12 4
117 15 X 55 29
185 14 X 37 117
54 16 X 12 1
115 15 X 54 1
180 14 X 36 115
440 13 X 185 180
571 12 X 440 423
771 11 X 571 349
880 10 X 680 771
1030 8 X 880 945
1093 7 X 1024 1030
823 10 X 621 623
946 9 X 824 823
1043 8 X 946 945
679 11 X 423 333
681 11 X 423 359
879 10 X 679 681
878 10 X 679 680
1001 9 X 879 878
182 14 X 37 4
419 13 X 182 174
104 15 X 37 4
231 14 X 104 4
96 15 X 36 1
222 14 X 96 1
479 13 X 231 222
560 12 X 419 479
760 11 X 560 296
676 11 X 419 254
925 10 X 760 676
949 9 X 824 925
1067 8 X 1001 949
1104 7 X 1043 1067
1138 6 X 1093 1104
21 17 X 4 3
77 16 X 21 4
134 15 X 77 4
187 14 X 37 134
449 13 X 187 180
576 12 X 449 479
777 11 X 576 296
575 12 X 449 419
776 11 X 575 254
937 10 X 777 776
952 9 X 824 937
1027 8 X 771 952
1092 7 X 1024 1027
1137 6 X 1092 1104
1164 5 X 1138 1137
1066 8 X 1001 945
1103 7 X 1043 1066
947 9 X 824 878
1044 8 X 947 949
1102 7 X 1043 1044
1148 6 X 1103 1102
1150 6 X 1104 1102
1168 5 X 1148 1150
1177 4 X 1164 1168
2 19 0 -1 -1
11 17 X 1 2
20 17 X 4 2
53 16 X 11 20
5 18 X 1 2
30 16 X 1 5
92 15 X 30 2
213 14 X 92 11
310 13 X 53 213
91 15 X 29 53
83 15 X 1 2
84 15 X 1 11
207 14 X 83 84
329 13 X 91 207
535 12 X 310 329
114 15 X 53 20
332 13 X 114 213
750 11 X 535 332
195 14 X 53 29
14 17 X 1 5
32 16 X 1 14
93 15 X 32 11
214 14 X 93 11
462 13 X 195 214
211 14 X 91 29
474 13 X 211 84
584 12 X 462 474
9 18 X 2 4
17 17 X 1 9
23 17 X 4 9
68 16 X 17 23
130 15 X 68 23
247 14 X 130 120
7 18 X 2 1
15 17 X 1 7
85 15 X 1 15
208 14 X 85 15
500 13 X 247 208
783 11 X 584 500
919 10 X 750 783
311 13 X 53 214
76 16 X 20 11
88 15 X 11 76
324 13 X 88 214
667 11 X 311 324
289 13 X 29 214
371 13 X 121 208
650 11 X 289 371
863 10 X 667 650
271 13 X 20 214
315 13 X 76 214
619 11 X 271 315
264 13 X 4 214
262 13 X 4 208
609 11 X 264 262
821 10 X 619 609
994 9 X 863 821
1037 8 X 919 994
38 16 X 3 5
107 15 X 38 2
237 14 X 107 11
433 13 X 183 237
357 13 X 120 213
687 11 X 433 357
41 16 X 3 14
18 17 X 3 2
70 16 X 18 11
110 15 X 41 70
240 14 X 110 11
442 13 X 185 240
435 13 X 183 240
574 12 X 442 435
355 13 X 120 208
775 11 X 574 355
884 10 X 687 775
345 13 X 119 214
648 11 X 289 345
844 10 X 648 650
303 13 X 46 214
611 11 X 264 303
813 10 X 611 609
974 9 X 844 813
1032 8 X 884 974
1098 7 X 1037 1032
34 16 X 1 20
31 16 X 1 11
94 15 X 32 31
218 14 X 94 31
295 13 X 34 218
90 15 X 29 34
86 15 X 1 31
326 13 X 90 86
526 12 X 295 326
61 16 X 13 15
48 16 X 4 15
122 15 X 61 48
33 16 X 1 15
87 15 X 1 33
209 14 X 87 33
378 13 X 122 209
740 11 X 526 378
210 14 X 90 29
473 13 X 210 86
528 12 X 295 473
26 17 X 6 9
64 16 X 13 26
50 16 X 4 26
124 15 X 64 50
382 13 X 124 209
245 14 X 124 121
495 13 X 245 209
547 12 X 382 495
742 11 X 528 547
912 10 X 740 742
328 13 X 91 84
536 12 X 311 328
67 16 X 17 15
78 16 X 23 15
128 15 X 67 78
387 13 X 128 208
751 11 X 536 387
538 12 X 311 474
391 13 X 130 208
553 12 X 391 500
753 11 X 538 553
920 10 X 751 753
1016 9 X 912 920
661 11 X 295 378
291 13 X 29 218
525 12 X 295 291
372 13 X 121 209
546 12 X 382 372
739 11 X 525 546
856 10 X 661 739
319 13 X 78 208
620 11 X 271 319
510 12 X 271 264
275 13 X 23 208
514 12 X 275 262
713 11 X 510 514
822 10 X 620 713
989 9 X 856 822
1082 8 X 1016 989
40 16 X 3 11
109 15 X 41 40
239 14 X 109 31
434 13 X 183 239
343 13 X 119 209
688 11 X 434 343
689 11 X 434 372
885 10 X 688 689
342 13 X 119 208
690 11 X 435 342
691 11 X 435 355
886 10 X 690 691
1003 9 X 885 886
653 11 X 291 343
655 11 X 291 372
846 10 X 653 655
301 13 X 46 208
610 11 X 264 301
811 10 X 610 609
975 9 X 846 811
1069 8 X 1003 975
1127 7 X 1082 1069
1143 6 X 1098 1127
212 14 X 92 2
309 13 X 53 212
327 13 X 91 83
534 12 X 309 327
331 13 X 114 212
749 11 X 534 331
281 13 X 29 84
519 12 X 289 281
724 11 X 519 355
918 10 X 749 724
323 13 X 88 212
666 11 X 309 323
862 10 X 666 650
270 13 X 20 212
314 13 X 76 212
618 11 X 270 314
820 10 X 618 609
993 9 X 862 820
1036 8 X 918 993
236 14 X 107 2
441 13 X 185 236
432 13 X 183 236
572 12 X 441 432
356 13 X 120 212
773 11 X 572 356
936 10 X 773 775
287 13 X 29 212
344 13 X 119 212
645 11 X 287 344
837 10 X 645 650
263 13 X 4 212
302 13 X 46 212
608 11 X 263 302
810 10 X 608 609
968 9 X 837 810
1040 8 X 936 968
1097 7 X 1036 1040
282 13 X 29 86
520 12 X 291 282
727 11 X 520 343
729 11 X 520 372
908 10 X 727 729
722 11 X 519 342
906 10 X 722 724
1012 9 X 908 906
1078 8 X 1012 975
1121 7 X 1078 1069
1142 6 X 1097 1121
1166 5 X 1143 1142
145 14 X 2 11
307 13 X 53 145
533 12 X 307 329
322 13 X 88 145
748 11 X 533 322
461 13 X 195 11
583 12 X 461 474
69 16 X 17 26
79 16 X 23 26
131 15 X 69 79
248 14 X 131 121
501 13 X 248 15
782 11 X 583 501
917 10 X 748 782
497 13 X 247 15
781 11 X 583 497
916 10 X 748 781
1018 9 X 917 916
306 13 X 53 11
321 13 X 88 11
663 11 X 306 321
278 13 X 29 11
361 13 X 121 15
634 11 X 278 361
859 10 X 663 634
267 13 X 20 11
313 13 X 76 11
614 11 X 267 313
256 13 X 4 11
257 13 X 4 15
604 11 X 256 257
816 10 X 614 604
992 9 X 859 816
1084 8 X 1018 992
422 13 X 183 145
340 13 X 119 145
678 11 X 422 340
197 14 X 70 11
428 13 X 183 197
686 11 X 428 361
877 10 X 678 686
352 13 X 120 15
685 11 X 428 352
876 10 X 678 685
1000 9 X 877 876
335 13 X 119 11
629 11 X 278 335
830 10 X 629 634
298 13 X 46 11
605 11 X 256 298
806 10 X 605 604
959 9 X 830 806
1065 8 X 1000 959
1129 7 X 1084 1065
293 13 X 34 31
522 12 X 293 326
375 13 X 122 33
734 11 X 522 375
524 12 X 293 473
379 13 X 124 33
492 13 X 245 33
541 12 X 379 492
738 11 X 524 541
911 10 X 734 738
530 12 X 306 328
384 13 X 128 15
744 11 X 530 384
532 12 X 306 474
388 13 X 130 15
550 12 X 388 497
747 11 X 532 550
915 10 X 744 747
1015 9 X 911 915
658 11 X 293 375
279 13 X 29 31
521 12 X 293 279
363 13 X 121 33
540 12 X 379 363
731 11 X 521 540
850 10 X 658 731
316 13 X 78 15
615 11 X 267 316
509 12 X 267 256
272 13 X 23 15
511 12 X 272 257
710 11 X 509 511
817 10 X 615 710
982 9 X 850 817
1081 8 X 1015 982
338 13 X 119 33
636 11 X 279 338
638 11 X 279 363
833 10 X 636 638
336 13 X 119 15
630 11 X 278 336
632 11 X 278 352
831 10 X 630 632
963 9 X 833 831
299 13 X 46 15
606 11 X 256 299
807 10 X 606 604
962 9 X 833 807
1050 8 X 963 962
1125 7 X 1081 1050
1159 6 X 1129 1125
305 13 X 53 2
529 12 X 305 327
320 13 X 88 2
743 11 X 529 320
515 12 X 278 281
716 11 X 515 361
914 10 X 743 716
715 11 X 515 352
913 10 X 743 715
1017 9 X 914 913
662 11 X 305 320
858 10 X 662 634
266 13 X 20 2
312 13 X 76 2
613 11 X 266 312
815 10 X 613 604
991 9 X 858 815
1083 8 X 1017 991
421 13 X 183 2
334 13 X 119 2
677 11 X 421 334
875 10 X 677 686
874 10 X 677 685
999 9 X 875 874
277 13 X 29 2
627 11 X 277 334
828 10 X 627 634
255 13 X 4 2
297 13 X 46 2
603 11 X 255 297
805 10 X 603 604
957 9 X 828 805
1064 8 X 999 957
1128 7 X 1083 1064
516 12 X 279 282
717 11 X 516 338
718 11 X 516 363
902 10 X 717 718
714 11 X 515 336
901 10 X 714 715
1010 9 X 902 901
1076 8 X 1010 962
1119 7 X 1076 1050
1158 6 X 1128 1119
1172 5 X 1159 1158
1180 4 X 1166 1172
1185 3 X 1177 1180
97 15 X 36 2
223 14 X 97 84
429 13 X 183 223
564 12 X 433 429
186 14 X 37 120
447 13 X 186 237
766 11 X 564 447
175 14 X 36 11
439 13 X 185 175
178 14 X 36 84
426 13 X 183 178
570 12 X 439 426
116 15 X 55 4
184 14 X 37 116
436 13 X 184 175
444 13 X 186 175
567 12 X 436 444
770 11 X 570 567
932 10 X 766 770
101 15 X 36 70
227 14 X 101 84
431 13 X 183 227
573 12 X 442 431
438 13 X 184 240
448 13 X 186 240
569 12 X 438 448
774 11 X 573 569
933 10 X 766 774
1021 9 X 932 933
138 14 X 1 11
283 13 X 29 138
364 13 X 121 138
641 11 X 283 364
842 10 X 648 641
420 13 X 182 240
108 15 X 41 11
238 14 X 108 11
480 13 X 231 238
561 12 X 420 480
177 14 X 36 46
414 13 X 177 240
100 15 X 36 46
226 14 X 100 46
477 13 X 226 238
559 12 X 414 477
762 11 X 561 559
450 13 X 187 240
577 12 X 450 480
929 10 X 762 577
973 9 X 842 929
1087 8 X 1021 973
443 13 X 186 174
683 11 X 423 443
437 13 X 184 180
568 12 X 437 443
772 11 X 571 568
883 10 X 683 772
413 13 X 177 174
476 13 X 226 222
558 12 X 413 476
761 11 X 560 558
927 10 X 761 575
951 9 X 824 927
1031 8 X 883 951
1132 7 X 1087 1031
98 15 X 36 40
224 14 X 98 86
430 13 X 183 224
565 12 X 434 430
181 14 X 36 119
417 13 X 181 239
767 11 X 565 417
176 14 X 36 31
425 13 X 183 176
179 14 X 36 86
427 13 X 183 179
563 12 X 425 427
39 16 X 3 6
188 14 X 39 121
453 13 X 188 176
764 11 X 563 453
934 10 X 767 764
566 12 X 435 431
418 13 X 181 240
768 11 X 566 418
769 11 X 566 448
935 10 X 768 769
1022 9 X 934 935
347 13 X 119 218
654 11 X 291 347
139 14 X 1 31
284 13 X 29 139
365 13 X 121 139
642 11 X 284 365
847 10 X 654 642
928 10 X 762 561
978 9 X 847 928
1088 8 X 1022 978
415 13 X 181 174
682 11 X 423 415
451 13 X 188 174
684 11 X 423 451
882 10 X 682 684
881 10 X 682 683
1002 9 X 882 881
926 10 X 761 419
950 9 X 824 926
1068 8 X 1002 950
1133 7 X 1088 1068
1162 6 X 1132 1133
280 13 X 29 83
518 12 X 287 280
721 11 X 518 356
358 13 X 120 214
725 11 X 519 358
905 10 X 721 725
373 13 X 121 214
651 11 X 289 373
838 10 X 645 651
809 10 X 608 264
969 9 X 838 809
1035 8 X 905 969
1096 7 X 1035 1027
728 11 X 520 347
374 13 X 121 218
730 11 X 520 374
910 10 X 728 730
723 11 X 519 345
907 10 X 723 725
1014 9 X 910 907
656 11 X 291 374
848 10 X 654 656
812 10 X 611 264
979 9 X 848 812
1080 8 X 1014 979
1124 7 X 1080 1067
1141 6 X 1096 1124
1175 5 X 1162 1141
416 13 X 181 237
765 11 X 564 416
424 13 X 183 175
562 12 X 424 426
452 13 X 188 175
763 11 X 562 452
930 10 X 765 763
931 10 X 765 769
1020 9 X 930 931
972 9 X 842 928
1086 8 X 1020 972
1131 7 X 1086 1068
143 14 X 1 86
285 13 X 29 143
517 12 X 284 285
719 11 X 517 365
909 10 X 728 719
1013 9 X 909 935
1079 8 X 1013 978
948 9 X 824 881
1045 8 X 948 950
1122 7 X 1079 1045
1161 6 X 1131 1122
720 11 X 518 344
726 11 X 519 373
904 10 X 720 726
903 10 X 720 725
1011 9 X 904 903
1077 8 X 1011 969
1120 7 X 1077 1067
1123 7 X 1080 1044
1157 6 X 1120 1123
1174 5 X 1161 1157
1183 4 X 1175 1174
146 14 X 2 53
397 13 X 146 237
103 15 X 37 2
230 14 X 103 91
478 13 X 230 223
555 12 X 397 478
149 14 X 2 114
402 13 X 149 237
757 11 X 555 402
71 16 X 18 20
200 14 X 71 117
466 13 X 200 240
106 15 X 37 71
234 14 X 106 29
483 13 X 234 227
591 12 X 466 483
8 18 X 2 3
19 17 X 3 8
22 17 X 4 8
73 16 X 19 22
74 16 X 19 23
132 15 X 73 74
10 18 X 4 3
24 17 X 4 10
56 16 X 12 24
118 15 X 56 4
249 14 X 132 118
72 16 X 19 15
102 15 X 36 72
16 17 X 1 8
66 16 X 16 15
126 15 X 66 15
229 14 X 102 126
502 13 X 249 229
204 14 X 74 120
228 14 X 102 15
470 13 X 204 228
600 12 X 502 470
792 11 X 591 600
923 10 X 757 792
1038 8 X 923 994
65 16 X 15 23
125 15 X 65 53
150 14 X 2 125
404 13 X 150 237
129 15 X 68 20
152 14 X 2 129
406 13 X 152 237
674 11 X 404 406
590 12 X 466 435
446 13 X 186 228
599 12 X 502 446
791 11 X 590 599
872 10 X 674 791
1029 8 X 872 994
1099 7 X 1038 1029
43 16 X 3 20
191 14 X 43 34
457 13 X 191 239
105 15 X 37 43
233 14 X 105 90
482 13 X 233 224
579 12 X 457 482
42 16 X 3 15
190 14 X 42 122
99 15 X 36 42
225 14 X 99 33
456 13 X 190 225
779 11 X 579 456
232 14 X 105 29
481 13 X 232 224
578 12 X 457 481
45 16 X 3 26
194 14 X 45 124
460 13 X 194 225
193 14 X 45 121
459 13 X 193 225
582 12 X 460 459
778 11 X 578 582
938 10 X 779 778
199 14 X 71 53
465 13 X 199 240
235 14 X 106 91
484 13 X 235 227
589 12 X 465 484
203 14 X 72 128
468 13 X 203 228
790 11 X 589 468
588 12 X 465 483
205 14 X 74 130
471 13 X 205 228
595 12 X 471 470
789 11 X 588 595
939 10 X 790 789
1023 9 X 938 939
1089 8 X 1023 989
35 16 X 1 23
95 15 X 35 34
192 14 X 43 95
458 13 X 192 239
692 11 X 458 456
580 12 X 458 434
455 13 X 188 225
581 12 X 460 455
780 11 X 580 581
887 10 X 692 780
201 14 X 71 125
467 13 X 201 240
697 11 X 467 468
592 12 X 467 435
594 12 X 471 446
793 11 X 592 594
889 10 X 697 793
1004 9 X 887 889
1070 8 X 1004 989
1134 7 X 1089 1070
1144 6 X 1099 1134
253 13 X 2 212
89 15 X 29 2
325 13 X 89 83
508 12 X 253 325
709 11 X 508 253
900 10 X 709 724
802 10 X 253 650
801 10 X 253 609
944 9 X 802 801
1034 8 X 900 944
27 17 X 7 8
80 16 X 27 9
135 15 X 80 2
153 14 X 2 135
407 13 X 153 236
51 16 X 7 9
112 15 X 51 2
148 14 X 2 112
400 13 X 148 236
556 12 X 407 400
28 17 X 7 9
82 16 X 28 9
137 15 X 82 2
155 14 X 2 137
409 13 X 155 212
758 11 X 556 409
924 10 X 758 775
1039 8 X 924 944
1095 7 X 1034 1039
1140 6 X 1095 1121
1167 5 X 1144 1140
395 13 X 146 145
554 12 X 395 478
147 14 X 2 88
398 13 X 147 145
756 11 X 554 398
198 14 X 71 29
464 13 X 198 197
587 12 X 464 483
75 16 X 19 26
206 14 X 75 121
202 14 X 72 15
472 13 X 206 202
788 11 X 587 472
922 10 X 756 788
469 13 X 204 202
787 11 X 587 469
921 10 X 756 787
1019 9 X 922 921
1085 8 X 1019 992
403 13 X 150 145
127 15 X 67 76
151 14 X 2 127
405 13 X 151 145
673 11 X 403 405
586 12 X 464 428
454 13 X 188 202
596 12 X 472 454
786 11 X 586 596
871 10 X 673 786
445 13 X 186 202
593 12 X 469 445
785 11 X 586 593
870 10 X 673 785
997 9 X 871 870
1062 8 X 997 992
1130 7 X 1085 1062
173 14 X 34 95
412 13 X 173 31
675 11 X 412 375
557 12 X 412 279
759 11 X 557 540
873 10 X 675 759
196 14 X 53 125
463 13 X 196 11
696 11 X 463 384
585 12 X 463 278
549 12 X 388 352
784 11 X 585 549
888 10 X 696 784
998 9 X 873 888
1063 8 X 998 982
1126 7 X 1081 1063
1160 6 X 1130 1126
507 12 X 2 325
708 11 X 507 2
899 10 X 708 716
898 10 X 708 715
1009 9 X 899 898
798 10 X 2 634
797 10 X 2 604
940 9 X 798 797
1075 8 X 1009 940
399 13 X 148 2
81 16 X 28 7
136 15 X 81 2
154 14 X 2 136
408 13 X 154 2
672 11 X 399 408
869 10 X 672 686
868 10 X 672 685
996 9 X 869 868
1061 8 X 996 940
1118 7 X 1075 1061
1156 6 X 1118 1119
1173 5 X 1160 1156
1181 4 X 1167 1173
1187 3 X 1183 1181
1189 2 X 1185 1187
1025 8 X 680 945
1090 7 X 1024 1025
1135 6 X 1090 1104
1026 8 X 680 949
1091 7 X 1024 1026
1136 6 X 1091 1104
1163 5 X 1135 1136
144 14 X 1 119
339 13 X 119 144
622 11 X 276 339
141 14 X 1 57
366 13 X 121 141
626 11 X 276 366
826 10 X 622 626
354 13 X 120 141
624 11 X 276 354
825 10 X 622 624
954 9 X 826 825
140 14 X 1 46
258 13 X 4 140
300 13 X 46 140
607 11 X 258 300
259 13 X 4 141
808 10 X 607 259
953 9 X 826 808
1046 8 X 954 953
1105 7 X 1046 1044
1149 6 X 1103 1105
1151 6 X 1104 1105
1169 5 X 1149 1151
1176 4 X 1163 1169
396 13 X 146 213
401 13 X 149 213
671 11 X 396 401
695 11 X 462 500
867 10 X 671 695
1028 8 X 867 994
52 16 X 8 9
113 15 X 52 2
244 14 X 113 125
491 13 X 244 237
252 14 X 137 129
506 13 X 252 213
703 11 X 491 506
133 15 X 74 71
250 14 X 133 29
504 13 X 250 240
706 11 X 504 500
896 10 X 703 706
1033 8 X 896 994
1094 7 X 1028 1033
172 14 X 34 29
411 13 X 172 218
527 12 X 295 411
741 11 X 527 547
857 10 X 661 741
668 11 X 311 387
537 12 X 311 462
752 11 X 537 553
864 10 X 668 752
990 9 X 857 864
1059 8 X 990 989
44 16 X 3 23
111 15 X 44 43
242 14 X 111 95
488 13 X 242 239
699 11 X 488 378
241 14 X 111 29
486 13 X 241 239
598 12 X 488 486
795 11 X 598 547
891 10 X 699 795
251 14 X 133 125
505 13 X 251 240
707 11 X 505 387
601 12 X 505 504
796 11 X 601 553
897 10 X 707 796
1006 9 X 891 897
1072 8 X 1006 989
1117 7 X 1059 1072
1139 6 X 1094 1117
693 11 X 461 497
799 10 X 2 693
803 10 X 253 695
942 9 X 799 803
941 9 X 798 801
1041 8 X 942 941
243 14 X 113 112
489 13 X 243 2
393 13 X 137 2
701 11 X 489 393
503 13 X 250 197
704 11 X 503 497
894 10 X 701 704
490 13 X 243 236
394 13 X 137 212
702 11 X 490 394
895 10 X 702 706
1008 9 X 894 895
1074 8 X 1008 941
1100 7 X 1041 1074
410 13 X 172 31
523 12 X 293 410
735 11 X 523 541
851 10 X 658 735
984 9 X 851 864
983 9 X 850 822
1056 8 X 984 983
189 14 X 40 31
487 13 X 242 189
698 11 X 487 375
485 13 X 241 189
597 12 X 487 485
794 11 X 597 541
890 10 X 698 794
1005 9 X 890 897
1071 8 X 1005 983
1114 7 X 1056 1071
1145 6 X 1100 1114
1165 5 X 1139 1145
694 11 X 461 501
800 10 X 2 694
943 9 X 800 799
1042 8 X 943 940
392 13 X 136 2
700 11 X 489 392
705 11 X 503 501
893 10 X 700 705
892 10 X 700 704
1007 9 X 893 892
1073 8 X 1007 940
1101 7 X 1042 1073
170 14 X 33 122
376 13 X 122 170
659 11 X 293 376
168 14 X 33 61
380 13 X 124 168
493 13 X 245 168
543 12 X 380 493
736 11 X 523 543
853 10 X 659 736
163 14 X 15 128
385 13 X 128 163
664 11 X 306 385
531 12 X 306 461
161 14 X 15 67
390 13 X 130 161
499 13 X 247 161
552 12 X 390 499
746 11 X 531 552
860 10 X 664 746
986 9 X 853 860
369 13 X 121 168
542 12 X 380 369
732 11 X 521 542
852 10 X 659 732
158 14 X 11 76
269 13 X 20 158
162 14 X 15 78
318 13 X 78 162
617 11 X 269 318
274 13 X 23 161
261 13 X 4 161
513 12 X 274 261
712 11 X 509 513
819 10 X 617 712
985 9 X 852 819
1057 8 X 986 985
330 13 X 95 31
669 11 X 330 375
221 14 X 95 29
475 13 X 221 31
539 12 X 330 475
754 11 X 539 541
865 10 X 669 754
383 13 X 125 11
670 11 X 383 384
246 14 X 125 29
496 13 X 246 11
548 12 X 383 496
755 11 X 548 550
866 10 X 670 755
995 9 X 865 866
1060 8 X 995 982
1115 7 X 1057 1060
1146 6 X 1101 1115
1178 4 X 1165 1146
1184 3 X 1176 1178
288 13 X 29 213
647 11 X 288 357
353 13 X 120 138
640 11 X 283 353
840 10 X 647 640
649 11 X 289 358
841 10 X 647 649
970 9 X 840 841
971 9 X 842 812
1053 8 X 970 971
1111 7 X 1053 1026
843 10 X 648 649
977 9 X 847 843
976 9 X 847 812
1054 8 X 977 976
1112 7 X 1054 1067
1155 6 X 1111 1112
350 13 X 120 2
628 11 X 277 350
351 13 X 120 11
631 11 X 278 351
829 10 X 628 631
646 11 X 287 356
839 10 X 646 649
958 9 X 829 839
360 13 X 121 11
633 11 X 278 360
827 10 X 627 633
955 9 X 827 809
1048 8 X 958 955
1107 7 X 1048 1026
337 13 X 119 31
635 11 X 279 337
362 13 X 121 31
637 11 X 279 362
832 10 X 635 637
961 9 X 832 843
960 9 X 832 812
1049 8 X 961 960
1108 7 X 1049 1067
1153 6 X 1107 1108
1171 5 X 1155 1153
835 10 X 645 641
836 10 X 645 649
967 9 X 835 836
966 9 X 835 809
1052 8 X 967 966
1110 7 X 1052 1067
219 14 X 94 34
292 13 X 29 219
25 17 X 6 2
63 16 X 13 25
49 16 X 4 25
123 15 X 63 49
220 14 X 94 123
348 13 X 119 220
657 11 X 292 348
60 16 X 13 11
142 14 X 1 60
367 13 X 121 142
643 11 X 284 367
849 10 X 657 643
216 14 X 93 53
290 13 X 29 216
217 14 X 93 114
346 13 X 119 217
652 11 X 290 346
845 10 X 652 649
981 9 X 849 845
215 14 X 93 20
265 13 X 4 215
304 13 X 46 215
612 11 X 265 304
814 10 X 612 264
980 9 X 849 814
1055 8 X 981 980
1113 7 X 1055 1044
1154 6 X 1110 1113
956 9 X 827 836
1047 8 X 956 955
1106 7 X 1047 1067
165 14 X 31 34
286 13 X 29 165
167 14 X 31 123
341 13 X 119 167
644 11 X 286 341
166 14 X 31 60
368 13 X 121 166
639 11 X 279 368
834 10 X 644 639
965 9 X 834 845
964 9 X 834 814
1051 8 X 965 964
1109 7 X 1051 1044
1152 6 X 1106 1109
1170 5 X 1154 1152
1182 4 X 1171 1170
294 13 X 34 165
171 14 X 33 124
377 13 X 122 171
660 11 X 294 377
62 16 X 13 17
169 14 X 33 62
381 13 X 124 169
494 13 X 245 169
545 12 X 381 494
737 11 X 523 545
855 10 X 660 737
157 14 X 11 53
308 13 X 53 157
164 14 X 15 130
386 13 X 128 164
665 11 X 308 386
159 14 X 15 17
389 13 X 130 159
498 13 X 247 159
551 12 X 389 498
745 11 X 531 551
861 10 X 665 745
988 9 X 855 861
370 13 X 121 169
544 12 X 381 370
733 11 X 521 544
854 10 X 660 733
156 14 X 11 20
268 13 X 20 156
160 14 X 15 23
317 13 X 78 160
616 11 X 268 317
273 13 X 23 159
260 13 X 4 159
512 12 X 273 260
711 11 X 509 512
818 10 X 616 711
987 9 X 854 818
1058 8 X 988 987
1116 7 X 1058 1060
1147 6 X 1101 1116
1179 4 X 1165 1147
1186 3 X 1182 1179
1188 2 X 1184 1186
1190 1 X 1189 1188
