1398
lpseab iyrtmg rdpmtw bbijag iwyrcd oakouw akpdpq bqpibs niabkc utupbk yidaff gbixum qyfotq tngeef emdoqw eotctp cuvbvb worcsy qwnfwi iewhyy
19 9 6 4 3 13 8 7 14 11 12 18 15 5 10 16 17 1 20 2
1 21 -1 -1 -1
2 21 0 -1 -1
3 20 X 1 2
13 18 X 1 3
83 16 X 3 13
197 15 X 1 83
430 14 X 197 1
82 16 X 3 1
196 15 X 1 82
428 14 X 196 1
815 11 X 430 428
963 10 X 1 815
1211 8 X 963 1
814 11 X 430 1
962 10 X 1 814
1210 8 X 962 1
1302 7 X 1211 1210
1344 6 X 1211 1302
4 20 X 2 1
11 19 X 4 1
47 17 X 11 1
134 16 X 47 1
230 15 X 1 134
579 13 X 230 1
797 11 X 1 579
795 11 X 1 230
993 10 X 797 795
1111 9 X 1 993
1197 8 X 1 1111
30 17 X 1 2
100 16 X 30 1
208 15 X 1 100
31 17 X 1 3
104 16 X 31 1
209 15 X 1 104
564 13 X 208 209
839 11 X 564 208
990 10 X 564 839
8 19 X 2 1
44 17 X 8 2
128 16 X 44 1
224 15 X 1 128
27 18 X 8 11
71 17 X 27 2
170 16 X 71 1
252 15 X 1 170
450 14 X 224 252
10 19 X 3 1
46 17 X 10 3
132 16 X 46 1
228 15 X 1 132
28 18 X 10 1
74 17 X 28 3
175 16 X 74 1
254 15 X 1 175
459 14 X 228 254
680 13 X 450 459
457 14 X 228 252
683 13 X 457 459
779 12 X 680 683
938 11 X 779 680
936 11 X 779 450
1067 10 X 938 936
1136 9 X 990 1067
1200 8 X 1 1136
1299 7 X 1197 1200
45 17 X 8 3
131 16 X 45 1
227 15 X 1 131
456 14 X 228 227
578 13 X 227 456
710 12 X 227 578
42 17 X 2 3
126 16 X 42 1
223 15 X 1 126
859 11 X 710 223
971 10 X 1 859
72 17 X 27 3
173 16 X 72 1
253 15 X 1 173
454 14 X 227 253
458 14 X 228 253
722 12 X 454 458
873 11 X 722 454
979 10 X 1 873
1130 9 X 971 979
1081 9 X 1 795
1246 8 X 1130 1081
455 14 X 228 224
577 13 X 224 455
709 12 X 224 577
858 11 X 709 1
970 10 X 1 858
721 12 X 450 457
871 11 X 721 1
977 10 X 1 871
1129 9 X 970 977
441 14 X 209 208
565 13 X 208 441
705 12 X 208 565
854 11 X 705 1
1120 9 X 854 871
1245 8 X 1129 1120
1317 7 X 1246 1245
1355 6 X 1299 1317
1368 5 X 1344 1355
669 13 X 430 1
667 13 X 428 1
852 11 X 669 667
969 10 X 1 852
1128 9 X 969 1
1244 8 X 1128 1
23 18 X 3 1
98 16 X 23 1
207 15 X 1 98
440 14 X 207 1
674 13 X 440 1
959 10 X 1 674
1209 8 X 959 1
1316 7 X 1244 1209
1123 9 X 963 1
1242 8 X 1123 1
817 11 X 440 1
964 10 X 1 817
1212 8 X 964 1
1315 7 X 1242 1212
1363 6 X 1316 1315
18 18 X 1 8
58 17 X 18 1
146 16 X 58 1
234 15 X 1 146
21 18 X 1 11
64 17 X 21 1
155 16 X 64 1
243 15 X 1 155
462 14 X 234 243
686 13 X 462 1
20 18 X 1 10
62 17 X 20 1
153 16 X 62 1
241 15 X 1 153
472 14 X 241 243
697 13 X 472 1
782 12 X 686 697
943 11 X 782 686
1099 9 X 1 943
1196 8 X 1 1099
1286 7 X 1 1196
582 13 X 234 1
843 11 X 582 1
968 10 X 1 843
941 11 X 782 1
987 10 X 1 941
1127 9 X 968 987
1097 9 X 1 941
1243 8 X 1127 1097
1293 7 X 1 1243
1350 6 X 1286 1293
1379 5 X 1363 1350
1384 4 X 1368 1379
12 18 X 1 2
79 16 X 2 12
193 15 X 1 79
22 18 X 2 4
69 17 X 22 2
167 16 X 69 12
251 15 X 1 167
422 14 X 193 251
431 14 X 197 251
717 12 X 422 431
77 16 X 2 1
192 15 X 1 77
865 11 X 717 192
972 10 X 1 865
1103 9 X 1 972
1233 8 X 1103 1
80 16 X 2 13
194 15 X 1 80
424 14 X 194 251
719 12 X 424 431
868 11 X 719 192
974 10 X 1 868
1105 9 X 1 974
1235 8 X 1105 1
867 11 X 719 1
973 10 X 1 867
1104 9 X 1 973
1234 8 X 1104 1
1312 7 X 1235 1234
1348 6 X 1233 1312
576 13 X 224 228
937 11 X 779 576
935 11 X 779 224
1066 10 X 937 935
1114 9 X 1 1066
1198 8 X 1 1114
1298 7 X 1197 1198
872 11 X 722 227
978 10 X 1 872
1107 9 X 1 978
1237 8 X 1107 1081
1106 9 X 1 977
1088 9 X 1 871
1236 8 X 1106 1088
1313 7 X 1237 1236
1354 6 X 1298 1313
1372 5 X 1348 1354
84 16 X 4 1
198 15 X 1 84
555 13 X 198 1
796 11 X 1 555
961 10 X 1 796
1102 9 X 1 961
1232 8 X 1102 1
664 13 X 422 1
670 13 X 431 1
772 12 X 664 670
554 13 X 192 1
928 11 X 772 554
986 10 X 1 928
1108 9 X 1 986
1238 8 X 1108 1
1311 7 X 1232 1238
794 11 X 1 198
960 10 X 1 794
1101 9 X 1 960
1231 8 X 1101 1
1310 7 X 1231 1234
1362 6 X 1311 1310
942 11 X 782 582
1098 9 X 1 942
1195 8 X 1 1098
1285 7 X 1 1195
1109 9 X 1 987
1239 8 X 1109 1097
1291 7 X 1 1239
1349 6 X 1285 1291
1378 5 X 1362 1349
1387 4 X 1372 1378
1392 3 X 1384 1387
1085 9 X 1 815
1219 8 X 1085 1
271 15 X 82 83
485 14 X 271 1
391 14 X 82 1
818 11 X 485 391
1010 10 X 818 1
1148 9 X 1010 818
1262 8 X 1148 1
270 15 X 82 1
484 14 X 270 1
819 11 X 485 484
1011 10 X 819 1
1149 9 X 1011 814
1263 8 X 1149 1
1326 7 X 1262 1263
1346 6 X 1219 1326
328 15 X 128 79
329 15 X 128 80
505 14 X 329 328
617 13 X 328 505
334 15 X 132 83
509 14 X 334 328
619 13 X 328 509
762 12 X 617 619
918 11 X 762 77
1055 10 X 918 1
63 17 X 20 13
130 16 X 44 63
331 15 X 128 130
9 19 X 2 4
73 17 X 27 9
174 16 X 73 1
59 17 X 18 12
172 16 X 71 59
377 15 X 174 172
506 14 X 331 377
133 16 X 46 63
335 15 X 132 133
510 14 X 335 377
732 12 X 506 510
376 15 X 174 170
394 14 X 128 376
884 11 X 732 394
1185 9 X 1055 884
32 17 X 1 4
105 16 X 32 1
792 11 X 1 105
991 10 X 792 1
48 17 X 11 4
135 16 X 48 1
793 11 X 1 135
992 10 X 793 1
1137 9 X 991 992
1274 8 X 1185 1137
78 16 X 2 3
327 15 X 128 78
325 15 X 128 2
504 14 X 327 325
616 13 X 328 504
333 15 X 132 3
508 14 X 333 325
618 13 X 328 508
761 12 X 616 618
269 15 X 77 1
917 11 X 761 269
1054 10 X 917 1
226 15 X 1 130
29 18 X 11 1
24 18 X 4 1
75 17 X 29 24
176 16 X 75 1
380 15 X 176 172
453 14 X 226 380
129 16 X 44 46
225 15 X 1 129
171 16 X 71 44
379 15 X 176 171
452 14 X 225 379
682 13 X 453 452
229 15 X 1 133
461 14 X 229 380
187 15 X 1 46
409 14 X 187 379
685 13 X 461 409
781 12 X 682 685
378 15 X 176 1
385 14 X 1 378
940 11 X 781 385
1184 9 X 1054 940
34 17 X 1 12
102 16 X 30 34
101 16 X 30 31
255 15 X 30 101
477 14 X 255 30
540 13 X 102 477
386 14 X 31 30
539 13 X 102 386
741 12 X 540 539
294 15 X 100 1
892 11 X 741 294
1039 10 X 892 1
268 15 X 75 171
451 14 X 225 268
681 13 X 453 451
408 14 X 187 268
684 13 X 461 408
780 12 X 681 684
939 11 X 780 385
1068 10 X 939 1
1171 9 X 1039 1068
1273 8 X 1184 1171
1332 7 X 1274 1273
1341 6 X 1 1332
1370 5 X 1346 1341
1078 9 X 1 674
1213 8 X 1078 1
1289 7 X 1 1213
988 10 X 428 1
1134 9 X 988 1
1247 8 X 1134 1
287 15 X 98 1
492 14 X 287 1
989 10 X 492 1
1135 9 X 989 1
1248 8 X 1135 1
1318 7 X 1247 1248
1353 6 X 1289 1318
7 19 X 1 4
17 18 X 1 7
57 17 X 17 1
326 15 X 128 57
43 17 X 7 1
127 16 X 43 57
330 15 X 128 127
503 14 X 326 330
324 15 X 128 1
701 13 X 503 324
332 15 X 132 1
507 14 X 332 324
702 13 X 503 507
791 12 X 701 702
49 17 X 12 1
136 16 X 49 1
341 15 X 136 1
5 19 X 1 2
25 18 X 5 2
70 17 X 25 1
169 16 X 70 1
375 15 X 169 1
513 14 X 341 375
703 13 X 513 1
958 11 X 791 703
1077 10 X 958 1
805 11 X 385 1
1194 9 X 1077 805
39 17 X 1 17
103 16 X 30 39
295 15 X 103 1
599 13 X 295 294
296 15 X 104 1
493 14 X 296 294
600 13 X 295 493
754 12 X 599 600
909 11 X 754 1
1048 10 X 909 1
1001 10 X 805 1
1178 9 X 1048 1001
1284 8 X 1194 1178
1297 7 X 1 1284
1339 6 X 1 1297
1373 5 X 1353 1339
1386 4 X 1370 1373
274 15 X 84 79
276 15 X 84 167
486 14 X 274 276
432 14 X 197 276
729 12 X 486 432
273 15 X 84 77
881 11 X 729 273
1089 9 X 1 881
1222 8 X 1089 1
99 16 X 24 1
292 15 X 99 167
423 14 X 193 292
434 14 X 197 292
718 12 X 423 434
289 15 X 99 77
421 14 X 192 289
866 11 X 718 421
1087 9 X 1 866
1221 8 X 1087 1
1306 7 X 1222 1221
275 15 X 84 80
487 14 X 275 276
730 12 X 487 432
882 11 X 730 273
1090 9 X 1 882
1223 8 X 1090 1
426 14 X 194 292
166 16 X 69 2
291 15 X 99 166
425 14 X 194 291
665 13 X 426 425
433 14 X 197 291
671 13 X 434 433
773 12 X 665 671
288 15 X 99 1
382 14 X 1 288
929 11 X 773 382
1093 9 X 1 929
1226 8 X 1093 1
1307 7 X 1223 1226
1360 6 X 1306 1307
339 15 X 135 130
340 15 X 135 172
512 14 X 339 340
460 14 X 229 340
733 12 X 512 460
338 15 X 135 128
885 11 X 733 338
1091 9 X 1 885
1110 9 X 1 992
1224 8 X 1091 1110
1096 9 X 1 940
1115 9 X 1 1068
1229 8 X 1096 1115
1308 7 X 1224 1229
1340 6 X 1 1308
1376 5 X 1360 1340
1082 9 X 1 796
1216 8 X 1082 1
81 16 X 2 17
195 15 X 1 81
168 16 X 69 17
293 15 X 99 168
427 14 X 195 293
666 13 X 427 1
429 14 X 196 293
668 13 X 429 1
774 12 X 666 668
663 13 X 421 1
930 11 X 774 663
1094 9 X 1 930
1227 8 X 1094 1
1305 7 X 1216 1227
1080 9 X 1 794
1215 8 X 1080 1
86 16 X 7 1
199 15 X 1 86
87 16 X 7 17
290 15 X 99 87
435 14 X 199 290
672 13 X 435 382
383 14 X 1 290
648 13 X 383 382
775 12 X 672 648
931 11 X 775 382
1095 9 X 1 931
1228 8 X 1095 1
1304 7 X 1215 1228
1359 6 X 1305 1304
1083 9 X 1 805
1112 9 X 1 1001
1217 8 X 1083 1112
1290 7 X 1 1217
1336 6 X 1 1290
1375 5 X 1359 1336
1388 4 X 1376 1375
1394 3 X 1386 1388
1396 2 X 1392 1394
178 15 X 1 13
399 14 X 178 1
91 16 X 13 1
202 15 X 1 91
436 14 X 202 1
806 11 X 399 436
190 15 X 1 63
413 14 X 190 1
809 11 X 413 436
1002 10 X 806 809
154 16 X 63 1
242 15 X 1 154
473 14 X 242 1
810 11 X 413 473
1145 9 X 1002 810
15 18 X 1 5
37 17 X 1 15
184 15 X 1 37
549 13 X 184 1
93 16 X 15 1
203 15 X 1 93
833 11 X 549 203
965 10 X 1 833
6 19 X 1 3
16 18 X 1 6
38 17 X 1 16
185 15 X 1 38
407 14 X 185 184
650 13 X 407 1
744 12 X 549 650
114 16 X 37 1
214 15 X 1 114
896 11 X 744 214
981 10 X 1 896
1124 9 X 965 981
1259 8 X 1145 1124
1258 8 X 1145 1
1323 7 X 1259 1258
357 15 X 154 13
519 14 X 357 1
392 14 X 91 1
820 11 X 519 392
359 15 X 154 63
521 14 X 359 1
822 11 X 521 392
1013 10 X 820 822
396 14 X 154 1
823 11 X 521 396
1151 9 X 1013 823
119 16 X 38 1
310 15 X 119 37
116 16 X 37 38
314 15 X 119 116
502 14 X 314 310
612 13 X 310 502
311 15 X 119 38
498 14 X 311 310
611 13 X 310 498
759 12 X 612 611
96 16 X 16 1
285 15 X 96 93
915 11 X 759 285
985 10 X 1 915
501 14 X 314 184
497 14 X 311 184
731 12 X 501 497
313 15 X 119 114
500 14 X 313 214
883 11 X 731 500
980 10 X 1 883
1133 9 X 985 980
1265 8 X 1151 1133
279 15 X 91 1
489 14 X 279 1
821 11 X 519 489
824 11 X 521 489
1015 10 X 821 824
808 11 X 413 1
1153 9 X 1015 808
1267 8 X 1153 1
1328 7 X 1265 1267
1365 6 X 1323 1328
35 17 X 1 13
183 15 X 1 35
548 13 X 183 1
110 16 X 35 1
212 15 X 1 110
570 13 X 212 1
832 11 X 548 570
54 17 X 15 13
142 16 X 54 1
233 15 X 1 142
831 11 X 548 233
1022 10 X 832 831
60 17 X 18 13
152 16 X 60 63
240 15 X 1 152
66 17 X 21 13
162 16 X 66 63
250 15 X 1 162
471 14 X 240 250
696 13 X 471 1
417 14 X 190 250
662 13 X 417 1
790 12 X 696 662
151 16 X 60 1
239 15 X 1 151
161 16 X 66 1
249 15 X 1 161
470 14 X 239 249
695 13 X 470 1
957 11 X 790 695
955 11 X 790 470
1076 10 X 957 955
1158 9 X 1022 1076
1203 8 X 1 1158
108 16 X 34 35
211 15 X 1 108
568 13 X 211 183
107 16 X 34 1
210 15 X 1 107
567 13 X 210 212
840 11 X 568 567
115 16 X 37 35
215 15 X 1 115
120 16 X 38 35
220 15 X 1 120
573 13 X 215 220
841 11 X 573 1
1025 10 X 840 841
150 16 X 59 63
238 15 X 1 150
65 17 X 21 12
160 16 X 65 63
248 15 X 1 160
468 14 X 238 248
111 16 X 35 63
213 15 X 1 111
414 14 X 190 213
694 13 X 468 414
416 14 X 190 248
661 13 X 416 414
789 12 X 694 661
148 16 X 59 1
236 15 X 1 148
157 16 X 65 1
245 15 X 1 157
464 14 X 236 245
474 14 X 242 212
688 13 X 464 474
953 11 X 789 688
118 16 X 37 63
218 15 X 1 118
121 16 X 38 63
221 15 X 1 121
575 13 X 218 221
448 14 X 221 218
677 13 X 448 221
751 12 X 575 677
906 11 X 751 1
1074 10 X 953 906
1162 9 X 1025 1074
1205 8 X 1 1162
1301 7 X 1203 1205
803 11 X 357 91
363 15 X 154 152
525 14 X 359 363
635 13 X 363 525
715 12 X 363 635
50 17 X 12 13
137 16 X 50 1
280 15 X 91 137
863 11 X 715 280
999 10 X 803 863
40 17 X 1 20
123 16 X 40 1
319 15 X 123 111
522 14 X 359 319
318 15 X 123 110
397 14 X 154 318
825 11 X 522 397
321 15 X 123 162
528 14 X 363 321
523 14 X 359 321
736 12 X 528 523
362 15 X 154 151
320 15 X 123 161
527 14 X 362 320
887 11 X 736 527
1016 10 X 825 887
1143 9 X 999 1016
798 11 X 35 110
56 17 X 16 13
144 16 X 56 1
349 15 X 144 142
799 11 X 35 349
994 10 X 798 799
265 15 X 63 152
124 16 X 40 20
322 15 X 124 162
482 14 X 265 322
389 14 X 63 322
727 12 X 482 389
879 11 X 727 527
1138 9 X 994 879
1256 8 X 1143 1138
804 11 X 357 279
361 15 X 154 150
524 14 X 359 361
634 13 X 361 524
714 12 X 361 634
862 11 X 714 279
1000 10 X 804 862
812 11 X 414 1
724 12 X 468 416
876 11 X 724 1
1005 10 X 812 876
1144 9 X 1000 1005
260 15 X 35 108
388 14 X 35 260
587 13 X 260 388
711 12 X 260 587
301 15 X 110 1
860 11 X 711 301
316 15 X 120 115
393 14 X 120 316
613 13 X 316 393
712 12 X 316 613
861 11 X 712 1
1033 10 X 860 861
708 12 X 218 448
857 11 X 708 1
1034 10 X 876 857
1168 9 X 1033 1034
1257 8 X 1144 1168
1322 7 X 1256 1257
1357 6 X 1301 1322
1381 5 X 1365 1357
649 13 X 399 1
673 13 X 436 1
847 11 X 649 673
655 13 X 413 1
849 11 X 655 673
1029 10 X 847 849
698 13 X 473 1
850 11 X 655 698
1166 9 X 1029 850
179 15 X 1 15
541 13 X 179 1
559 13 X 203 1
827 11 X 541 559
1018 10 X 827 833
571 13 X 214 1
897 11 X 744 571
1041 10 X 897 896
1154 9 X 1018 1041
1271 8 X 1166 1154
180 15 X 1 16
542 13 X 179 180
206 15 X 1 96
560 13 X 203 206
828 11 X 542 560
550 13 X 184 185
836 11 X 550 1
1019 10 X 828 836
651 13 X 407 185
745 12 X 550 651
219 15 X 1 119
572 13 X 214 219
899 11 X 745 572
898 11 X 745 1
1042 10 X 899 898
1155 9 X 1019 1042
1201 8 X 1 1155
1330 7 X 1271 1201
55 17 X 16 1
143 16 X 55 1
347 15 X 143 91
514 14 X 347 1
734 12 X 514 436
807 11 X 399 734
811 11 X 413 734
1003 10 X 807 811
1146 9 X 1003 810
94 16 X 15 16
204 15 X 1 94
438 14 X 204 179
544 13 X 179 438
402 14 X 180 179
543 13 X 179 402
742 12 X 544 543
348 15 X 143 93
713 12 X 348 203
893 11 X 742 713
216 15 X 1 116
444 14 X 216 184
552 13 X 184 444
551 13 X 184 407
746 12 X 552 551
902 11 X 746 713
1040 10 X 893 902
720 12 X 444 407
870 11 X 720 214
1172 9 X 1040 870
1260 8 X 1146 1172
308 15 X 119 15
312 15 X 119 94
499 14 X 312 308
610 13 X 308 499
309 15 X 119 16
496 14 X 309 308
609 13 X 308 496
758 12 X 610 609
284 15 X 96 1
913 11 X 758 284
914 11 X 759 1
1052 10 X 913 914
869 11 X 720 1
1182 9 X 1052 869
1208 8 X 1 1182
1324 7 X 1260 1208
1367 6 X 1330 1324
53 17 X 15 1
141 16 X 53 55
232 15 X 1 141
581 13 X 232 1
140 16 X 53 1
231 15 X 1 140
580 13 X 231 1
842 11 X 581 580
1026 10 X 842 1
147 16 X 58 62
235 15 X 1 147
156 16 X 64 62
244 15 X 1 156
463 14 X 235 244
687 13 X 463 1
189 15 X 1 62
412 14 X 189 244
654 13 X 412 1
783 12 X 687 654
946 11 X 783 686
76 16 X 1 62
191 15 X 1 76
553 13 X 191 1
838 11 X 553 1
1071 10 X 946 838
1163 9 X 1026 1071
1206 8 X 1 1163
1288 7 X 1 1206
51 17 X 13 1
358 15 X 154 51
356 15 X 154 1
632 13 X 358 356
138 16 X 51 1
342 15 X 138 1
621 13 X 342 1
845 11 X 632 621
360 15 X 154 147
633 13 X 360 356
846 11 X 633 621
1028 10 X 845 846
411 14 X 189 191
653 13 X 411 1
848 11 X 653 1
944 11 X 783 1
1030 10 X 848 944
1165 9 X 1028 1030
261 15 X 35 141
259 15 X 35 1
588 13 X 261 259
345 15 X 143 1
624 13 X 345 1
844 11 X 588 624
315 15 X 120 1
802 11 X 315 1
1027 10 X 844 802
1069 10 X 944 838
1164 9 X 1027 1069
1270 8 X 1165 1164
1294 7 X 1 1270
1352 6 X 1288 1294
1383 5 X 1367 1352
1391 4 X 1381 1383
801 11 X 183 212
182 15 X 1 34
404 14 X 183 182
546 13 X 182 404
704 12 X 182 546
853 11 X 704 210
997 10 X 801 853
813 11 X 414 242
188 15 X 1 59
159 16 X 65 59
247 15 X 1 159
410 14 X 188 247
415 14 X 190 247
716 12 X 410 415
864 11 X 716 236
1006 10 X 813 864
1141 9 X 997 1006
834 11 X 549 214
966 10 X 1 834
1125 9 X 966 981
1252 8 X 1141 1125
967 10 X 1 836
982 10 X 1 898
1126 9 X 967 982
1253 8 X 1141 1126
1319 7 X 1252 1253
442 14 X 211 182
547 13 X 182 442
743 12 X 547 546
895 11 X 743 210
998 10 X 801 895
467 14 X 238 247
723 12 X 467 415
875 11 X 723 236
1007 10 X 813 875
1142 9 X 998 1007
901 11 X 746 214
984 10 X 1 901
976 10 X 1 870
1132 9 X 984 976
1255 8 X 1142 1132
800 11 X 183 1
894 11 X 743 1
996 10 X 800 894
874 11 X 723 1
1004 10 X 812 874
1140 9 X 996 1004
900 11 X 746 1
983 10 X 1 900
975 10 X 1 869
1131 9 X 983 975
1251 8 X 1140 1131
1321 7 X 1255 1251
1364 6 X 1319 1321
830 11 X 548 212
1021 10 X 832 830
585 13 X 239 1
956 11 X 790 585
954 11 X 790 239
1075 10 X 956 954
1157 9 X 1021 1075
1202 8 X 1 1157
584 13 X 236 242
952 11 X 789 584
1073 10 X 952 906
1161 9 X 1025 1073
1204 8 X 1 1161
1300 7 X 1202 1204
725 12 X 471 417
877 11 X 725 239
1008 10 X 813 877
1119 9 X 801 1008
1118 9 X 801 877
1241 8 X 1119 1118
405 14 X 183 211
569 13 X 211 405
706 12 X 211 569
855 11 X 706 1
995 10 X 800 855
1139 9 X 995 1005
447 14 X 220 215
574 13 X 215 447
707 12 X 215 574
856 11 X 707 1
1032 10 X 855 856
1167 9 X 1032 1034
1249 8 X 1139 1167
1314 7 X 1241 1249
1356 6 X 1300 1314
1380 5 X 1364 1356
545 13 X 182 1
566 13 X 210 1
829 11 X 545 566
1020 10 X 832 829
656 13 X 414 1
586 13 X 242 1
851 11 X 656 586
652 13 X 410 1
657 13 X 415 1
771 12 X 652 657
583 13 X 236 1
927 11 X 771 583
1031 10 X 851 927
1156 9 X 1020 1031
835 11 X 549 571
1023 10 X 835 834
1159 9 X 1023 1041
1268 8 X 1156 1159
837 11 X 550 572
1024 10 X 837 836
1160 9 X 1024 1042
1269 8 X 1156 1160
1329 7 X 1268 1269
1122 9 X 901 870
1254 8 X 1142 1122
1121 9 X 900 869
1250 8 X 1140 1121
1320 7 X 1254 1250
1366 6 X 1329 1320
945 11 X 783 582
1070 10 X 945 838
1117 9 X 1 1070
1199 8 X 1 1117
1287 7 X 1 1199
1113 9 X 1 1030
1116 9 X 1 1069
1240 8 X 1113 1116
1292 7 X 1 1240
1351 6 X 1287 1292
1382 5 X 1366 1351
1390 4 X 1380 1382
1395 3 X 1391 1390
1084 9 X 1 810
1218 8 X 1084 1
1012 10 X 820 1
1150 9 X 1012 823
1264 8 X 1150 1
1014 10 X 821 1
1152 9 X 1014 808
1266 8 X 1152 1
1327 7 X 1264 1266
1345 6 X 1218 1327
352 15 X 148 12
89 16 X 12 13
354 15 X 148 89
516 14 X 354 352
628 13 X 352 516
520 14 X 357 352
629 13 X 352 520
764 12 X 628 629
88 16 X 12 1
920 11 X 764 88
1057 10 X 920 1
355 15 X 148 150
19 18 X 1 9
68 17 X 21 19
164 16 X 68 1
373 15 X 164 159
517 14 X 355 373
526 14 X 359 373
735 12 X 517 526
372 15 X 164 157
395 14 X 148 372
886 11 X 735 395
1187 9 X 1057 886
258 15 X 34 108
479 14 X 258 34
538 13 X 34 479
387 14 X 35 34
536 13 X 34 387
740 12 X 538 536
891 11 X 740 107
1038 10 X 891 1
264 15 X 59 150
61 17 X 18 19
165 16 X 68 61
374 15 X 165 159
481 14 X 264 374
390 14 X 63 374
726 12 X 481 390
878 11 X 726 395
1035 10 X 878 1
1170 9 X 1038 1035
1276 8 X 1187 1170
626 13 X 352 504
627 13 X 352 508
763 12 X 626 627
278 15 X 88 1
593 13 X 278 269
919 11 X 763 593
1056 10 X 919 1
692 13 X 467 452
659 13 X 415 409
787 12 X 692 659
534 13 X 1 385
950 11 X 787 534
1186 9 X 1056 950
537 13 X 34 477
535 13 X 34 386
739 12 X 537 535
299 15 X 107 1
601 13 X 299 294
890 11 X 739 601
1037 10 X 890 1
691 13 X 467 451
658 13 X 415 408
786 12 X 691 658
949 11 X 786 534
1072 10 X 949 1
1169 9 X 1037 1072
1275 8 X 1186 1169
1333 7 X 1276 1275
1342 6 X 1 1333
1369 5 X 1345 1342
1079 9 X 1 698
1214 8 X 1079 1
1303 7 X 1214 1
816 11 X 436 734
1009 10 X 816 1
1147 9 X 1009 473
95 16 X 15 17
205 15 X 1 95
562 13 X 205 203
439 14 X 206 203
563 13 X 205 439
750 12 X 562 563
904 11 X 750 713
1044 10 X 904 1
117 16 X 37 39
217 15 X 1 117
443 14 X 214 217
675 13 X 443 214
446 14 X 219 217
445 14 X 219 214
676 13 X 446 445
776 12 X 675 676
932 11 X 776 214
1064 10 X 932 1
1174 9 X 1044 1064
1261 8 X 1147 1174
306 15 X 114 17
305 15 X 114 1
33 17 X 1 5
106 16 X 33 1
298 15 X 106 1
494 14 X 305 298
607 13 X 306 494
307 15 X 119 1
495 14 X 307 298
608 13 X 306 495
757 12 X 607 608
283 15 X 93 1
85 16 X 5 1
277 15 X 85 1
491 14 X 283 277
597 13 X 283 491
912 11 X 757 597
1051 10 X 912 1
122 16 X 39 1
222 15 X 1 122
186 15 X 1 39
449 14 X 222 186
26 18 X 7 1
41 17 X 1 26
125 16 X 41 1
323 15 X 125 1
384 14 X 1 323
678 13 X 449 384
381 14 X 1 186
646 13 X 381 384
777 12 X 678 646
533 13 X 1 384
933 11 X 777 533
1065 10 X 933 1
1181 9 X 1051 1065
1207 8 X 1 1181
1325 7 X 1261 1207
1358 6 X 1303 1325
353 15 X 148 57
630 13 X 353 324
631 13 X 353 507
765 12 X 630 631
620 13 X 341 1
921 11 X 765 620
1058 10 X 921 1
826 11 X 534 1
1188 9 X 1058 826
109 16 X 34 39
300 15 X 109 57
602 13 X 300 294
603 13 X 300 493
755 12 X 602 603
344 15 X 140 1
623 13 X 344 1
910 11 X 755 623
1049 10 X 910 1
1017 10 X 826 1
1179 9 X 1049 1017
1277 8 X 1188 1179
1295 7 X 1 1277
1337 6 X 1 1295
1374 5 X 1358 1337
1385 4 X 1369 1374
14 18 X 1 4
67 17 X 21 14
163 16 X 67 1
367 15 X 163 59
371 15 X 163 159
529 14 X 367 371
419 14 X 190 371
737 12 X 529 419
369 15 X 163 148
888 11 X 737 369
1092 9 X 1 888
1225 8 X 1092 1
1086 9 X 1 864
1220 8 X 1086 1
1309 7 X 1225 1220
364 15 X 163 12
368 15 X 163 89
531 14 X 368 364
641 13 X 364 531
401 14 X 178 364
638 13 X 364 401
768 12 X 641 638
92 16 X 14 1
282 15 X 92 88
924 11 X 768 282
1061 10 X 924 1
370 15 X 163 150
532 14 X 370 371
738 12 X 532 419
889 11 X 738 369
1191 9 X 1061 889
1280 8 X 1191 1
336 15 X 135 2
530 14 X 368 336
640 13 X 364 530
400 14 X 178 336
637 13 X 364 400
767 12 X 640 637
281 15 X 92 1
272 15 X 84 1
490 14 X 281 272
596 13 X 281 490
923 11 X 767 596
1060 10 X 923 1
469 14 X 238 379
693 13 X 467 469
420 14 X 190 379
660 13 X 415 420
788 12 X 693 660
951 11 X 788 534
1190 9 X 1060 951
1279 8 X 1190 1
1334 7 X 1280 1279
1361 6 X 1309 1334
36 17 X 1 14
262 15 X 36 34
263 15 X 36 108
480 14 X 263 262
592 13 X 262 480
406 14 X 183 262
590 13 X 262 406
753 12 X 592 590
112 16 X 36 1
303 15 X 112 107
908 11 X 753 303
1047 10 X 908 1
266 15 X 67 150
267 15 X 67 159
483 14 X 266 267
418 14 X 190 267
728 12 X 483 418
880 11 X 728 369
1036 10 X 880 1
1177 9 X 1047 1036
1281 8 X 1191 1177
337 15 X 135 78
511 14 X 337 336
639 13 X 364 511
177 15 X 1 3
398 14 X 177 336
636 13 X 364 398
766 12 X 639 636
594 13 X 281 272
922 11 X 766 594
1059 10 X 922 1
1189 9 X 1059 950
257 15 X 32 101
256 15 X 32 30
478 14 X 257 256
591 13 X 262 478
181 15 X 1 31
403 14 X 181 256
589 13 X 262 403
752 12 X 591 589
302 15 X 112 1
297 15 X 105 1
604 13 X 302 297
907 11 X 752 604
1046 10 X 907 1
1176 9 X 1046 1072
1278 8 X 1189 1176
1335 7 X 1281 1278
1343 6 X 1 1335
1377 5 X 1361 1343
149 16 X 59 39
237 15 X 1 149
158 16 X 65 39
246 15 X 1 158
466 14 X 237 246
690 13 X 466 1
476 14 X 242 246
699 13 X 476 1
785 12 X 690 699
948 11 X 785 583
1100 9 X 1 948
1230 8 X 1100 1
90 16 X 12 17
201 15 X 1 90
200 15 X 1 88
557 13 X 201 200
437 14 X 202 200
558 13 X 201 437
748 12 X 557 558
346 15 X 143 88
556 13 X 200 346
747 12 X 556 200
903 11 X 748 747
1043 10 X 903 1
465 14 X 236 246
689 13 X 465 464
475 14 X 242 245
700 13 X 476 475
784 12 X 689 700
947 11 X 784 236
1173 9 X 1043 947
561 13 X 203 348
749 12 X 561 203
905 11 X 750 749
1045 10 X 905 1
1175 9 X 1045 1064
1272 8 X 1173 1175
365 15 X 163 17
351 15 X 148 1
515 14 X 351 324
642 13 X 365 515
518 14 X 356 324
643 13 X 365 518
769 12 X 642 643
488 14 X 278 269
595 13 X 281 488
925 11 X 769 595
1062 10 X 925 1
679 13 X 449 385
647 13 X 381 385
778 12 X 679 647
934 11 X 778 534
1192 9 X 1062 934
317 15 X 122 17
614 13 X 317 494
615 13 X 317 495
760 12 X 614 615
97 16 X 17 1
286 15 X 97 1
598 13 X 286 491
916 11 X 760 598
1053 10 X 916 1
1183 9 X 1053 1065
1282 8 X 1192 1183
1331 7 X 1272 1282
1347 6 X 1230 1331
366 15 X 163 57
644 13 X 366 324
645 13 X 366 507
770 12 X 644 645
52 17 X 14 1
139 16 X 52 1
343 15 X 139 1
622 13 X 343 1
926 11 X 770 622
1063 10 X 926 1
1193 9 X 1063 826
113 16 X 36 39
304 15 X 113 57
605 13 X 304 294
606 13 X 304 493
756 12 X 605 606
145 16 X 57 1
350 15 X 145 1
625 13 X 350 1
911 11 X 756 625
1050 10 X 911 1
1180 9 X 1050 1017
1283 8 X 1193 1180
1296 7 X 1 1283
1338 6 X 1 1296
1371 5 X 1347 1338
1389 4 X 1377 1371
1393 3 X 1385 1389
1397 2 X 1395 1393
1398 1 X 1396 1397
