623
xvpesl vzfgrb rzsimn rxjgyf iosbrk kdvsfp otscmb iicqwa hmtxnh onzlkt wiepsb kluyro dewwzx bqrryj hjreeo djeygg vvaswo jassjr
11 2 4 3 10 7 14 15 13 5 8 18 12 16 6 9 1 17
4 19 2 -1 -1
3 19 1 -1 -1
31 16 X 4 3
90 15 X 31 4
309 11 X 90 4
370 10 X 4 309
58 15 X 3 4
298 11 X 58 4
369 10 X 4 298
472 9 X 370 369
529 8 X 472 4
514 8 X 369 4
567 7 X 529 514
1 19 -1 -1 -1
103 14 X 1 4
263 11 X 4 103
15 17 X 1 4
28 16 X 1 15
123 14 X 28 4
225 12 X 103 123
283 11 X 4 225
541 7 X 263 283
595 6 X 567 541
576 6 X 4 541
606 5 X 595 576
2 19 0 -1 -1
9 18 X 2 4
33 16 X 4 9
66 15 X 4 33
7 18 X 2 1
51 15 X 1 7
301 11 X 66 51
8 18 X 2 3
32 16 X 4 8
91 15 X 31 32
310 11 X 91 51
425 10 X 301 310
13 18 X 4 3
43 16 X 13 8
60 15 X 3 43
300 11 X 60 51
423 10 X 301 300
491 9 X 425 423
78 15 X 13 43
306 11 X 78 51
424 10 X 301 306
538 8 X 491 424
258 11 X 4 1
59 15 X 3 13
299 11 X 59 1
376 10 X 258 299
291 11 X 13 1
373 10 X 258 291
516 8 X 376 373
574 7 X 538 516
34 16 X 4 13
6 18 X 1 3
27 16 X 1 6
82 15 X 27 1
297 11 X 34 82
375 10 X 258 297
72 15 X 6 1
293 11 X 13 72
374 10 X 258 293
473 9 X 375 374
530 8 X 473 374
568 7 X 530 374
598 6 X 574 568
542 7 X 301 258
93 15 X 34 4
313 11 X 93 82
377 10 X 258 313
42 16 X 13 4
100 15 X 42 4
39 16 X 6 1
94 15 X 39 1
315 11 X 100 94
75 15 X 13 4
305 11 X 75 72
430 10 X 315 305
474 9 X 377 430
532 8 X 474 430
570 7 X 532 430
577 6 X 542 570
609 5 X 598 577
62 15 X 4 9
150 13 X 4 62
215 12 X 4 150
22 17 X 7 2
55 15 X 1 22
125 14 X 51 55
149 13 X 1 125
208 12 X 1 149
342 11 X 215 208
92 15 X 31 34
167 13 X 92 91
222 12 X 92 167
349 11 X 222 208
440 10 X 342 349
23 17 X 8 2
44 16 X 13 23
61 15 X 3 44
132 14 X 60 61
158 13 X 59 132
221 12 X 59 158
348 11 X 221 208
439 10 X 342 348
497 9 X 440 439
153 13 X 9 4
154 13 X 9 62
228 12 X 153 154
184 13 X 125 1
251 12 X 184 125
350 11 X 228 251
164 13 X 78 13
233 12 X 164 78
356 11 X 233 251
441 10 X 350 356
79 15 X 13 44
139 14 X 78 79
193 13 X 139 13
257 12 X 193 139
367 11 X 257 251
442 10 X 350 367
498 9 X 441 442
539 8 X 497 498
5 18 X 1 2
16 17 X 1 5
48 16 X 16 1
105 14 X 1 48
147 13 X 1 105
206 12 X 1 147
274 11 X 4 206
402 10 X 274 299
483 9 X 402 376
104 14 X 1 16
170 13 X 104 1
235 12 X 170 104
287 11 X 4 235
53 15 X 1 16
106 14 X 1 53
172 13 X 106 1
238 12 X 172 106
296 11 X 13 238
420 10 X 287 296
234 12 X 170 1
286 11 X 4 234
12 18 X 4 2
26 17 X 13 12
46 16 X 13 26
81 15 X 13 46
120 14 X 13 81
181 13 X 120 13
248 12 X 181 13
237 12 X 172 1
363 11 X 248 237
418 10 X 286 363
490 9 X 420 418
535 8 X 483 490
575 7 X 539 535
20 17 X 4 9
36 16 X 4 20
68 15 X 4 36
161 13 X 68 4
17 17 X 1 7
54 15 X 1 17
14 17 X 1 2
52 15 X 1 14
126 14 X 54 52
185 13 X 126 1
325 11 X 161 185
25 17 X 13 8
45 16 X 13 25
80 15 X 13 45
165 13 X 80 13
74 15 X 6 17
73 15 X 6 14
137 14 X 74 73
191 13 X 137 72
329 11 X 165 191
433 10 X 325 329
156 13 X 54 1
324 11 X 161 156
162 13 X 74 72
328 11 X 165 162
432 10 X 324 328
494 9 X 433 432
531 8 X 473 494
57 15 X 1 48
107 14 X 1 57
173 13 X 107 1
266 11 X 4 173
389 10 X 266 293
479 9 X 389 374
515 8 X 374 479
569 7 X 531 515
599 6 X 575 569
24 17 X 9 2
38 16 X 4 24
70 15 X 4 38
134 14 X 66 70
152 13 X 4 134
217 12 X 4 152
344 11 X 217 208
188 13 X 134 4
254 12 X 188 134
364 11 X 254 251
513 8 X 344 364
148 13 X 1 107
207 12 X 1 148
275 11 X 4 207
403 10 X 275 258
484 9 X 403 258
21 17 X 4 12
37 16 X 4 21
69 15 X 4 37
116 14 X 4 69
179 13 X 116 4
246 12 X 179 116
361 11 X 246 238
245 12 X 179 4
360 11 X 245 237
469 9 X 361 360
536 8 X 484 469
562 7 X 513 536
102 15 X 42 36
19 17 X 4 2
35 16 X 4 19
101 15 X 42 35
146 14 X 102 101
198 13 X 146 100
96 15 X 39 17
95 15 X 39 14
145 14 X 96 95
197 13 X 145 94
334 11 X 198 197
77 15 X 13 36
76 15 X 13 35
138 14 X 77 76
192 13 X 138 75
333 11 X 192 191
437 10 X 334 333
169 13 X 102 100
168 13 X 96 94
331 11 X 169 168
163 13 X 77 75
327 11 X 163 162
436 10 X 331 327
495 9 X 437 436
533 8 X 474 495
97 15 X 39 48
144 14 X 94 97
196 13 X 144 94
316 11 X 100 196
431 10 X 316 305
493 9 X 431 430
525 8 X 430 493
571 7 X 533 525
591 6 X 562 571
610 5 X 599 591
616 4 X 609 610
618 3 X 606 616
260 11 X 4 51
311 11 X 92 51
380 10 X 260 311
130 14 X 59 60
323 11 X 130 51
383 10 X 260 323
476 9 X 380 383
292 11 X 13 51
379 10 X 260 292
118 14 X 13 78
322 11 X 118 51
382 10 X 260 322
475 9 X 379 382
534 8 X 476 475
572 7 X 534 516
596 6 X 572 568
113 14 X 4 66
317 11 X 113 51
381 10 X 260 317
458 9 X 260 381
550 7 X 458 258
583 6 X 550 570
607 5 X 596 583
276 11 X 4 208
312 11 X 92 208
404 10 X 276 312
131 14 X 59 61
157 13 X 59 131
220 12 X 59 157
347 11 X 220 208
406 10 X 276 347
485 9 X 404 406
204 12 X 1 125
272 11 X 4 204
295 11 X 13 204
397 10 X 272 295
119 14 X 13 79
218 12 X 13 119
345 11 X 218 204
400 10 X 272 345
482 9 X 397 400
537 8 X 485 482
199 12 X 1 104
267 11 X 4 199
201 12 X 1 106
294 11 X 13 201
391 10 X 267 294
219 12 X 13 120
346 11 X 219 201
392 10 X 267 346
481 9 X 391 392
520 8 X 402 481
573 7 X 537 520
597 6 X 573 568
117 14 X 4 70
151 13 X 4 117
216 12 X 4 151
343 11 X 216 208
405 10 X 276 343
463 9 X 276 405
212 12 X 4 117
340 11 X 212 204
398 10 X 272 340
461 9 X 272 398
528 8 X 463 461
269 11 X 4 201
211 12 X 4 116
338 11 X 211 201
394 10 X 269 338
459 9 X 269 394
521 8 X 403 459
566 7 X 528 521
594 6 X 566 570
608 5 X 597 594
615 4 X 607 608
617 3 X 606 615
621 2 X 618 617
111 14 X 4 62
319 11 X 113 111
371 10 X 4 319
64 15 X 4 20
303 11 X 68 64
427 10 X 303 4
452 9 X 4 427
504 8 X 4 452
546 7 X 371 504
108 14 X 1 62
318 11 X 113 108
387 10 X 263 318
128 14 X 54 64
18 17 X 1 9
49 16 X 17 18
83 15 X 28 49
140 14 X 83 64
227 12 X 128 140
304 11 X 68 227
428 10 X 304 283
466 9 X 283 428
511 8 X 283 466
548 7 X 387 511
581 6 X 546 548
278 11 X 4 211
176 13 X 113 4
242 12 X 176 113
65 15 X 4 24
112 14 X 4 65
175 13 X 112 4
241 12 X 175 112
357 11 X 242 241
409 10 X 278 357
180 13 X 117 4
247 12 X 180 117
362 11 X 247 241
410 10 X 278 362
487 9 X 409 410
155 13 X 20 4
229 12 X 155 20
50 16 X 19 20
124 14 X 50 19
183 13 X 124 4
122 14 X 20 19
250 12 X 183 122
352 11 X 229 250
67 15 X 4 35
135 14 X 68 67
189 13 X 135 4
255 12 X 189 68
71 15 X 4 50
63 15 X 4 19
136 14 X 71 63
190 13 X 136 4
133 14 X 64 63
256 12 X 190 133
366 11 X 255 256
444 10 X 352 366
453 9 X 4 444
505 8 X 4 453
558 7 X 487 505
110 14 X 1 69
224 12 X 103 110
282 11 X 4 224
115 14 X 4 68
178 13 X 115 4
244 12 X 178 115
109 14 X 1 63
174 13 X 109 103
240 12 X 174 109
359 11 X 244 240
415 10 X 282 359
232 12 X 161 68
47 16 X 14 17
56 15 X 1 47
129 14 X 56 71
187 13 X 129 103
141 14 X 83 71
253 12 X 187 141
355 11 X 232 253
447 10 X 355 283
467 9 X 283 447
512 8 X 283 467
549 7 X 415 512
589 6 X 558 549
372 10 X 211 362
448 9 X 4 366
500 8 X 4 448
547 7 X 372 500
339 11 X 211 224
114 14 X 4 67
177 13 X 114 4
243 12 X 177 114
358 11 X 243 240
438 10 X 339 358
496 9 X 438 415
560 7 X 496 512
582 6 X 547 560
603 5 X 589 582
611 4 X 581 603
302 11 X 68 54
426 10 X 302 258
457 9 X 258 426
508 8 X 258 457
543 7 X 301 508
578 6 X 543 258
11 18 X 3 4
41 16 X 11 4
99 15 X 41 4
10 18 X 3 1
40 16 X 10 1
98 15 X 40 1
314 11 X 99 98
454 9 X 258 314
526 8 X 454 314
30 16 X 3 4
88 15 X 30 4
29 16 X 3 1
84 15 X 29 1
307 11 X 88 84
563 7 X 526 307
579 6 X 543 563
600 5 X 578 579
159 13 X 62 4
230 12 X 159 62
353 11 X 230 251
160 13 X 66 4
231 12 X 160 66
354 11 X 231 251
445 10 X 353 354
446 10 X 353 364
499 9 X 445 446
171 13 X 105 1
236 12 X 171 105
288 11 X 4 236
421 10 X 288 258
289 11 X 4 238
419 10 X 287 289
121 14 X 17 14
182 13 X 121 1
249 12 X 182 121
351 11 X 229 249
252 12 X 185 126
365 11 X 255 252
443 10 X 351 365
489 9 X 419 443
522 8 X 421 489
561 7 X 499 522
388 10 X 266 258
127 14 X 54 56
186 13 X 127 1
326 11 X 161 186
434 10 X 326 258
478 9 X 388 434
517 8 X 388 478
544 7 X 325 517
590 6 X 561 544
239 12 X 173 107
290 11 X 4 239
422 10 X 290 258
470 9 X 361 365
523 8 X 422 470
545 7 X 364 523
332 11 X 189 185
468 9 X 332 325
87 15 X 29 48
142 14 X 84 87
194 13 X 142 84
308 11 X 88 194
429 10 X 308 307
89 15 X 30 36
166 13 X 89 88
85 15 X 29 17
86 15 X 29 47
143 14 X 85 86
195 13 X 143 84
330 11 X 166 195
435 10 X 330 307
492 9 X 429 435
524 8 X 429 492
553 7 X 468 524
580 6 X 545 553
604 5 X 590 580
613 4 X 600 604
619 3 X 611 613
265 11 X 4 111
368 10 X 4 265
471 9 X 368 371
262 11 X 4 64
321 11 X 115 64
385 10 X 262 321
449 9 X 4 385
501 8 X 4 449
554 7 X 471 501
264 11 X 4 108
386 10 X 263 264
477 9 X 386 387
285 11 X 4 227
417 10 X 285 283
465 9 X 283 417
510 8 X 283 465
555 7 X 477 510
586 6 X 554 555
209 12 X 4 112
277 11 X 4 209
407 10 X 278 277
341 11 X 212 209
408 10 X 278 341
486 9 X 407 408
213 12 X 4 122
279 11 X 4 213
210 12 X 4 114
214 12 X 4 133
336 11 X 210 214
411 10 X 279 336
450 9 X 4 411
502 8 X 4 450
556 7 X 486 502
223 12 X 103 109
281 11 X 4 223
413 10 X 282 281
337 11 X 210 223
414 10 X 282 337
488 9 X 413 414
226 12 X 103 141
284 11 X 4 226
416 10 X 284 283
464 9 X 283 416
509 8 X 283 464
559 7 X 488 509
587 6 X 556 559
280 11 X 4 214
412 10 X 280 336
451 9 X 4 412
503 8 X 4 451
557 7 X 486 503
588 6 X 557 559
602 5 X 587 588
612 4 X 586 602
259 11 X 4 17
320 11 X 115 54
378 10 X 259 320
455 9 X 258 378
506 8 X 258 455
551 7 X 458 506
584 6 X 551 258
261 11 X 4 54
384 10 X 261 320
456 9 X 258 384
507 8 X 258 456
552 7 X 458 507
585 6 X 552 563
601 5 X 584 585
399 10 X 272 343
462 9 X 272 399
527 8 X 462 461
200 12 X 1 105
268 11 X 4 200
393 10 X 268 258
390 10 X 267 269
203 12 X 1 121
271 11 X 4 203
205 12 X 1 126
335 11 X 210 205
396 10 X 271 335
480 9 X 390 396
518 8 X 393 480
564 7 X 527 518
592 6 X 564 258
202 12 X 1 107
270 11 X 4 202
395 10 X 270 258
273 11 X 4 205
401 10 X 273 335
460 9 X 269 401
519 8 X 395 460
565 7 X 527 519
540 7 X 258 307
593 6 X 565 540
605 5 X 592 593
614 4 X 601 605
620 3 X 612 614
622 2 X 619 620
623 1 X 621 622
