341
ioheje qsyzfb tfykwz bosclm jcdmxy qdeeyh melhdj keyodw sfmtkc mwzqkr dytoih zhnvya mflkly rebjdl esvren wcbbun
11 15 14 12 10 8 13 5 9 2 3 6 7 4 1 16
1 17 -1 -1 -1
2 17 0 -1 -1
3 16 X 1 2
9 15 X 3 1
8 15 X 2 1
25 14 X 9 8
55 13 X 25 1
67 12 X 1 55
109 11 X 1 67
151 10 X 1 109
24 14 X 9 1
53 13 X 24 1
66 12 X 1 53
108 11 X 1 66
150 10 X 1 108
209 9 X 151 150
227 8 X 1 209
263 7 X 1 227
297 6 X 263 1
316 5 X 1 297
101 11 X 1 55
148 10 X 1 101
100 11 X 1 53
147 10 X 1 100
208 9 X 148 147
226 8 X 1 208
262 7 X 1 226
296 6 X 262 1
315 5 X 1 296
328 4 X 316 315
223 8 X 1 147
259 7 X 1 223
293 6 X 259 1
314 5 X 1 293
335 3 X 328 314
6 15 X 1 3
27 13 X 1 6
5 15 X 1 2
21 14 X 6 5
48 13 X 21 5
74 12 X 27 48
115 11 X 1 74
64 12 X 1 48
107 11 X 1 64
182 10 X 115 107
73 12 X 27 1
114 11 X 1 73
181 10 X 114 1
216 9 X 182 181
251 8 X 216 181
4 16 X 2 1
7 15 X 1 4
13 14 X 1 7
35 13 X 13 7
61 12 X 1 35
105 11 X 1 61
12 14 X 1 4
33 13 X 12 7
59 12 X 1 33
103 11 X 1 59
173 10 X 105 103
213 9 X 173 105
232 8 X 105 213
288 7 X 251 232
20 14 X 6 1
28 13 X 1 20
19 14 X 5 1
44 13 X 20 19
77 12 X 28 44
118 11 X 1 77
154 10 X 1 118
75 12 X 28 1
116 11 X 1 75
153 10 X 1 116
210 9 X 154 153
152 10 X 1 114
248 8 X 210 152
22 14 X 7 1
29 13 X 1 22
58 12 X 1 29
102 11 X 1 58
149 10 X 1 102
34 13 X 13 1
60 12 X 1 34
104 11 X 1 60
172 10 X 104 105
241 8 X 149 172
287 7 X 248 241
308 6 X 288 287
318 5 X 1 308
69 12 X 6 48
110 11 X 1 69
11 15 X 4 2
50 13 X 21 11
70 12 X 6 50
111 11 X 1 70
30 13 X 3 6
16 14 X 3 2
39 13 X 16 5
79 12 X 30 39
120 11 X 1 79
176 10 X 111 120
18 14 X 3 6
41 13 X 18 6
17 14 X 3 5
40 13 X 17 5
84 12 X 41 40
123 11 X 1 84
177 10 X 111 123
215 9 X 176 177
234 8 X 110 215
10 15 X 4 1
14 14 X 1 10
36 13 X 14 1
82 12 X 36 33
121 11 X 1 82
174 10 X 105 121
214 9 X 174 105
233 8 X 105 214
280 7 X 234 233
71 12 X 20 44
112 11 X 1 71
175 10 X 111 110
235 8 X 112 175
231 8 X 102 105
281 7 X 235 231
304 6 X 280 281
317 5 X 1 304
329 4 X 318 317
23 14 X 8 1
52 13 X 23 1
92 12 X 52 1
93 12 X 53 1
142 11 X 92 93
159 10 X 1 142
205 9 X 1 159
225 8 X 1 205
261 7 X 1 225
295 6 X 261 1
26 14 X 11 1
46 13 X 20 26
78 12 X 28 46
119 11 X 1 78
15 14 X 3 1
37 13 X 15 19
76 12 X 28 37
117 11 X 1 76
184 10 X 119 117
240 8 X 118 184
54 13 X 24 20
94 12 X 54 37
131 11 X 1 94
183 10 X 118 131
239 8 X 118 183
284 7 X 240 239
306 6 X 284 154
322 5 X 295 306
145 10 X 1 93
204 9 X 1 145
224 8 X 1 204
260 7 X 1 224
294 6 X 260 1
72 12 X 20 46
113 11 X 1 72
38 13 X 15 20
83 12 X 38 37
122 11 X 1 83
180 10 X 113 122
238 8 X 112 180
178 10 X 112 122
236 8 X 112 178
283 7 X 238 236
179 10 X 113 112
237 8 X 112 179
282 7 X 237 112
305 6 X 283 282
321 5 X 294 305
330 4 X 322 321
336 3 X 329 330
339 2 X 335 336
68 12 X 5 1
90 12 X 48 1
139 11 X 68 90
198 10 X 139 1
132 11 X 5 48
56 12 X 1 19
135 11 X 56 64
196 10 X 132 135
42 13 X 19 5
62 12 X 1 42
137 11 X 62 64
197 10 X 132 137
245 8 X 196 197
274 7 X 198 245
43 13 X 20 1
85 12 X 43 1
266 7 X 85 43
301 6 X 274 266
129 11 X 1 90
193 10 X 129 1
99 11 X 1 48
171 10 X 99 107
272 7 X 193 171
124 11 X 1 85
87 12 X 44 1
126 11 X 1 87
185 10 X 124 126
97 11 X 1 43
98 11 X 1 44
167 10 X 97 98
270 7 X 185 167
299 6 X 272 270
324 5 X 301 299
134 11 X 44 48
161 10 X 44 134
133 11 X 44 1
242 8 X 161 133
285 7 X 242 161
228 8 X 44 133
275 7 X 228 44
307 6 X 285 275
230 8 X 99 1
279 7 X 230 99
229 8 X 98 1
277 7 X 229 98
303 6 X 279 277
325 5 X 307 303
332 4 X 324 325
32 13 X 5 7
81 12 X 32 5
49 13 X 21 7
91 12 X 49 48
141 11 X 81 91
202 10 X 141 1
31 13 X 5 1
80 12 X 31 5
47 13 X 21 1
89 12 X 47 48
140 11 X 80 89
199 10 X 140 1
221 9 X 202 199
257 8 X 221 199
203 10 X 141 135
200 10 X 140 135
222 9 X 203 200
201 10 X 140 137
258 8 X 222 201
292 7 X 257 258
160 10 X 43 1
268 7 X 160 43
312 6 X 292 268
45 13 X 20 22
88 12 X 45 44
127 11 X 1 88
188 10 X 127 1
86 12 X 43 44
125 11 X 1 86
186 10 X 125 1
217 9 X 188 186
253 8 X 217 186
63 12 X 1 44
106 11 X 1 63
189 10 X 127 106
187 10 X 125 106
218 9 X 189 187
254 8 X 218 187
290 7 X 253 254
166 10 X 97 1
169 10 X 97 127
168 10 X 97 125
212 9 X 169 168
250 8 X 212 168
269 7 X 166 250
310 6 X 290 269
327 5 X 312 310
144 10 X 1 88
143 10 X 1 86
207 9 X 144 143
247 8 X 207 143
264 7 X 1 247
252 8 X 217 1
206 9 X 127 125
246 8 X 206 125
289 7 X 252 246
319 5 X 264 289
334 4 X 327 319
338 3 X 332 334
96 11 X 1 35
57 12 X 1 22
136 11 X 57 61
164 10 X 96 136
51 13 X 22 7
65 12 X 1 51
138 11 X 65 61
165 10 X 96 138
243 8 X 164 165
273 7 X 193 243
300 6 X 273 1
163 10 X 96 105
271 7 X 193 163
156 10 X 1 126
95 11 X 1 29
146 10 X 1 95
267 7 X 156 146
298 6 X 271 267
323 5 X 300 298
170 10 X 98 44
158 10 X 1 133
244 8 X 170 158
162 10 X 95 29
286 7 X 244 162
278 7 X 230 96
276 7 X 229 95
302 6 X 278 276
320 5 X 286 302
331 4 X 323 320
130 11 X 1 91
194 10 X 130 1
128 11 X 1 89
190 10 X 128 1
219 9 X 194 190
255 8 X 219 190
195 10 X 130 135
191 10 X 128 135
220 9 X 195 191
192 10 X 128 137
256 8 X 220 192
291 7 X 255 256
311 6 X 291 1
157 10 X 1 127
155 10 X 1 125
211 9 X 157 155
249 8 X 211 155
265 7 X 1 249
309 6 X 290 265
326 5 X 311 309
313 5 X 1 289
333 4 X 326 313
337 3 X 331 333
340 2 X 338 337
341 1 X 339 340
