573
weurfu euvwxz osrgcb dxsfgr feyymm zlxcal iknnxg fnwitj bzquqe lnzcvr afbcqa xahvye wmxiij qcactl ufpzpr qgmvsi apczhx ancupn
4 7 12 9 2 11 6 18 10 5 15 8 1 16 17 13 14 3
3 19 1 -1 -1
1 19 -1 -1 -1
156 13 X 3 1
347 10 X 3 156
27 16 X 3 1
123 14 X 27 3
196 13 X 123 1
353 10 X 123 196
429 9 X 347 353
419 9 X 156 196
497 7 X 429 419
5 18 X 1 3
157 13 X 3 5
348 10 X 3 157
104 14 X 1 3
105 14 X 1 5
178 13 X 104 105
352 10 X 104 178
430 9 X 348 352
420 9 X 157 178
501 7 X 430 420
544 5 X 497 501
54 15 X 1 3
129 14 X 54 1
153 13 X 1 129
354 10 X 153 1
61 15 X 1 27
133 14 X 61 54
154 13 X 1 133
355 10 X 154 1
433 9 X 354 355
502 7 X 433 1
545 5 X 502 1
559 4 X 544 545
2 19 0 -1 -1
7 18 X 2 3
15 17 X 7 3
38 16 X 3 15
65 15 X 3 38
116 14 X 3 65
188 13 X 116 1
246 12 X 156 188
334 11 X 246 156
6 18 X 2 1
14 17 X 6 1
22 16 X 1 14
60 15 X 1 22
110 14 X 1 60
190 13 X 116 110
247 12 X 156 190
335 11 X 247 156
406 10 X 334 335
463 9 X 406 196
491 8 X 463 419
500 7 X 429 491
115 14 X 3 38
300 11 X 3 115
106 14 X 1 22
186 13 X 115 106
309 11 X 156 186
391 10 X 300 309
451 9 X 391 353
478 8 X 429 451
367 10 X 246 247
125 14 X 27 65
199 13 X 125 1
267 12 X 196 199
200 13 X 125 110
268 12 X 196 200
374 10 X 267 268
443 9 X 367 374
185 13 X 115 1
244 12 X 156 185
311 11 X 156 244
245 12 X 156 186
312 11 X 156 245
396 10 X 311 312
124 14 X 27 38
197 13 X 124 1
318 11 X 196 197
198 13 X 124 106
319 11 X 196 198
398 10 X 318 319
457 9 X 396 398
484 8 X 443 457
520 7 X 478 484
531 6 X 500 520
16 17 X 7 5
41 16 X 5 16
119 14 X 5 41
187 13 X 115 119
248 12 X 157 187
336 11 X 248 157
350 10 X 3 336
432 9 X 350 352
480 8 X 430 432
359 10 X 157 336
438 9 X 359 178
475 8 X 420 438
524 7 X 480 475
316 11 X 187 157
349 10 X 3 316
431 9 X 349 352
479 8 X 430 431
189 13 X 116 5
249 12 X 157 189
337 11 X 249 157
66 15 X 5 41
120 14 X 5 66
191 13 X 116 120
250 12 X 157 191
338 11 X 250 157
407 10 X 337 338
111 14 X 1 65
183 13 X 111 105
259 12 X 178 183
339 11 X 259 178
112 14 X 1 66
184 13 X 111 112
260 12 X 178 184
340 11 X 260 178
408 10 X 339 340
464 9 X 407 408
107 14 X 1 38
108 14 X 1 41
181 13 X 107 108
315 11 X 181 178
360 10 X 178 315
439 9 X 359 360
493 8 X 464 439
523 7 X 479 493
543 6 X 524 523
549 5 X 531 543
182 13 X 110 1
233 12 X 1 182
331 11 X 233 1
225 12 X 1 110
326 11 X 225 1
405 10 X 331 326
290 11 X 1 182
286 11 X 1 110
383 10 X 290 286
462 9 X 405 383
179 13 X 106 1
289 11 X 1 179
285 11 X 1 106
382 10 X 289 285
410 9 X 1 382
490 8 X 462 410
506 7 X 433 490
130 14 X 54 22
180 13 X 106 130
305 11 X 153 180
393 10 X 305 285
453 9 X 393 355
481 8 X 433 453
363 10 X 233 225
466 8 X 363 382
525 7 X 481 466
533 6 X 506 525
304 11 X 106 1
346 10 X 1 304
427 9 X 346 1
465 8 X 1 427
461 9 X 405 1
489 8 X 461 427
518 7 X 465 489
469 8 X 405 346
517 7 X 465 469
541 6 X 518 517
551 5 X 533 541
564 4 X 549 551
567 3 X 559 564
11 17 X 1 5
35 16 X 3 11
62 15 X 1 35
134 14 X 62 54
155 13 X 1 134
356 10 X 155 1
434 9 X 354 356
507 7 X 434 1
534 6 X 507 502
552 5 X 534 1
560 4 X 544 552
308 11 X 156 185
395 10 X 308 309
456 9 X 395 398
483 8 X 443 456
519 7 X 478 483
530 6 X 500 519
358 10 X 157 316
436 9 X 358 178
474 8 X 420 436
521 7 X 479 474
437 9 X 358 360
492 8 X 464 437
522 7 X 479 492
542 6 X 521 522
548 5 X 530 542
509 7 X 434 490
536 6 X 509 525
554 5 X 536 541
563 4 X 548 554
568 3 X 560 563
571 2 X 567 568
8 18 X 3 2
13 17 X 3 8
53 16 X 13 3
103 15 X 53 3
118 14 X 3 103
4 18 X 1 2
10 17 X 1 4
51 16 X 10 1
101 15 X 51 1
114 14 X 1 101
193 13 X 118 114
12 17 X 3 2
26 16 X 2 12
36 16 X 3 12
77 15 X 26 36
49 16 X 8 13
99 15 X 49 36
139 14 X 77 99
9 17 X 1 2
25 16 X 2 9
75 15 X 25 1
40 16 X 4 10
87 15 X 40 1
138 14 X 75 87
209 13 X 139 138
266 12 X 193 209
20 16 X 1 9
88 15 X 40 20
176 13 X 99 88
265 12 X 193 176
373 10 X 266 265
46 16 X 7 9
28 16 X 3 2
96 15 X 46 28
37 16 X 3 13
85 15 X 37 28
151 14 X 96 85
43 16 X 6 9
91 15 X 43 1
21 16 X 1 10
70 15 X 21 1
147 14 X 91 70
218 13 X 151 147
274 12 X 196 218
34 16 X 3 10
83 15 X 34 28
144 14 X 83 85
17 16 X 1 2
71 15 X 21 17
214 13 X 144 71
272 12 X 196 214
376 10 X 274 272
447 9 X 373 376
52 16 X 12 3
102 15 X 52 3
117 14 X 3 102
50 16 X 9 1
100 15 X 50 1
113 14 X 1 100
192 13 X 117 113
172 13 X 77 75
262 12 X 192 172
313 11 X 156 262
76 15 X 25 20
173 13 X 77 76
263 12 X 192 173
314 11 X 156 263
397 10 X 313 314
44 16 X 7 1
92 15 X 44 27
45 16 X 7 3
94 15 X 45 3
148 14 X 92 94
42 16 X 6 1
90 15 X 42 1
215 13 X 148 90
47 16 X 7 12
97 15 X 47 28
152 14 X 96 97
219 13 X 152 91
279 12 X 215 219
325 11 X 196 279
33 16 X 3 9
82 15 X 33 28
84 15 X 36 28
143 14 X 82 84
69 15 X 20 17
213 13 X 143 69
271 12 X 196 213
322 11 X 196 271
402 10 X 325 322
458 9 X 397 402
488 8 X 447 458
499 7 X 429 488
529 6 X 497 499
177 13 X 104 1
351 10 X 104 177
428 9 X 347 351
418 9 X 156 177
495 7 X 428 418
48 16 X 8 3
98 15 X 48 3
39 16 X 4 1
86 15 X 39 1
175 13 X 98 86
264 12 X 193 175
342 11 X 264 156
424 9 X 342 177
24 16 X 2 3
74 15 X 24 3
23 16 X 2 1
73 15 X 23 1
170 13 X 74 73
261 12 X 192 170
341 11 X 261 156
357 10 X 156 341
435 9 X 357 177
476 8 X 424 435
496 7 X 428 476
527 6 X 495 496
547 5 X 529 527
55 15 X 1 17
166 13 X 55 1
230 12 X 1 166
295 11 X 1 230
223 12 X 1 71
294 11 X 1 223
386 10 X 295 294
413 9 X 1 386
68 15 X 20 1
169 13 X 69 68
232 12 X 1 169
296 11 X 1 232
222 12 X 1 69
293 11 X 1 222
387 10 X 296 293
414 9 X 1 387
472 8 X 413 414
503 7 X 433 472
59 15 X 1 21
58 15 X 1 20
132 14 X 59 58
207 13 X 132 1
235 12 X 1 207
89 15 X 40 21
145 14 X 89 88
243 12 X 86 145
366 10 X 235 243
18 16 X 1 4
56 15 X 1 18
131 14 X 56 55
206 13 X 131 1
234 12 X 1 206
72 15 X 21 18
135 14 X 72 71
227 12 X 1 135
365 10 X 234 227
442 9 X 366 365
171 13 X 76 75
242 12 X 73 171
298 11 X 1 242
241 12 X 73 76
297 11 X 1 241
388 10 X 298 297
450 9 X 388 387
482 8 X 442 450
505 7 X 433 482
532 6 X 503 505
303 11 X 86 1
345 10 X 1 303
426 9 X 345 1
302 11 X 73 1
344 10 X 1 302
425 9 X 344 1
477 8 X 426 425
494 7 X 1 477
526 6 X 1 494
550 5 X 532 526
562 4 X 547 550
220 12 X 1 3
301 11 X 3 220
229 12 X 1 156
310 11 X 156 229
392 10 X 301 310
452 9 X 392 353
423 9 X 310 196
514 7 X 452 423
361 10 X 220 229
440 9 X 361 353
162 13 X 21 1
32 16 X 3 8
81 15 X 32 28
126 14 X 28 81
201 13 X 126 1
256 12 X 162 201
67 15 X 18 17
174 13 X 81 67
240 12 X 21 174
370 10 X 256 240
29 16 X 3 4
127 14 X 29 32
202 13 X 127 1
275 12 X 202 201
203 13 X 127 18
80 15 X 29 28
142 14 X 80 81
212 13 X 142 67
276 12 X 203 212
377 10 X 275 276
445 9 X 370 377
161 13 X 20 1
163 13 X 28 1
255 12 X 161 163
330 11 X 229 255
164 13 X 28 17
239 12 X 20 164
328 11 X 229 239
404 10 X 330 328
30 16 X 3 6
31 16 X 3 7
128 14 X 30 31
204 13 X 128 1
277 12 X 204 163
323 11 X 196 277
317 11 X 196 164
399 10 X 323 317
460 9 X 404 399
486 8 X 445 460
511 7 X 440 486
538 6 X 514 511
556 5 X 538 495
228 12 X 1 153
306 11 X 153 228
394 10 X 306 1
454 9 X 394 355
288 11 X 1 166
283 11 X 1 67
381 10 X 288 283
409 9 X 1 381
19 16 X 1 6
160 13 X 19 1
158 13 X 17 1
254 12 X 160 158
299 11 X 1 254
280 11 X 1 17
389 10 X 299 280
415 9 X 1 389
470 8 X 409 415
515 7 X 454 470
362 10 X 228 1
441 9 X 362 355
167 13 X 56 1
257 12 X 167 206
122 14 X 18 67
236 12 X 18 122
371 10 X 257 236
287 11 X 1 158
379 10 X 287 280
448 9 X 379 389
468 8 X 371 448
513 7 X 441 468
539 6 X 515 513
557 5 X 539 1
566 4 X 556 557
570 3 X 562 566
137 14 X 74 98
136 14 X 73 86
208 13 X 137 136
258 12 X 175 208
372 10 X 258 175
93 15 X 44 28
63 15 X 3 28
149 14 X 93 63
146 14 X 90 1
216 13 X 149 146
273 12 X 196 216
78 15 X 27 28
140 14 X 78 63
210 13 X 140 55
269 12 X 196 210
375 10 X 273 269
446 9 X 372 375
307 11 X 156 170
95 15 X 45 28
150 14 X 93 95
217 13 X 150 90
278 12 X 215 217
324 11 X 196 278
321 11 X 196 269
401 10 X 324 321
422 9 X 307 401
487 8 X 446 422
498 7 X 429 487
528 6 X 497 498
546 5 X 528 495
221 12 X 1 55
292 11 X 1 221
385 10 X 295 292
412 9 X 1 385
508 7 X 434 412
226 12 X 1 131
364 10 X 234 226
417 9 X 86 364
284 11 X 1 73
421 9 X 284 385
473 8 X 417 421
504 7 X 433 473
535 6 X 508 504
553 5 X 535 1
561 4 X 546 553
159 13 X 18 1
253 12 X 159 201
237 12 X 18 174
64 15 X 3 31
57 15 X 1 19
168 13 X 64 57
231 12 X 1 168
333 11 X 237 231
369 10 X 253 333
79 15 X 27 30
141 14 X 79 64
211 13 X 141 57
270 12 X 196 211
343 11 X 276 270
378 10 X 275 343
444 9 X 369 378
251 12 X 158 163
329 11 X 229 251
165 13 X 31 19
238 12 X 19 165
327 11 X 229 238
403 10 X 329 327
205 13 X 128 19
320 11 X 196 205
400 10 X 323 320
459 9 X 403 400
485 8 X 444 459
510 7 X 440 485
537 6 X 514 510
555 5 X 537 495
455 9 X 394 356
121 14 X 17 67
194 13 X 121 1
291 11 X 1 194
282 11 X 1 57
384 10 X 291 282
411 9 X 1 384
281 11 X 1 19
390 10 X 299 281
416 9 X 1 390
471 8 X 411 416
516 7 X 455 471
195 13 X 122 1
252 12 X 159 195
109 14 X 1 57
224 12 X 1 109
332 11 X 236 224
368 10 X 252 332
380 10 X 287 281
449 9 X 380 390
467 8 X 368 449
512 7 X 441 467
540 6 X 516 512
558 5 X 540 1
565 4 X 555 558
569 3 X 561 565
572 2 X 570 569
573 1 X 571 572
