104
ovdvip finlqq bhbugx vnkxco tgjptk khyrpg pwddmg zwkwwe jbiecb zowlox emrypc exgefw xaxbzv snsisl tnwieh gxuvyk
6 3 8 13 14 7 10 1 12 11 4 9 15 2 5 16
1 17 -1 -1 -1
3 17 1 -1 -1
4 16 X 1 3
13 14 X 4 1
43 11 X 4 13
60 9 X 1 43
59 9 X 1 13
73 8 X 60 59
79 7 X 1 73
10 14 X 3 1
5 16 X 3 1
14 14 X 5 1
37 11 X 1 14
34 12 X 14 10
39 11 X 1 34
61 9 X 37 39
80 7 X 10 61
70 8 X 10 3
84 7 X 70 61
90 6 X 80 84
95 5 X 80 90
23 13 X 10 1
27 13 X 14 1
38 11 X 1 27
24 13 X 10 13
36 12 X 27 24
40 11 X 1 36
62 9 X 38 40
83 7 X 23 62
19 13 X 3 1
71 8 X 23 19
87 7 X 71 62
93 6 X 83 87
98 5 X 83 93
101 3 X 95 98
102 2 X 79 101
2 17 0 -1 -1
8 15 X 3 2
12 14 X 3 8
20 13 X 3 12
48 11 X 20 10
41 11 X 3 10
57 10 X 48 41
68 9 X 57 48
77 8 X 68 10
11 14 X 3 2
46 11 X 11 10
25 13 X 11 3
49 11 X 25 10
56 10 X 46 49
67 9 X 56 46
76 8 X 67 10
89 7 X 77 76
72 8 X 41 10
18 13 X 2 11
30 12 X 2 18
17 13 X 2 10
29 12 X 2 17
50 11 X 30 29
16 13 X 2 3
47 11 X 16 17
58 10 X 50 47
26 13 X 11 10
33 12 X 11 26
42 11 X 3 33
69 9 X 58 42
55 10 X 29 17
7 15 X 2 3
15 14 X 7 2
28 13 X 15 10
35 12 X 15 28
54 11 X 35 33
66 9 X 55 54
78 8 X 69 66
88 7 X 72 78
94 5 X 72 88
99 4 X 89 94
6 15 X 2 1
9 14 X 1 6
44 11 X 9 14
45 11 X 9 34
63 9 X 44 45
74 8 X 63 61
81 7 X 10 74
85 7 X 70 74
91 6 X 81 85
97 5 X 81 91
22 13 X 6 9
32 12 X 6 22
53 11 X 32 14
65 9 X 53 39
21 13 X 6 1
31 12 X 6 21
51 11 X 31 14
52 11 X 31 34
64 9 X 51 52
75 8 X 65 64
82 7 X 10 75
86 7 X 70 75
92 6 X 82 86
96 5 X 80 92
100 4 X 97 96
103 2 X 99 100
104 1 X 102 103
