89
izwmwb xfqynl vkocvq fjmega eeuznf voluql clixnm edfuag cfhrqb bqqagx ceqhym fnfoiw zgxzdf poeyku jbmlol hqcome
3 8 6 9 11 14 16 2 10 12 1 7 5 15 13 4
3 17 1 -1 -1
1 17 -1 -1 -1
5 15 X 3 1
11 13 X 5 3
15 12 X 3 11
2 17 0 -1 -1
4 16 X 3 2
6 15 X 3 4
8 14 X 3 6
12 13 X 5 8
16 12 X 3 12
20 11 X 16 15
25 10 X 15 20
43 8 X 15 25
61 7 X 43 15
64 6 X 3 61
62 6 X 3 15
75 5 X 64 62
80 4 X 75 62
85 3 X 80 3
83 3 X 62 3
87 2 X 85 83
10 13 X 3 8
14 12 X 3 10
18 11 X 14 3
23 10 X 3 18
30 9 X 23 3
40 8 X 3 30
58 7 X 40 3
70 6 X 58 61
77 5 X 70 62
82 4 X 77 62
37 8 X 3 23
55 7 X 37 3
69 6 X 58 55
45 8 X 23 30
50 7 X 3 45
76 5 X 69 50
27 9 X 3 23
39 8 X 3 27
57 7 X 39 3
63 6 X 3 57
36 8 X 3 18
7 14 X 3 4
9 13 X 3 7
13 12 X 3 9
17 11 X 13 3
22 10 X 3 17
32 9 X 23 22
48 8 X 32 30
54 7 X 36 48
29 9 X 18 17
28 9 X 18 3
46 8 X 29 28
53 7 X 36 46
67 6 X 54 53
74 5 X 63 67
81 4 X 76 74
86 3 X 82 81
52 7 X 36 3
42 8 X 15 20
60 7 X 42 15
66 6 X 52 60
73 5 X 62 66
78 4 X 62 73
21 10 X 3 14
31 9 X 23 21
47 8 X 31 30
51 7 X 3 47
65 6 X 50 51
71 5 X 3 65
19 11 X 14 13
26 10 X 19 18
38 8 X 3 26
44 8 X 22 30
56 7 X 38 44
35 9 X 26 19
41 8 X 3 35
24 10 X 13 17
33 9 X 24 13
34 9 X 26 3
49 8 X 33 34
59 7 X 41 49
68 6 X 56 59
72 5 X 3 68
79 4 X 71 72
84 3 X 78 79
88 2 X 86 84
89 1 X 87 88
