455
ctmyxc nsfibm heykkk hqyadw symlta xidepe pxjczh yucraa xrfbtx zohjmp gkbetr frqtlk cpjvop efeqnd egwgfl teiahj echzyh kkmntr
1 15 9 3 2 6 12 16 17 7 11 5 18 14 4 10 8 13
4 19 2 -1 -1
1 19 -1 -1 -1
10 17 X 1 4
36 15 X 1 10
62 14 X 4 36
147 11 X 4 62
312 8 X 147 1
398 6 X 312 147
146 11 X 4 36
310 8 X 146 1
426 5 X 398 310
58 14 X 4 1
206 10 X 58 147
316 8 X 206 1
399 6 X 316 147
73 14 X 36 1
152 11 X 58 73
223 10 X 152 146
318 8 X 223 1
143 11 X 1 36
311 8 X 146 143
367 7 X 311 146
401 6 X 318 367
427 5 X 399 401
441 4 X 426 427
2 19 0 -1 -1
21 16 X 2 4
82 13 X 2 21
124 12 X 82 2
20 16 X 2 1
22 16 X 2 10
49 15 X 20 22
68 14 X 21 49
86 13 X 2 68
128 12 X 86 2
177 11 X 124 128
246 10 X 177 147
103 12 X 4 21
116 12 X 62 68
161 11 X 103 116
231 10 X 161 147
297 9 X 246 231
81 13 X 2 20
123 12 X 81 2
211 10 X 123 1
101 12 X 1 20
208 10 X 101 1
284 9 X 211 208
352 8 X 297 284
387 7 X 352 312
14 17 X 4 2
44 15 X 14 4
31 16 X 14 4
56 15 X 31 4
97 13 X 44 56
139 12 X 97 4
191 11 X 139 62
247 10 X 177 191
298 9 X 247 231
7 18 X 2 4
15 17 X 4 7
46 15 X 15 4
32 16 X 15 4
57 15 X 32 4
99 13 X 46 57
141 12 X 99 4
194 11 X 141 62
248 10 X 177 194
299 9 X 248 231
353 8 X 298 299
268 9 X 191 147
333 8 X 268 147
388 7 X 353 333
419 6 X 387 388
84 13 X 2 49
126 12 X 84 2
176 11 X 124 126
244 10 X 176 146
106 12 X 36 49
160 11 X 103 106
230 10 X 160 146
295 9 X 244 230
349 8 X 295 284
384 7 X 349 310
190 11 X 139 36
245 10 X 176 190
296 9 X 245 230
6 18 X 2 1
11 17 X 1 6
42 15 X 11 1
30 16 X 11 1
54 15 X 30 1
95 13 X 42 54
137 12 X 95 1
187 11 X 137 1
212 10 X 123 187
285 9 X 212 208
350 8 X 296 285
267 9 X 190 146
331 8 X 267 1
385 7 X 350 331
418 6 X 384 385
438 5 X 419 418
66 14 X 21 20
85 13 X 2 66
127 12 X 85 2
213 10 X 127 147
110 12 X 58 66
209 10 X 110 147
286 9 X 213 209
342 8 X 286 284
381 7 X 342 316
415 6 X 381 388
79 14 X 49 20
89 13 X 2 79
131 12 X 89 2
180 11 X 127 131
254 10 X 180 146
122 12 X 73 79
170 11 X 110 122
238 10 X 170 146
305 9 X 254 238
359 8 X 305 284
394 7 X 359 318
175 11 X 123 126
188 11 X 137 36
243 10 X 175 188
158 11 X 101 106
228 10 X 158 143
294 9 X 243 228
351 8 X 296 294
332 8 X 267 146
386 7 X 351 332
422 6 X 394 386
436 5 X 415 422
446 4 X 438 436
449 3 X 441 446
39 15 X 6 7
27 16 X 6 1
28 16 X 7 4
51 15 X 27 28
93 13 X 39 51
35 15 X 1 4
135 12 X 93 35
19 17 X 6 7
40 15 X 6 19
75 14 X 39 40
34 16 X 19 10
52 15 X 27 34
80 14 X 51 52
100 13 X 75 80
142 12 X 100 75
184 11 X 135 142
72 14 X 35 36
150 11 X 35 72
257 10 X 184 150
121 12 X 72 80
151 11 X 35 121
222 10 X 151 150
308 9 X 257 222
92 13 X 6 27
133 12 X 92 1
134 12 X 92 6
183 11 X 133 134
256 10 X 183 1
102 12 X 1 27
145 11 X 1 102
216 10 X 145 1
307 9 X 256 216
361 8 X 308 307
315 8 X 150 1
396 7 X 361 315
43 15 X 11 4
55 15 X 30 4
96 13 X 43 55
138 12 X 96 35
189 11 X 138 72
258 10 X 184 189
309 9 X 258 222
266 9 X 189 150
330 8 X 266 150
366 7 X 309 330
424 6 X 396 366
149 11 X 35 36
313 8 X 149 1
440 5 X 424 313
71 14 X 35 1
207 10 X 71 150
317 8 X 207 1
400 6 X 317 150
154 11 X 71 73
227 10 X 154 149
320 8 X 227 1
314 8 X 149 143
368 7 X 314 149
402 6 X 320 368
428 5 X 400 402
448 4 X 440 428
48 15 X 20 21
83 13 X 2 48
125 12 X 83 2
78 14 X 48 49
88 13 X 2 78
130 12 X 88 2
179 11 X 125 130
251 10 X 179 150
105 12 X 35 48
120 12 X 72 78
164 11 X 105 120
235 10 X 164 150
302 9 X 251 235
357 8 X 302 284
392 7 X 357 315
9 17 X 1 2
41 15 X 9 4
29 16 X 9 1
53 15 X 29 4
94 13 X 41 53
136 12 X 94 35
186 11 X 136 72
252 10 X 179 186
303 9 X 252 235
253 10 X 179 189
304 9 X 253 235
358 8 X 303 304
265 9 X 186 150
329 8 X 265 150
393 7 X 358 329
421 6 X 392 393
178 11 X 125 126
249 10 X 178 149
163 11 X 105 106
234 10 X 163 149
300 9 X 249 234
354 8 X 300 284
389 7 X 354 313
185 11 X 136 36
250 10 X 178 185
301 9 X 250 234
355 8 X 301 285
264 9 X 185 149
327 8 X 264 1
390 7 X 355 327
420 6 X 389 390
439 5 X 421 420
77 14 X 48 20
87 13 X 2 77
129 12 X 87 2
214 10 X 129 150
119 12 X 71 77
210 10 X 119 150
287 9 X 214 210
343 8 X 287 284
382 7 X 343 317
416 6 X 382 393
181 11 X 129 131
255 10 X 181 149
174 11 X 119 122
242 10 X 174 149
306 9 X 255 242
360 8 X 306 284
395 7 X 360 320
356 8 X 301 294
328 8 X 264 149
391 7 X 356 328
423 6 X 395 391
437 5 X 416 423
447 4 X 439 437
452 3 X 448 447
453 2 X 449 452
3 19 1 -1 -1
13 17 X 3 4
60 14 X 4 13
5 18 X 1 3
17 17 X 5 1
18 17 X 5 4
47 15 X 17 18
64 14 X 4 47
153 11 X 60 64
226 10 X 153 147
319 8 X 226 147
369 7 X 319 147
407 6 X 369 147
8 18 X 4 3
16 17 X 4 8
33 16 X 16 4
38 15 X 4 33
63 14 X 4 38
90 13 X 4 63
132 12 X 90 4
182 11 X 132 36
219 10 X 146 182
260 9 X 146 219
323 8 X 260 1
403 6 X 323 310
432 5 X 407 403
12 17 X 3 1
59 14 X 4 12
111 12 X 59 58
61 14 X 4 17
114 12 X 61 58
171 11 X 111 114
239 10 X 171 147
321 8 X 239 206
370 7 X 321 206
408 6 X 370 147
225 10 X 152 182
289 9 X 223 225
144 11 X 1 73
215 10 X 144 143
345 8 X 289 215
346 8 X 289 223
383 7 X 345 346
417 6 X 383 367
433 5 X 408 417
444 4 X 432 433
198 10 X 2 147
23 16 X 2 13
67 14 X 21 23
113 12 X 60 67
24 16 X 2 17
25 16 X 2 18
50 15 X 24 25
69 14 X 21 50
118 12 X 64 69
173 11 X 113 118
241 10 X 173 147
276 9 X 198 241
274 9 X 198 231
337 8 X 276 274
376 7 X 337 147
108 12 X 44 4
168 11 X 108 62
202 10 X 2 168
280 9 X 202 231
109 12 X 46 4
169 11 X 109 62
203 10 X 2 169
281 9 X 203 231
339 8 X 280 281
262 9 X 168 147
325 8 X 262 147
378 7 X 339 325
414 6 X 376 378
197 10 X 2 146
271 9 X 197 230
195 10 X 2 1
269 9 X 195 208
334 8 X 271 269
155 11 X 90 36
217 10 X 146 155
259 9 X 146 217
322 8 X 259 1
371 7 X 334 322
167 11 X 108 36
201 10 X 2 167
279 9 X 201 230
107 12 X 42 1
165 11 X 107 1
199 10 X 2 165
277 9 X 199 208
338 8 X 279 277
261 9 X 167 146
324 8 X 261 1
377 7 X 338 324
409 6 X 371 377
435 5 X 414 409
112 12 X 59 66
115 12 X 61 66
172 11 X 112 115
240 10 X 172 147
275 9 X 198 240
273 9 X 198 209
336 8 X 275 273
375 7 X 336 206
26 16 X 4 16
45 15 X 14 26
76 14 X 45 44
98 13 X 44 76
37 15 X 4 26
74 14 X 37 4
91 13 X 4 74
140 12 X 98 91
193 11 X 140 62
205 10 X 2 193
283 9 X 205 231
341 8 X 283 281
237 10 X 168 193
157 11 X 91 62
220 10 X 147 157
293 9 X 237 220
348 8 X 293 147
380 7 X 341 348
413 6 X 375 380
272 9 X 197 238
196 10 X 2 143
159 11 X 101 122
229 10 X 159 143
270 9 X 196 229
335 8 X 272 270
224 10 X 152 155
288 9 X 223 224
344 8 X 288 223
373 7 X 335 344
192 11 X 140 36
204 10 X 2 192
282 9 X 204 230
166 11 X 107 36
200 10 X 2 166
278 9 X 200 228
340 8 X 282 278
236 10 X 167 192
156 11 X 91 36
218 10 X 146 156
292 9 X 236 218
347 8 X 292 146
379 7 X 340 347
411 6 X 373 379
434 5 X 413 411
445 4 X 435 434
451 3 X 444 445
104 12 X 7 4
65 14 X 7 40
162 11 X 104 65
232 10 X 162 147
70 14 X 28 52
117 12 X 62 70
148 11 X 4 117
221 10 X 148 147
290 9 X 232 221
364 7 X 290 147
233 10 X 162 169
291 9 X 233 221
263 9 X 169 147
326 8 X 263 147
365 7 X 291 326
406 6 X 364 365
431 5 X 406 403
397 6 X 206 147
425 5 X 397 417
443 4 X 431 425
363 7 X 274 147
405 6 X 363 378
372 7 X 334 323
410 6 X 372 377
430 5 X 405 410
362 7 X 273 206
404 6 X 362 378
374 7 X 335 346
412 6 X 374 379
429 5 X 404 412
442 4 X 430 429
450 3 X 443 442
454 2 X 451 450
455 1 X 453 454
