60
pnqpfu ogywfc mbkyih jhvvva zybknm wxxppg ymuiij vrwobq lqnhjd latvnk whwxnk qjvvuo sikwch yzemzg hoychd kpkvlk
6 1 7 8 2 15 5 12 3 14 13 11 10 4 9 16
1 17 -1 -1 -1
2 17 0 -1 -1
8 15 X 2 1
12 14 X 8 1
16 13 X 12 1
21 12 X 16 1
26 10 X 21 1
29 9 X 26 1
33 8 X 29 1
39 7 X 33 1
44 6 X 39 1
48 5 X 1 44
40 6 X 33 1
45 5 X 1 40
53 4 X 48 45
57 3 X 1 53
5 15 X 1 2
9 14 X 1 5
13 13 X 1 9
4 16 X 2 1
7 15 X 1 4
11 14 X 1 7
14 13 X 1 11
18 12 X 13 14
25 10 X 18 13
30 8 X 1 25
37 7 X 30 1
3 16 X 1 2
6 15 X 1 3
10 14 X 1 6
15 13 X 10 1
20 12 X 15 10
22 11 X 15 20
24 10 X 1 22
34 7 X 1 24
42 6 X 37 34
46 5 X 1 42
50 4 X 1 46
54 3 X 1 50
59 2 X 57 54
36 7 X 1 33
41 6 X 36 1
49 5 X 41 40
52 4 X 1 49
56 3 X 1 52
17 12 X 13 1
27 9 X 17 1
31 8 X 1 27
38 7 X 31 1
19 12 X 15 1
23 10 X 1 19
28 9 X 23 1
32 8 X 24 28
35 7 X 1 32
43 6 X 38 35
47 5 X 1 43
51 4 X 1 47
55 3 X 1 51
58 2 X 56 55
60 1 X 59 58
