428
yrucjx ebpxuy mdgelj qxxbku zntcye kguflv dgtwwd aemkxd eviklp tlayif peldpl eahqdh avagge fnhspi sahzay fzfttn zyvejk zdzsgn qebenr tifnbx
19 9 13 15 4 17 16 1 12 7 6 5 2 10 14 11 20 8 3 18
1 21 -1 -1 -1
2 21 0 -1 -1
12 18 X 1 2
52 16 X 1 12
122 14 X 12 52
153 13 X 1 122
196 12 X 122 153
258 11 X 196 1
4 20 X 2 1
11 19 X 4 1
21 18 X 1 11
60 16 X 1 21
127 14 X 21 60
157 13 X 1 127
197 12 X 122 157
260 11 X 197 1
304 10 X 258 260
5 19 X 1 2
15 18 X 1 5
55 16 X 1 15
124 14 X 15 55
23 18 X 4 2
22 18 X 4 1
77 16 X 22 23
128 14 X 23 77
176 13 X 124 128
228 12 X 176 153
276 11 X 228 1
353 8 X 304 276
376 7 X 353 1
391 6 X 376 1
404 5 X 391 1
414 4 X 1 404
97 14 X 1 52
144 13 X 1 97
185 12 X 97 144
256 11 X 185 1
99 14 X 1 60
146 13 X 1 99
186 12 X 97 146
257 11 X 186 1
303 10 X 256 257
352 8 X 303 276
375 7 X 352 1
390 6 X 375 1
403 5 X 390 1
27 18 X 11 1
28 18 X 11 2
81 16 X 27 28
113 14 X 1 81
8 19 X 2 1
30 18 X 11 8
83 16 X 27 30
115 14 X 1 83
170 13 X 113 115
18 18 X 1 8
57 16 X 1 18
98 14 X 1 57
145 13 X 1 98
213 12 X 170 145
259 11 X 196 213
214 12 X 170 146
261 11 X 197 214
305 10 X 259 261
7 19 X 1 4
25 18 X 7 1
26 18 X 7 5
79 16 X 25 26
111 14 X 1 79
110 14 X 1 77
169 13 X 111 110
211 12 X 169 144
277 11 X 228 211
354 8 X 305 277
377 7 X 354 1
392 6 X 377 1
37 17 X 1 27
38 17 X 1 30
88 16 X 37 38
119 14 X 1 88
34 17 X 1 18
64 16 X 1 34
102 14 X 1 64
148 13 X 1 102
192 12 X 119 148
244 11 X 1 192
36 17 X 1 21
66 16 X 1 36
103 14 X 1 66
149 13 X 1 103
193 12 X 119 149
245 11 X 1 193
300 10 X 244 245
321 9 X 1 300
46 17 X 25 22
49 17 X 26 23
94 16 X 46 49
120 14 X 1 94
40 17 X 15 12
68 16 X 1 40
105 14 X 1 68
150 13 X 1 105
195 12 X 120 150
247 11 X 1 195
319 9 X 1 247
358 8 X 321 319
380 7 X 358 1
395 6 X 380 1
405 5 X 392 395
419 4 X 403 405
422 3 X 414 419
73 16 X 18 1
131 14 X 73 1
3 20 X 1 2
10 19 X 3 1
20 18 X 1 10
74 16 X 20 1
132 14 X 74 1
178 13 X 131 132
35 17 X 1 20
85 16 X 35 1
134 14 X 85 1
160 13 X 1 134
232 12 X 178 160
285 11 X 232 1
231 12 X 178 1
282 11 X 231 1
313 10 X 285 282
159 13 X 1 132
202 12 X 159 160
264 11 X 202 1
355 8 X 313 264
378 7 X 355 1
17 18 X 1 7
41 17 X 15 17
90 16 X 41 15
136 14 X 90 55
13 18 X 1 3
39 17 X 13 1
89 16 X 39 13
53 16 X 1 13
135 14 X 89 53
180 13 X 136 135
33 17 X 1 13
63 16 X 1 33
142 13 X 1 63
234 12 X 180 142
290 11 X 234 1
342 8 X 1 290
369 7 X 342 1
393 6 X 378 369
406 5 X 393 1
415 4 X 1 406
341 8 X 1 264
368 7 X 341 1
6 19 X 1 3
16 18 X 1 6
56 16 X 1 16
137 14 X 90 56
181 13 X 137 135
235 12 X 181 142
292 11 X 235 1
329 9 X 290 292
349 8 X 1 329
374 7 X 349 1
389 6 X 368 374
402 5 X 389 1
215 12 X 170 148
286 11 X 232 215
216 12 X 170 149
283 11 X 231 216
314 10 X 286 283
32 17 X 1 12
62 16 X 1 32
101 14 X 1 62
147 13 X 1 101
212 12 X 169 147
266 11 X 202 212
356 8 X 314 266
48 17 X 25 26
71 16 X 1 48
108 14 X 1 71
44 17 X 22 23
69 16 X 1 44
106 14 X 1 69
168 13 X 108 106
210 12 X 168 147
254 11 X 1 210
167 13 X 108 1
209 12 X 167 1
253 11 X 1 209
302 10 X 254 253
345 8 X 1 302
379 7 X 356 345
291 11 X 234 212
343 8 X 1 291
370 7 X 343 345
394 6 X 379 370
86 16 X 37 1
117 14 X 1 86
190 12 X 117 1
242 11 X 1 190
318 9 X 1 242
366 7 X 318 1
194 12 X 120 147
246 11 X 1 194
340 8 X 1 246
47 17 X 25 23
70 16 X 1 47
107 14 X 1 70
189 12 X 107 147
241 11 X 1 189
166 13 X 107 1
208 12 X 166 1
252 11 X 1 208
298 10 X 241 252
344 8 X 1 298
367 7 X 340 344
388 6 X 366 367
407 5 X 394 388
418 4 X 402 407
423 3 X 415 418
426 2 X 422 423
9 19 X 2 4
19 18 X 1 9
58 16 X 1 19
126 14 X 19 58
24 18 X 4 9
78 16 X 22 24
129 14 X 24 78
177 13 X 126 129
156 13 X 1 126
229 12 X 177 156
278 11 X 229 1
230 12 X 177 157
280 11 X 230 1
311 10 X 278 280
14 18 X 1 4
54 16 X 1 14
123 14 X 14 54
76 16 X 22 4
121 14 X 4 76
175 13 X 123 121
154 13 X 1 123
226 12 X 175 154
272 11 X 226 1
227 12 X 175 157
274 11 X 227 1
309 10 X 272 274
334 9 X 311 309
130 14 X 30 83
158 13 X 1 130
125 14 X 18 57
155 13 X 1 125
201 12 X 158 155
262 11 X 201 1
323 9 X 262 1
360 8 X 334 323
381 7 X 360 1
42 17 X 19 14
91 16 X 42 19
138 14 X 91 58
45 17 X 24 4
93 16 X 45 24
140 14 X 93 78
183 13 X 138 140
237 12 X 183 1
294 11 X 237 1
317 10 X 294 1
225 12 X 175 1
271 11 X 225 1
308 10 X 271 1
339 9 X 317 308
51 17 X 30 11
95 16 X 51 30
141 14 X 95 83
162 13 X 1 141
204 12 X 162 1
269 11 X 204 1
306 10 X 269 1
333 9 X 306 1
365 8 X 339 333
386 7 X 365 1
397 6 X 381 386
409 5 X 397 1
416 4 X 1 409
396 6 X 381 1
408 5 X 396 1
31 18 X 11 9
84 16 X 27 31
116 14 X 1 84
172 13 X 116 115
219 12 X 172 145
279 11 X 229 219
220 12 X 172 146
281 11 X 230 220
312 10 X 279 281
29 18 X 11 4
82 16 X 27 29
114 14 X 1 82
80 16 X 27 11
112 14 X 1 80
171 13 X 114 112
217 12 X 171 146
273 11 X 226 217
275 11 X 227 217
310 10 X 273 275
335 9 X 312 310
152 13 X 1 115
199 12 X 152 145
263 11 X 201 199
324 9 X 263 1
361 8 X 335 324
96 14 X 1 37
184 12 X 96 1
238 11 X 1 184
163 13 X 96 1
205 12 X 163 1
249 11 X 1 205
295 10 X 238 249
320 9 X 1 295
357 8 X 320 1
382 7 X 361 357
398 6 X 382 1
410 5 X 398 1
420 4 X 408 410
424 3 X 416 420
75 16 X 21 1
133 14 X 75 1
179 13 X 133 1
233 12 X 179 1
288 11 X 233 1
336 9 X 313 288
325 9 X 264 1
362 8 X 336 325
383 7 X 362 1
43 17 X 20 1
92 16 X 43 20
59 16 X 1 20
139 14 X 92 59
182 13 X 138 139
236 12 X 182 1
293 11 X 236 1
316 10 X 293 1
174 13 X 123 1
224 12 X 174 1
270 11 X 224 1
307 10 X 270 1
338 9 X 316 307
161 13 X 1 139
65 16 X 1 35
143 13 X 1 65
203 12 X 161 143
267 11 X 203 1
327 9 X 267 1
364 8 X 338 327
385 7 X 364 1
400 6 X 383 385
412 5 X 400 1
417 4 X 1 412
347 8 X 1 327
372 7 X 347 1
399 6 X 383 372
411 5 X 399 1
221 12 X 172 148
287 11 X 232 221
222 12 X 172 149
284 11 X 231 222
315 10 X 287 284
218 12 X 171 149
289 11 X 233 218
337 9 X 315 289
200 12 X 152 148
265 11 X 202 200
326 9 X 265 1
363 8 X 337 326
61 16 X 1 27
100 14 X 1 61
187 12 X 100 1
239 11 X 1 187
164 13 X 100 1
206 12 X 164 1
250 11 X 1 206
296 10 X 239 250
87 16 X 37 27
118 14 X 1 87
191 12 X 118 1
243 11 X 1 191
173 13 X 118 1
223 12 X 173 1
255 11 X 1 223
299 10 X 243 255
330 9 X 296 299
50 17 X 27 30
72 16 X 1 50
109 14 X 1 72
151 13 X 1 109
198 12 X 151 148
248 11 X 1 198
301 10 X 248 1
332 9 X 301 1
359 8 X 330 332
384 7 X 363 359
268 11 X 203 200
328 9 X 268 1
348 8 X 1 328
351 8 X 1 332
373 7 X 348 351
401 6 X 384 373
322 9 X 244 1
346 8 X 1 322
67 16 X 1 38
104 14 X 1 67
188 12 X 104 148
240 11 X 1 188
165 13 X 104 1
207 12 X 165 1
251 11 X 1 207
297 10 X 240 251
331 9 X 297 1
350 8 X 1 331
371 7 X 346 350
387 6 X 1 371
413 5 X 401 387
421 4 X 411 413
425 3 X 417 421
427 2 X 424 425
428 1 X 426 427
