225
xqnntu ykxlhk alfsrt fqohgl vmpvrc svakrs pmqnac ftmkmt vxejof xlphyc cdseyi tiulza qarqvy fhdmgw wtsxxw zayjmo
7 12 13 10 4 6 16 14 2 1 3 8 5 11 15 9
1 17 -1 -1 -1
3 17 1 -1 -1
18 14 X 3 1
31 13 X 1 18
64 12 X 31 1
6 16 X 3 1
21 14 X 6 1
47 13 X 21 18
78 12 X 47 1
96 11 X 64 78
27 13 X 1 3
13 14 X 1 3
29 13 X 1 13
60 12 X 27 29
36 13 X 6 3
15 14 X 1 6
41 13 X 15 13
68 12 X 36 41
94 11 X 60 68
122 10 X 96 94
55 12 X 18 1
52 12 X 3 13
113 10 X 55 52
158 8 X 122 113
182 7 X 158 1
5 16 X 1 3
10 15 X 1 5
8 15 X 1 3
25 14 X 10 8
32 13 X 1 25
61 12 X 27 32
11 15 X 1 6
17 14 X 1 11
42 13 X 17 25
69 12 X 36 42
95 11 X 61 69
123 10 X 96 95
149 9 X 123 1
24 14 X 10 1
56 12 X 18 24
19 14 X 3 10
45 13 X 19 18
39 13 X 10 24
76 12 X 45 39
91 11 X 56 76
53 12 X 3 25
119 10 X 91 53
43 13 X 18 1
50 13 X 24 1
72 12 X 43 50
103 11 X 72 1
33 13 X 3 1
65 12 X 33 1
97 11 X 65 1
127 10 X 103 97
145 9 X 119 127
171 8 X 149 145
26 14 X 11 1
59 12 X 26 1
93 11 X 59 1
54 12 X 8 25
88 11 X 54 1
121 10 X 93 88
22 14 X 8 1
48 13 X 22 1
79 12 X 48 1
105 11 X 79 1
37 13 X 8 1
70 12 X 37 1
99 11 X 70 1
130 10 X 105 99
148 9 X 121 130
58 12 X 22 24
92 11 X 58 1
120 10 X 92 88
80 12 X 48 50
107 11 X 80 1
133 10 X 107 99
147 9 X 120 133
170 8 X 148 147
193 7 X 171 170
155 8 X 1 127
51 13 X 26 1
83 12 X 51 1
109 11 X 83 1
136 10 X 109 99
154 9 X 136 130
174 8 X 154 133
178 7 X 155 174
201 6 X 193 178
208 5 X 182 201
183 7 X 158 113
162 8 X 130 133
176 7 X 155 162
209 5 X 183 176
217 4 X 208 209
175 7 X 113 1
75 12 X 45 1
90 11 X 55 75
118 10 X 90 53
71 12 X 43 1
101 11 X 71 1
124 10 X 101 97
143 9 X 118 124
168 8 X 143 145
191 7 X 168 170
160 8 X 124 127
187 7 X 160 174
199 6 X 191 187
206 5 X 175 199
186 7 X 160 162
203 5 X 113 186
215 4 X 206 203
221 3 X 217 215
14 14 X 1 5
40 13 X 14 1
57 12 X 18 40
89 11 X 55 57
116 10 X 89 52
159 8 X 122 116
184 7 X 159 1
46 13 X 21 1
77 12 X 46 1
86 11 X 1 77
35 13 X 6 1
67 12 X 35 1
85 11 X 1 67
115 10 X 86 85
150 9 X 123 115
44 13 X 19 1
38 13 X 10 1
74 12 X 44 38
104 11 X 72 74
129 10 X 104 65
146 9 X 119 129
172 8 X 150 146
111 10 X 1 88
138 9 X 111 130
164 8 X 138 147
194 7 X 172 164
157 8 X 115 129
112 10 X 1 99
139 9 X 112 130
165 8 X 139 133
181 7 X 157 165
202 6 X 194 181
211 5 X 184 202
156 8 X 113 116
185 7 X 159 156
23 14 X 8 10
49 13 X 23 1
81 12 X 49 1
106 11 X 79 81
132 10 X 106 70
82 12 X 49 38
108 11 X 80 82
135 10 X 108 70
163 8 X 132 135
180 7 X 157 163
213 5 X 185 180
219 4 X 211 213
179 7 X 156 1
73 12 X 44 1
102 11 X 71 73
126 10 X 102 65
144 9 X 118 126
169 8 X 144 146
192 7 X 169 164
161 8 X 126 129
189 7 X 161 165
200 6 X 192 189
207 5 X 179 200
188 7 X 161 163
205 5 X 156 188
216 4 X 207 205
223 3 X 219 216
177 7 X 155 165
196 6 X 1 177
210 5 X 184 196
212 5 X 185 176
218 4 X 210 212
2 17 0 -1 -1
7 16 X 3 2
12 15 X 3 7
20 14 X 3 12
34 13 X 3 20
66 12 X 34 13
87 11 X 52 66
114 10 X 55 87
141 9 X 113 114
117 10 X 89 87
142 9 X 116 117
167 8 X 141 142
4 16 X 1 2
9 15 X 1 4
28 13 X 1 9
62 12 X 28 1
84 11 X 1 62
110 10 X 1 84
137 9 X 1 110
190 7 X 167 137
198 6 X 179 190
16 14 X 1 9
30 13 X 1 16
63 12 X 30 1
98 11 X 65 63
125 10 X 101 98
151 9 X 124 125
128 10 X 103 98
152 9 X 127 128
173 8 X 151 152
100 11 X 70 62
131 10 X 105 100
140 9 X 112 131
134 10 X 107 100
153 9 X 133 134
166 8 X 140 153
195 7 X 173 166
197 6 X 1 195
214 5 X 198 197
204 5 X 156 186
220 4 X 214 204
222 3 X 218 220
224 2 X 223 222
225 1 X 221 224
