127
oqpuma jkxryl kbxepm ujmfqr ytnedz owxwjc wvrjqo xendyn wcegbx jlppby ugfyrh rxoexr zcfapu cdwmpp oimoys gcknxj
14 2 3 9 4 6 7 5 1 15 8 12 16 10 11 13
3 17 1 -1 -1
1 17 -1 -1 -1
5 16 X 3 1
2 17 0 -1 -1
4 16 X 2 1
14 14 X 4 5
28 13 X 5 14
40 12 X 5 28
54 11 X 5 40
10 15 X 5 4
21 14 X 10 5
35 13 X 5 21
42 12 X 5 35
63 11 X 42 5
73 10 X 54 63
15 14 X 5 1
29 13 X 5 15
13 14 X 4 1
27 13 X 5 13
45 12 X 29 27
56 11 X 5 45
20 14 X 10 1
34 13 X 5 20
48 12 X 29 34
64 11 X 42 48
76 10 X 56 64
87 9 X 73 76
57 11 X 35 5
72 10 X 54 57
58 11 X 35 48
75 10 X 56 58
86 9 X 72 75
95 8 X 87 86
52 11 X 5 29
79 9 X 5 52
101 7 X 95 79
111 6 X 101 3
102 6 X 79 3
117 5 X 111 102
9 15 X 5 2
18 14 X 9 5
32 13 X 5 18
41 12 X 5 32
61 11 X 41 5
69 10 X 5 61
17 14 X 9 1
31 13 X 5 17
46 12 X 29 31
62 11 X 41 46
70 10 X 52 62
84 9 X 69 70
12 14 X 2 5
26 13 X 5 12
39 12 X 5 26
53 11 X 5 39
51 12 X 35 32
67 11 X 51 5
71 10 X 53 67
11 14 X 2 1
25 13 X 5 11
44 12 X 29 25
55 11 X 5 44
68 11 X 51 46
74 10 X 55 68
85 9 X 71 74
94 8 X 84 85
100 7 X 94 79
110 6 X 100 3
116 5 X 110 102
120 4 X 117 116
22 13 X 3 5
103 6 X 79 22
124 3 X 120 103
7 15 X 1 3
88 8 X 3 7
104 6 X 79 88
82 9 X 22 3
8 15 X 1 5
36 13 X 7 8
83 9 X 36 7
93 8 X 82 83
99 7 X 93 88
106 6 X 79 99
121 3 X 104 106
126 2 X 124 121
91 8 X 79 86
97 7 X 91 79
108 6 X 97 3
115 5 X 108 104
90 8 X 79 85
96 7 X 90 79
107 6 X 96 3
114 5 X 107 104
119 4 X 115 114
89 8 X 22 36
105 6 X 79 89
112 5 X 103 105
123 3 X 119 112
23 13 X 5 2
37 12 X 5 23
43 12 X 29 23
59 11 X 37 43
24 13 X 5 9
38 12 X 5 24
6 15 X 1 2
19 14 X 9 6
33 13 X 5 19
47 12 X 29 33
60 11 X 38 47
77 10 X 59 60
80 9 X 5 77
16 14 X 5 9
30 13 X 5 16
49 12 X 30 23
65 11 X 49 43
50 12 X 30 24
66 11 X 50 47
78 10 X 65 66
81 9 X 5 78
92 8 X 80 81
98 7 X 92 79
109 6 X 98 99
113 5 X 106 109
118 4 X 106 113
122 3 X 104 118
125 2 X 123 122
127 1 X 126 125
