159
aerzbq pcipun umfztp gjqmsl qlhoyx ydyseq obvzth fefsmu gyksap gmqwuo tvwvmp fkvmya sfejal cnzbuz mfrbsg grolgm fasgbw oyqhbd lmwriw illuww
8 10 3 4 11 14 2 6 15 19 9 18 20 7 5 13 12 17 1 16
3 21 1 -1 -1
2 21 0 -1 -1
5 20 X 2 3
11 19 X 3 5
27 17 X 11 3
50 16 X 27 3
55 15 X 3 50
76 13 X 55 3
10 19 X 3 2
25 17 X 10 3
48 16 X 25 3
53 15 X 3 48
74 13 X 53 3
92 12 X 76 74
107 11 X 92 3
20 18 X 3 11
28 17 X 11 20
51 16 X 28 3
56 15 X 3 51
68 14 X 3 56
81 13 X 68 3
19 18 X 3 10
26 17 X 10 19
49 16 X 26 3
54 15 X 3 49
75 13 X 54 3
95 12 X 81 75
110 11 X 95 3
123 10 X 107 110
77 13 X 56 3
93 12 X 77 75
108 11 X 93 3
122 10 X 107 108
126 9 X 123 122
130 8 X 3 126
135 7 X 3 130
9 19 X 2 3
24 17 X 9 3
40 16 X 3 24
63 15 X 40 3
69 14 X 3 63
89 12 X 3 69
18 18 X 3 9
33 17 X 18 3
43 16 X 3 33
67 15 X 43 3
70 14 X 3 67
90 12 X 3 70
105 11 X 89 90
119 10 X 105 3
124 9 X 3 119
134 7 X 3 124
141 6 X 135 134
146 5 X 3 141
140 6 X 3 134
145 5 X 3 140
151 4 X 146 145
154 3 X 3 151
1 21 -1 -1 -1
127 8 X 3 1
97 11 X 3 1
6 20 X 3 1
98 11 X 6 1
112 10 X 97 98
128 8 X 3 112
136 7 X 127 128
144 5 X 3 136
35 17 X 20 3
45 16 X 3 35
52 15 X 3 45
73 13 X 52 3
41 16 X 3 25
34 17 X 19 3
44 16 X 3 34
65 15 X 41 44
64 15 X 41 3
80 13 X 65 64
91 12 X 73 80
7 19 X 1 2
15 18 X 1 7
30 17 X 15 1
37 16 X 1 30
60 15 X 37 1
72 13 X 37 60
85 12 X 1 72
106 11 X 91 85
4 20 X 2 1
13 19 X 6 4
22 18 X 6 13
47 16 X 6 22
58 15 X 6 47
71 14 X 6 58
82 13 X 71 6
12 19 X 6 2
21 18 X 6 12
46 16 X 6 21
57 15 X 6 46
78 13 X 57 6
96 12 X 82 78
111 11 X 96 1
121 10 X 106 111
79 13 X 58 6
94 12 X 79 78
109 11 X 94 1
120 10 X 106 109
125 9 X 121 120
129 8 X 3 125
137 7 X 127 129
23 17 X 2 3
39 16 X 3 23
62 15 X 39 3
86 12 X 3 62
101 11 X 86 3
115 10 X 101 3
14 18 X 1 2
29 17 X 14 1
36 16 X 1 29
59 15 X 36 1
83 12 X 1 59
99 11 X 83 1
113 10 X 99 1
131 8 X 115 113
17 18 X 3 2
32 17 X 17 3
42 16 X 3 32
66 15 X 42 3
87 12 X 3 66
103 11 X 86 87
117 10 X 103 3
102 11 X 86 83
116 10 X 102 98
132 8 X 117 116
138 7 X 131 132
142 6 X 137 138
147 5 X 3 142
88 12 X 3 67
104 11 X 88 3
118 10 X 104 3
8 19 X 2 1
16 18 X 1 8
31 17 X 16 1
38 16 X 1 31
61 15 X 38 1
84 12 X 1 61
100 11 X 84 1
114 10 X 100 1
133 8 X 118 114
139 7 X 133 132
143 6 X 137 139
148 5 X 3 143
152 4 X 147 148
155 3 X 144 152
157 2 X 154 155
150 4 X 144 136
149 5 X 136 143
153 4 X 147 149
156 3 X 150 153
158 2 X 154 156
159 1 X 157 158
