99
snqvtp gkuuuu hnmifd jimeyx taldpx oskaaw vlsfld akugpo fcfvvd tttovd brrzrh njyool qorizq dvtscl yififi zrksue
16 9 5 3 10 8 1 2 7 4 6 15 14 12 13 11
1 17 -1 -1 -1
3 17 1 -1 -1
6 16 X 3 1
12 14 X 6 1
19 13 X 12 6
8 15 X 1 6
15 14 X 6 8
20 13 X 12 15
24 12 X 19 20
45 9 X 24 19
53 8 X 1 45
9 14 X 3 1
17 13 X 9 3
7 15 X 1 3
11 14 X 3 7
18 13 X 9 11
23 12 X 17 18
43 9 X 23 17
76 6 X 53 43
52 8 X 1 43
75 6 X 52 43
50 8 X 1 17
74 6 X 50 17
86 5 X 75 74
90 4 X 76 86
44 9 X 24 1
61 8 X 44 45
41 9 X 19 1
59 8 X 41 19
70 7 X 61 59
65 7 X 43 17
81 6 X 70 65
51 8 X 1 19
66 7 X 53 51
78 6 X 66 65
88 5 X 81 78
42 9 X 23 1
60 8 X 42 43
40 9 X 17 1
58 8 X 40 17
69 7 X 60 58
80 6 X 69 65
87 5 X 80 74
93 4 X 88 87
96 3 X 90 93
71 6 X 6 3
89 4 X 71 3
25 11 X 1 6
46 9 X 25 6
4 16 X 1 3
22 12 X 1 4
29 11 X 22 3
47 9 X 29 3
72 6 X 46 47
83 5 X 72 71
82 5 X 47 3
91 4 X 83 82
94 3 X 89 91
97 2 X 96 94
2 17 0 -1 -1
13 14 X 6 2
31 10 X 6 13
5 16 X 2 1
14 14 X 6 5
21 13 X 13 14
28 11 X 21 14
32 10 X 6 28
49 9 X 31 32
63 8 X 49 6
64 7 X 6 63
77 6 X 64 3
84 5 X 72 77
30 10 X 2 3
48 9 X 29 30
62 8 X 47 48
73 6 X 47 62
10 14 X 3 2
16 13 X 2 10
33 10 X 16 3
54 8 X 33 3
34 10 X 16 10
55 8 X 34 3
67 7 X 54 55
27 11 X 3 16
35 10 X 27 3
38 9 X 3 35
37 9 X 3 34
56 8 X 38 37
26 11 X 3 10
36 10 X 27 26
39 9 X 3 36
57 8 X 39 37
68 7 X 56 57
79 6 X 67 68
85 5 X 73 79
92 4 X 84 85
95 3 X 89 92
98 2 X 96 95
99 1 X 97 98
