428
dqnhwe mrvbzb ivgoea yqhodb kirpgz agdraq apwpfz fgonzc qxmiiv pxhgkh fdpfjb wliahb dylroe thuecb lgefxd hsihgj eytiiw krqdoe ghxlzo ghyysn
4 18 3 16 5 6 20 15 2 11 17 19 9 12 8 10 13 7 1 14
4 21 2 -1 -1
1 21 -1 -1 -1
155 13 X 4 1
422 3 X 4 155
2 21 0 -1 -1
24 18 X 4 2
64 16 X 4 24
96 15 X 4 64
137 14 X 4 96
166 13 X 137 4
220 11 X 4 166
287 10 X 220 4
245 11 X 166 4
265 10 X 166 245
352 8 X 287 265
262 10 X 166 4
351 8 X 287 262
378 7 X 352 351
388 6 X 4 378
8 20 X 4 2
12 19 X 2 8
29 18 X 4 12
11 19 X 2 4
28 18 X 4 11
51 17 X 29 28
68 16 X 4 51
98 15 X 4 68
139 14 X 4 98
170 13 X 139 4
221 11 X 4 170
290 10 X 221 4
337 9 X 290 4
66 16 X 4 28
97 15 X 4 66
138 14 X 4 97
168 13 X 138 4
246 11 X 168 4
267 10 X 168 246
325 9 X 267 4
366 8 X 337 325
266 10 X 168 4
324 9 X 266 4
365 8 X 337 324
383 7 X 366 365
389 6 X 4 383
407 5 X 388 389
416 4 X 4 407
261 10 X 155 4
165 13 X 137 1
234 11 X 155 165
299 10 X 234 4
390 6 X 261 299
169 13 X 139 1
236 11 X 155 169
305 10 X 236 4
346 9 X 305 261
167 13 X 138 1
235 11 X 155 167
304 10 X 235 4
345 9 X 304 261
373 8 X 346 345
393 6 X 261 373
408 5 X 390 393
417 4 X 261 408
423 3 X 416 417
426 2 X 422 423
50 17 X 28 4
84 16 X 50 4
104 15 X 4 84
145 14 X 4 104
194 12 X 145 4
228 11 X 4 194
44 17 X 11 4
23 18 X 2 4
46 17 X 23 4
80 16 X 44 46
102 15 X 4 80
143 14 X 4 102
35 18 X 11 4
56 17 X 35 4
81 16 X 44 56
103 15 X 4 81
144 14 X 4 103
174 13 X 143 144
211 12 X 174 4
232 11 X 4 211
297 10 X 228 232
272 10 X 194 211
356 8 X 297 272
78 16 X 44 4
101 15 X 4 78
142 14 X 4 101
192 12 X 142 4
226 11 X 4 192
294 10 X 228 226
270 10 X 194 192
354 8 X 294 270
398 6 X 356 354
193 12 X 144 4
227 11 X 4 193
295 10 X 228 227
271 10 X 194 193
355 8 X 295 271
122 15 X 78 81
148 14 X 4 122
196 12 X 148 4
230 11 X 4 196
296 10 X 228 230
3 21 1 -1 -1
9 20 X 4 3
61 16 X 4 9
27 18 X 4 9
49 17 X 27 4
67 16 X 4 49
114 15 X 61 67
65 16 X 4 27
118 15 X 65 4
187 12 X 114 118
85 16 X 50 49
116 15 X 61 85
153 14 X 114 116
198 12 X 153 118
249 11 X 187 198
79 16 X 44 9
36 18 X 11 9
57 17 X 36 4
82 16 X 44 57
123 15 X 79 82
154 14 X 114 123
199 12 X 154 118
250 11 X 187 199
316 10 X 249 250
340 9 X 296 316
253 11 X 193 196
274 10 X 194 253
115 15 X 61 82
152 14 X 114 115
197 12 X 152 118
254 11 X 197 199
276 10 X 198 254
329 9 X 274 276
369 8 X 340 329
380 7 X 355 369
134 14 X 4 78
189 12 X 134 4
223 11 X 4 189
293 10 X 228 223
252 11 X 192 189
273 10 X 194 252
353 8 X 293 273
379 7 X 354 353
402 6 X 380 379
412 5 X 398 402
7 20 X 3 4
19 19 X 7 4
41 17 X 4 19
33 18 X 4 19
42 17 X 4 33
185 12 X 41 42
26 18 X 4 7
14 19 X 4 7
37 18 X 14 7
112 15 X 26 37
182 12 X 7 112
320 9 X 185 182
184 12 X 19 33
317 9 X 4 184
396 6 X 320 317
25 18 X 4 3
47 17 X 25 4
92 15 X 3 47
111 15 X 25 4
186 12 X 92 111
318 9 X 4 186
394 6 X 318 4
410 5 X 396 394
418 4 X 412 410
10 19 X 2 1
21 18 X 1 10
45 17 X 21 1
83 16 X 45 1
91 15 X 1 83
130 14 X 1 91
176 13 X 145 130
213 12 X 176 155
241 11 X 155 213
43 17 X 10 1
34 18 X 10 1
55 17 X 34 1
77 16 X 43 55
90 15 X 1 77
129 14 X 1 90
173 13 X 143 129
210 12 X 173 155
239 11 X 155 210
311 10 X 241 239
280 10 X 213 210
359 8 X 311 280
76 16 X 43 1
89 15 X 1 76
128 14 X 1 89
172 13 X 142 128
209 12 X 172 155
238 11 X 155 209
310 10 X 241 238
279 10 X 213 209
358 8 X 310 279
399 6 X 359 358
175 13 X 144 129
212 12 X 175 155
240 11 X 155 212
312 10 X 241 240
282 10 X 213 212
360 8 X 312 282
120 15 X 76 77
131 14 X 1 120
178 13 X 148 131
215 12 X 178 155
242 11 X 155 215
313 10 X 241 242
260 11 X 212 215
285 10 X 213 260
361 8 X 313 285
382 7 X 360 361
20 19 X 8 4
40 18 X 20 11
59 17 X 40 4
87 16 X 59 4
125 15 X 87 78
149 14 X 4 125
5 20 X 1 2
16 19 X 5 1
38 18 X 16 10
58 17 X 38 1
86 16 X 58 1
124 15 X 86 76
132 14 X 1 124
179 13 X 149 132
216 12 X 179 155
243 11 X 155 216
314 10 X 241 243
126 14 X 1 76
162 13 X 134 126
205 12 X 162 155
258 11 X 209 205
283 10 X 213 258
362 8 X 314 283
381 7 X 358 362
403 6 X 382 381
413 5 X 399 403
6 20 X 3 1
17 19 X 6 1
22 18 X 1 17
157 13 X 33 22
406 5 X 157 155
419 4 X 413 406
424 3 X 418 419
341 9 X 297 4
328 9 X 272 4
370 8 X 341 328
74 16 X 28 4
100 15 X 4 74
141 14 X 4 100
191 12 X 141 4
225 11 X 4 191
70 16 X 11 4
99 15 X 4 70
140 14 X 4 99
190 12 X 140 4
224 11 X 4 190
292 10 X 225 224
339 9 X 292 4
268 10 X 191 190
326 9 X 268 4
368 8 X 339 326
400 6 X 370 368
121 15 X 78 80
147 14 X 4 121
177 13 X 147 148
214 12 X 177 4
233 11 X 4 214
298 10 X 228 233
15 19 X 4 9
62 16 X 4 15
32 18 X 4 15
54 17 X 32 4
69 16 X 4 54
117 15 X 62 69
161 13 X 114 117
204 12 X 161 4
256 11 X 204 4
342 9 X 298 256
259 11 X 211 214
275 10 X 194 259
330 9 X 275 256
371 8 X 342 330
385 7 X 370 371
133 14 X 4 70
188 12 X 133 4
222 11 X 4 188
291 10 X 225 222
338 9 X 291 4
251 11 X 190 188
269 10 X 191 251
327 9 X 269 4
367 8 X 338 327
384 7 X 368 367
404 6 X 385 384
414 5 X 400 404
113 15 X 41 4
158 13 X 41 113
201 12 X 158 4
105 15 X 7 14
156 13 X 7 105
93 15 X 4 14
200 12 X 156 93
321 9 X 201 200
60 16 X 4 2
94 15 X 4 60
135 14 X 4 94
163 13 X 135 4
219 11 X 4 163
288 10 X 220 219
183 12 X 19 4
39 18 X 19 2
72 16 X 19 39
110 15 X 19 72
151 14 X 19 110
181 13 X 151 19
218 12 X 181 166
248 11 X 183 218
71 16 X 19 2
109 15 X 19 71
150 14 X 19 109
180 13 X 150 19
217 12 X 180 163
247 11 X 183 217
315 10 X 248 247
335 9 X 288 315
263 10 X 166 163
286 10 X 218 217
322 9 X 263 286
363 8 X 335 322
397 6 X 321 363
18 19 X 7 3
13 19 X 4 3
30 18 X 4 13
52 17 X 30 4
108 15 X 18 52
159 13 X 92 108
202 12 X 159 4
48 17 X 26 4
106 15 X 7 48
31 18 X 4 14
53 17 X 31 4
107 15 X 7 53
160 13 X 106 107
203 12 X 160 4
255 11 X 202 203
319 9 X 4 255
206 12 X 163 166
231 11 X 4 206
289 10 X 220 231
336 9 X 289 4
264 10 X 166 206
323 9 X 264 4
364 8 X 336 323
395 6 X 319 364
411 5 X 397 395
420 4 X 414 411
308 10 X 241 232
349 9 X 308 261
281 10 X 213 211
333 9 X 281 261
376 8 X 349 333
73 16 X 21 1
88 15 X 1 73
127 14 X 1 88
171 13 X 141 127
208 12 X 171 155
237 11 X 155 208
306 10 X 237 224
347 9 X 306 261
277 10 X 208 190
331 9 X 277 261
374 8 X 347 331
401 6 X 376 374
309 10 X 241 233
350 9 X 309 261
284 10 X 213 259
334 9 X 284 261
377 8 X 350 334
387 7 X 376 377
75 16 X 40 4
119 15 X 75 70
146 14 X 4 119
195 12 X 146 4
229 11 X 4 195
307 10 X 237 229
348 9 X 307 261
278 10 X 208 251
332 9 X 278 261
375 8 X 348 332
386 7 X 374 375
405 6 X 387 386
415 5 X 401 405
300 10 X 234 219
63 16 X 4 23
95 15 X 4 63
136 14 X 4 95
164 13 X 136 4
244 11 X 164 163
302 10 X 234 244
357 8 X 300 302
391 6 X 261 357
301 10 X 234 231
343 9 X 301 261
207 12 X 164 4
257 11 X 207 206
303 10 X 234 257
344 9 X 303 261
372 8 X 343 344
392 6 X 261 372
409 5 X 391 392
421 4 X 415 409
425 3 X 420 421
427 2 X 424 425
428 1 X 426 427
