4106
rlhish udovdu fqlsuc zvekry zvjong pwatkl swqhcq grjnvh lfutva rhuoei gckbjv sdmqin squqyz ryilot czbnkq pesryz pcyuxz vojlsl yromle pcgmvp fcnjfl keofip dhxtyy gbjnjb kmgupl xyslsv gtzszl ztnfcp fjcdgc ywhyoz
7 8 21 12 27 22 9 17 1 11 14 6 23 5 19 24 25 29 26 13 16 28 30 15 20 2 10 3 4 18
2 31 0 -1 -1
3 31 1 -1 -1
10 29 X 2 3
623 22 X 10 3
5 30 X 2 3
18 29 X 5 3
72 27 X 18 10
48 27 X 3 10
252 24 X 72 48
425 23 X 252 10
708 22 X 425 3
960 21 X 623 708
1313 20 X 960 3
1719 19 X 1313 3
2149 17 X 1719 3
1 31 -1 -1 -1
7 29 X 1 3
621 22 X 7 1
2449 16 X 2149 621
2270 16 X 3 621
2759 15 X 2449 2270
1417 19 X 960 3
862 21 X 10 425
1119 20 X 3 862
1517 19 X 1119 3
2121 17 X 1417 1517
2423 16 X 2121 621
2733 15 X 2423 2270
3064 14 X 2759 2733
1791 18 X 3 1417
1168 20 X 3 960
1552 19 X 1168 3
1886 18 X 3 1552
2207 17 X 1791 1886
2513 16 X 2207 621
2828 15 X 2513 2270
3338 13 X 3064 2828
3559 12 X 3338 2270
22 28 X 3 10
350 23 X 3 22
652 22 X 350 3
1234 20 X 652 3
1635 19 X 1234 3
2129 17 X 1635 3
232 24 X 7 3
199 24 X 1 3
631 22 X 232 199
2430 16 X 2129 631
2271 16 X 3 631
2740 15 X 2430 2271
1371 19 X 652 3
1761 18 X 3 1371
1054 20 X 3 350
1467 19 X 1054 3
1838 18 X 3 1467
2165 17 X 1761 1838
2465 16 X 2165 631
2775 15 X 2465 2271
3037 14 X 2740 2775
1079 20 X 3 652
1487 19 X 1079 3
1850 18 X 3 1487
2166 17 X 1761 1850
2466 16 X 2166 631
2776 15 X 2466 2271
3300 13 X 3037 2776
3521 12 X 3300 2271
3700 11 X 3559 3521
30 28 X 10 3
101 26 X 3 30
624 22 X 101 3
41 28 X 18 3
83 27 X 41 30
131 26 X 3 83
55 27 X 3 30
116 26 X 3 55
291 24 X 131 116
467 23 X 291 101
748 22 X 467 3
962 21 X 624 748
1170 20 X 3 962
1554 19 X 1170 3
865 21 X 101 467
1121 20 X 3 865
1519 19 X 1121 3
2125 17 X 1554 1519
2427 16 X 2125 621
2737 15 X 2427 2270
2948 14 X 2270 2737
168 25 X 101 3
629 22 X 168 3
970 21 X 629 748
1171 20 X 3 970
1555 19 X 1171 3
1888 18 X 3 1555
2286 16 X 1888 621
2617 15 X 2286 2270
2909 14 X 2270 2617
3232 13 X 2948 2909
91 26 X 3 1
1193 20 X 91 1
132 26 X 7 1
626 22 X 132 1
1229 20 X 626 1
2272 16 X 1193 1229
3437 12 X 3232 2272
292 24 X 132 91
206 24 X 1 91
645 22 X 292 206
1233 20 X 645 1
2273 16 X 1193 1233
3377 12 X 2271 2273
3651 11 X 3437 3377
3837 9 X 3700 3651
6 30 X 3 2
19 29 X 6 3
43 28 X 19 10
109 26 X 3 43
92 26 X 3 10
270 24 X 109 92
644 22 X 270 3
23 28 X 3 18
76 27 X 23 43
127 26 X 3 76
110 26 X 3 48
285 24 X 127 110
459 23 X 285 270
740 22 X 459 3
992 21 X 644 740
1329 20 X 992 3
1740 19 X 1329 3
2164 17 X 1740 3
2464 16 X 2164 621
2774 15 X 2464 2270
1437 19 X 992 3
877 21 X 270 459
1133 20 X 3 877
1531 19 X 1133 3
2123 17 X 1437 1531
2425 16 X 2123 621
2735 15 X 2425 2270
3093 14 X 2774 2735
1811 18 X 3 1437
1184 20 X 3 992
1570 19 X 1184 3
1902 18 X 3 1570
2232 17 X 1811 1902
2538 16 X 2232 621
2856 15 X 2538 2270
3370 13 X 3093 2856
3591 12 X 3370 2270
96 26 X 3 22
351 23 X 3 96
653 22 X 351 3
1235 20 X 653 3
1636 19 X 1235 3
2130 17 X 1636 3
2431 16 X 2130 631
2741 15 X 2431 2271
1372 19 X 653 3
1762 18 X 3 1372
1055 20 X 3 351
1468 19 X 1055 3
1839 18 X 3 1468
2167 17 X 1762 1839
2467 16 X 2167 631
2777 15 X 2467 2271
3038 14 X 2741 2777
1080 20 X 3 653
1488 19 X 1080 3
1851 18 X 3 1488
2168 17 X 1762 1851
2468 16 X 2168 631
2778 15 X 2468 2271
3301 13 X 3038 2778
3522 12 X 3301 2271
3720 11 X 3591 3522
42 28 X 19 3
108 26 X 3 42
268 24 X 108 101
642 22 X 268 3
64 27 X 3 42
123 26 X 3 64
278 24 X 123 116
445 23 X 278 268
726 22 X 445 3
985 21 X 642 726
1180 20 X 3 985
1566 19 X 1180 3
873 21 X 268 445
1129 20 X 3 873
1527 19 X 1129 3
2127 17 X 1566 1527
2429 16 X 2127 621
2739 15 X 2429 2270
2950 14 X 2270 2739
175 25 X 108 3
325 24 X 175 168
651 22 X 325 3
1000 21 X 651 726
1189 20 X 3 1000
1577 19 X 1189 3
1909 18 X 3 1577
2289 16 X 1909 621
2621 15 X 2289 2270
2913 14 X 2270 2621
3235 13 X 2950 2913
3442 12 X 3235 2272
3656 11 X 3442 3377
3858 9 X 3720 3656
3957 8 X 3837 3858
377 23 X 3 270
677 22 X 377 3
1382 19 X 677 3
1767 18 X 3 1382
1088 20 X 3 677
1496 19 X 1088 3
1858 18 X 3 1496
2176 17 X 1767 1858
2479 16 X 2176 621
2857 15 X 2538 2479
3371 13 X 3093 2857
3150 13 X 2270 2479
3592 12 X 3371 3150
2480 16 X 2176 631
2779 15 X 2468 2480
3302 13 X 3038 2779
3181 13 X 2271 2779
3523 12 X 3302 3181
3721 11 X 3592 3523
383 23 X 3 325
681 22 X 383 3
375 23 X 3 268
675 22 X 375 3
1006 21 X 681 675
1192 20 X 3 1006
1580 19 X 1192 3
1912 18 X 3 1580
2293 16 X 1912 621
2622 15 X 2289 2293
2914 14 X 2270 2622
3236 13 X 2950 2914
3444 12 X 3236 2272
2294 16 X 1912 631
2595 15 X 2271 2294
2961 14 X 2271 2595
3185 13 X 2271 2961
3396 12 X 3185 2273
3658 11 X 3444 3396
3860 9 X 3721 3658
3958 8 X 3837 3860
4024 7 X 3957 3958
241 24 X 10 3
635 22 X 241 3
251 24 X 72 3
423 23 X 251 241
706 22 X 423 3
974 21 X 635 706
1320 20 X 974 3
1726 19 X 1320 3
2152 17 X 1726 3
2452 16 X 2152 621
2762 15 X 2452 2270
1422 19 X 974 3
1796 18 X 3 1422
866 21 X 241 423
1122 20 X 3 866
1520 19 X 1122 3
1877 18 X 3 1520
2212 17 X 1796 1877
2518 16 X 2212 621
2833 15 X 2518 2270
3070 14 X 2762 2833
1172 20 X 3 974
1556 19 X 1172 3
1889 18 X 3 1556
2213 17 X 1796 1889
2519 16 X 2213 621
2834 15 X 2519 2270
3345 13 X 3070 2834
3566 12 X 3345 2270
244 24 X 22 3
365 23 X 3 244
667 22 X 365 3
1240 20 X 667 3
1641 19 X 1240 3
2133 17 X 1641 3
2434 16 X 2133 631
2744 15 X 2434 2271
1377 19 X 667 3
1763 18 X 3 1377
1056 20 X 3 365
1469 19 X 1056 3
1840 18 X 3 1469
2169 17 X 1763 1840
2469 16 X 2169 631
2780 15 X 2469 2271
3042 14 X 2744 2780
1084 20 X 3 667
1492 19 X 1084 3
1854 18 X 3 1492
2170 17 X 1763 1854
2470 16 X 2170 631
2781 15 X 2470 2271
3306 13 X 3042 2781
3527 12 X 3306 2271
3703 11 X 3566 3527
259 24 X 101 3
638 22 X 259 3
290 24 X 131 3
465 23 X 290 259
746 22 X 465 3
980 21 X 638 746
1176 20 X 3 980
1562 19 X 1176 3
1895 18 X 3 1562
869 21 X 259 465
1125 20 X 3 869
1523 19 X 1125 3
1878 18 X 3 1523
2256 17 X 1895 1878
2564 16 X 2256 621
2885 15 X 2564 2270
2954 14 X 2270 2885
313 24 X 168 3
648 22 X 313 3
997 21 X 648 746
1187 20 X 3 997
1575 19 X 1187 3
1907 18 X 3 1575
2287 16 X 1907 621
2618 15 X 2287 2270
2910 14 X 2270 2618
3241 13 X 2954 2910
3450 12 X 3241 2272
3664 11 X 3450 3377
3841 9 X 3703 3664
269 24 X 109 3
643 22 X 269 3
284 24 X 127 3
458 23 X 284 269
739 22 X 458 3
989 21 X 643 739
1326 20 X 989 3
1736 19 X 1326 3
2160 17 X 1736 3
2460 16 X 2160 621
2770 15 X 2460 2270
1433 19 X 989 3
1807 18 X 3 1433
874 21 X 269 458
1130 20 X 3 874
1528 19 X 1130 3
1880 18 X 3 1528
2226 17 X 1807 1880
2532 16 X 2226 621
2849 15 X 2532 2270
3088 14 X 2770 2849
1181 20 X 3 989
1567 19 X 1181 3
1899 18 X 3 1567
2227 17 X 1807 1899
2533 16 X 2227 621
2850 15 X 2533 2270
3364 13 X 3088 2850
3585 12 X 3364 2270
253 24 X 96 3
368 23 X 3 253
668 22 X 368 3
1241 20 X 668 3
1642 19 X 1241 3
2134 17 X 1642 3
2435 16 X 2134 631
2745 15 X 2435 2271
1378 19 X 668 3
1764 18 X 3 1378
1057 20 X 3 368
1470 19 X 1057 3
1841 18 X 3 1470
2171 17 X 1764 1841
2471 16 X 2171 631
2782 15 X 2471 2271
3044 14 X 2745 2782
1085 20 X 3 668
1493 19 X 1085 3
1855 18 X 3 1493
2172 17 X 1764 1855
2472 16 X 2172 631
2783 15 X 2472 2271
3309 13 X 3044 2783
3530 12 X 3309 2271
3715 11 X 3585 3530
267 24 X 108 3
641 22 X 267 3
277 24 X 123 3
444 23 X 277 267
725 22 X 444 3
983 21 X 641 725
1178 20 X 3 983
1564 19 X 1178 3
1897 18 X 3 1564
871 21 X 267 444
1127 20 X 3 871
1525 19 X 1127 3
1879 18 X 3 1525
2258 17 X 1897 1879
2566 16 X 2258 621
2887 15 X 2566 2270
2955 14 X 2270 2887
324 24 X 175 3
650 22 X 324 3
999 21 X 650 725
1188 20 X 3 999
1576 19 X 1188 3
1908 18 X 3 1576
2288 16 X 1908 621
2619 15 X 2288 2270
2911 14 X 2270 2619
3242 13 X 2955 2911
3452 12 X 3242 2272
3666 11 X 3452 3377
3851 9 X 3715 3666
3964 8 X 3841 3851
376 23 X 3 269
676 22 X 376 3
1381 19 X 676 3
1766 18 X 3 1381
1087 20 X 3 676
1495 19 X 1087 3
1857 18 X 3 1495
2174 17 X 1766 1857
2475 16 X 2174 621
2851 15 X 2533 2475
3365 13 X 3088 2851
3586 12 X 3365 3150
2476 16 X 2174 631
2784 15 X 2472 2476
3310 13 X 3044 2784
3531 12 X 3310 3181
3716 11 X 3586 3531
382 23 X 3 324
680 22 X 382 3
374 23 X 3 267
674 22 X 374 3
1005 21 X 680 674
1191 20 X 3 1005
1579 19 X 1191 3
1911 18 X 3 1579
2291 16 X 1911 621
2620 15 X 2288 2291
2912 14 X 2270 2620
3243 13 X 2955 2912
3454 12 X 3243 2272
2292 16 X 1911 631
2594 15 X 2271 2292
2960 14 X 2271 2594
3184 13 X 2271 2960
3394 12 X 3184 2273
3668 11 X 3454 3394
3853 9 X 3716 3668
3965 8 X 3841 3853
4027 7 X 3964 3965
4071 6 X 4024 4027
863 21 X 91 3
780 21 X 1 3
1289 20 X 863 780
965 21 X 626 621
781 21 X 1 621
1316 20 X 965 781
2274 16 X 1289 1316
3438 12 X 3232 2274
993 21 X 645 631
782 21 X 1 631
1330 20 X 993 782
2275 16 X 1289 1330
3378 12 X 2271 2275
3652 11 X 3438 3378
3838 9 X 3700 3652
3443 12 X 3235 2274
3657 11 X 3443 3378
3859 9 X 3720 3657
3959 8 X 3838 3859
3445 12 X 3236 2274
3397 12 X 3185 2275
3659 11 X 3445 3397
3861 9 X 3721 3659
3960 8 X 3838 3861
4025 7 X 3959 3960
3451 12 X 3241 2274
3665 11 X 3451 3378
3842 9 X 3703 3665
3453 12 X 3242 2274
3667 11 X 3453 3378
3852 9 X 3715 3667
3966 8 X 3842 3852
3455 12 X 3243 2274
3395 12 X 3184 2275
3669 11 X 3455 3395
3854 9 X 3716 3669
3967 8 X 3842 3854
4028 7 X 3966 3967
4072 6 X 4025 4028
4088 5 X 4071 4072
3596 11 X 2270 2271
3803 10 X 3700 3596
3375 12 X 2270 2272
3599 11 X 3375 3377
3763 10 X 3651 3599
3907 9 X 3803 3763
3820 10 X 3720 3596
3768 10 X 3656 3599
3934 9 X 3820 3768
3993 8 X 3907 3934
3821 10 X 3721 3596
3770 10 X 3658 3599
3936 9 X 3821 3770
3994 8 X 3907 3936
4040 7 X 3993 3994
3805 10 X 3703 3596
3776 10 X 3664 3599
3912 9 X 3805 3776
3814 10 X 3715 3596
3778 10 X 3666 3599
3925 9 X 3814 3778
4002 8 X 3912 3925
2590 15 X 2270 2475
3153 13 X 2270 2590
2591 15 X 2270 2479
3154 13 X 2270 2591
3379 12 X 3153 3154
2605 15 X 2271 2476
3179 13 X 2271 2605
2606 15 X 2271 2480
3180 13 X 2271 2606
3392 12 X 3179 3180
3601 11 X 3379 3392
3816 10 X 3716 3601
2580 15 X 2270 2291
2900 14 X 2270 2580
3158 13 X 2270 2900
3382 12 X 3158 2272
3604 11 X 3382 3394
3780 10 X 3668 3604
3929 9 X 3816 3780
4003 8 X 3912 3929
4044 7 X 4002 4003
4075 6 X 4040 4044
3376 12 X 2270 2274
3600 11 X 3376 3378
3764 10 X 3652 3600
3908 9 X 3803 3764
3769 10 X 3657 3600
3935 9 X 3820 3769
3995 8 X 3908 3935
3771 10 X 3659 3600
3937 9 X 3821 3771
3996 8 X 3908 3937
4041 7 X 3995 3996
3777 10 X 3665 3600
3913 9 X 3805 3777
3779 10 X 3667 3600
3926 9 X 3814 3779
4004 8 X 3913 3926
3383 12 X 3158 2274
3605 11 X 3383 3395
3781 10 X 3669 3605
3930 9 X 3816 3781
4005 8 X 3913 3930
4045 7 X 4004 4005
4076 6 X 4041 4045
4091 5 X 4075 4076
4098 4 X 4088 4091
21 28 X 2 10
140 26 X 10 21
627 22 X 140 3
25 28 X 5 18
79 27 X 25 21
155 26 X 72 79
51 27 X 3 21
146 26 X 48 51
299 24 X 155 146
473 23 X 299 140
753 22 X 473 3
967 21 X 627 753
1419 19 X 967 3
1793 18 X 3 1419
12 29 X 3 2
33 28 X 12 3
102 26 X 3 33
625 22 X 102 3
13 29 X 3 5
34 28 X 13 3
82 27 X 34 33
130 26 X 3 82
57 27 X 3 33
117 26 X 3 57
289 24 X 130 117
464 23 X 289 102
745 22 X 464 3
964 21 X 625 745
1315 20 X 964 967
1721 19 X 1315 3
1926 18 X 3 1721
2209 17 X 1793 1926
2515 16 X 2209 621
2830 15 X 2515 2270
3127 14 X 2828 2830
3339 13 X 3064 3127
3560 12 X 3339 2270
386 23 X 48 10
684 22 X 386 3
959 21 X 623 684
1312 20 X 959 3
1718 19 X 1312 3
2148 17 X 1718 3
2448 16 X 2148 631
2758 15 X 2448 2271
1416 19 X 959 3
1790 18 X 3 1416
533 22 X 3 10
551 22 X 3 386
912 21 X 533 551
1146 20 X 3 912
1536 19 X 1146 3
861 21 X 10 386
1118 20 X 3 861
1516 19 X 1118 3
1972 18 X 1536 1516
2206 17 X 1790 1972
2512 16 X 2206 631
2827 15 X 2512 2271
3063 14 X 2758 2827
1167 20 X 3 959
1551 19 X 1167 3
1885 18 X 3 1551
2205 17 X 1790 1885
2511 16 X 2205 631
2826 15 X 2511 2271
392 23 X 146 140
688 22 X 392 3
966 21 X 627 688
1418 19 X 966 3
1792 18 X 3 1418
391 23 X 117 102
687 22 X 391 3
963 21 X 625 687
1314 20 X 963 966
1720 19 X 1314 3
1925 18 X 3 1720
2208 17 X 1792 1925
2514 16 X 2208 631
2829 15 X 2514 2271
3126 14 X 2826 2829
3337 13 X 3063 3126
3558 12 X 3337 2271
3701 11 X 3560 3558
169 25 X 102 3
630 22 X 169 3
972 21 X 630 745
20 28 X 2 3
94 26 X 3 20
165 25 X 94 3
628 22 X 165 3
24 28 X 5 3
77 27 X 24 20
128 26 X 3 77
50 27 X 3 20
112 26 X 3 50
286 24 X 128 112
460 23 X 286 94
741 22 X 460 3
969 21 X 628 741
1318 20 X 972 969
1723 19 X 1318 3
1928 18 X 3 1723
2298 16 X 1928 621
2626 15 X 2298 2270
2916 14 X 2270 2626
3233 13 X 2948 2916
3439 12 X 3233 2272
389 23 X 116 101
686 22 X 389 3
961 21 X 624 686
1169 20 X 3 961
1553 19 X 1169 3
1887 18 X 3 1553
534 22 X 3 101
553 22 X 3 389
913 21 X 534 553
1147 20 X 3 913
1537 19 X 1147 3
864 21 X 101 389
1120 20 X 3 864
1518 19 X 1120 3
1973 18 X 1537 1518
2255 17 X 1887 1973
2563 16 X 2255 631
2884 15 X 2563 2271
3006 14 X 2271 2884
971 21 X 630 687
388 23 X 112 94
685 22 X 388 3
968 21 X 628 685
1317 20 X 971 968
1722 19 X 1317 3
1927 18 X 3 1722
2297 16 X 1927 631
2625 15 X 2297 2271
2973 14 X 2271 2625
3280 13 X 3006 2973
3497 12 X 3280 2273
3653 11 X 3439 3497
3839 9 X 3701 3653
74 27 X 23 3
125 26 X 3 74
281 24 X 125 110
454 23 X 281 270
735 22 X 454 3
991 21 X 644 735
1328 20 X 991 3
1739 19 X 1328 3
2163 17 X 1739 3
2463 16 X 2163 621
2773 15 X 2463 2270
1436 19 X 991 3
876 21 X 270 454
1132 20 X 3 876
1530 19 X 1132 3
2122 17 X 1436 1530
2424 16 X 2122 621
2734 15 X 2424 2270
3092 14 X 2773 2734
1810 18 X 3 1436
1183 20 X 3 991
1569 19 X 1183 3
1901 18 X 3 1569
2231 17 X 1810 1901
2537 16 X 2231 621
2855 15 X 2537 2270
27 28 X 6 10
100 26 X 3 27
95 26 X 3 21
258 24 X 100 95
637 22 X 258 3
113 26 X 3 51
282 24 X 125 113
455 23 X 282 258
736 22 X 455 3
979 21 X 637 736
1427 19 X 979 3
1801 18 X 3 1427
14 29 X 3 6
35 28 X 14 3
104 26 X 3 35
262 24 X 104 102
639 22 X 262 3
222 24 X 3 117
404 23 X 222 262
693 22 X 404 3
981 21 X 639 693
1322 20 X 981 979
1729 19 X 1322 3
1930 18 X 3 1729
2219 17 X 1801 1930
2525 16 X 2219 621
2840 15 X 2525 2270
3146 14 X 2855 2840
3369 13 X 3092 3146
3590 12 X 3369 2270
218 24 X 3 110
400 23 X 218 270
689 22 X 400 3
990 21 X 644 689
1327 20 X 990 3
1738 19 X 1327 3
2162 17 X 1738 3
2462 16 X 2162 631
2772 15 X 2462 2271
1435 19 X 990 3
1809 18 X 3 1435
539 22 X 3 270
555 22 X 3 400
918 21 X 539 555
1152 20 X 3 918
1542 19 X 1152 3
875 21 X 270 400
1131 20 X 3 875
1529 19 X 1131 3
1978 18 X 1542 1529
2230 17 X 1809 1978
2536 16 X 2230 631
2854 15 X 2536 2271
3091 14 X 2772 2854
1182 20 X 3 990
1568 19 X 1182 3
1900 18 X 3 1568
2229 17 X 1809 1900
2535 16 X 2229 631
2853 15 X 2535 2271
220 24 X 3 113
402 23 X 220 258
691 22 X 402 3
978 21 X 637 691
1426 19 X 978 3
1800 18 X 3 1426
1321 20 X 981 978
1728 19 X 1321 3
1929 18 X 3 1728
2218 17 X 1800 1929
2524 16 X 2218 631
2839 15 X 2524 2271
3145 14 X 2853 2839
3368 13 X 3091 3145
3589 12 X 3368 2271
3719 11 X 3590 3589
221 24 X 3 116
403 23 X 221 268
692 22 X 403 3
984 21 X 642 692
1179 20 X 3 984
1565 19 X 1179 3
872 21 X 268 403
1128 20 X 3 872
1526 19 X 1128 3
2126 17 X 1565 1526
2428 16 X 2126 621
2738 15 X 2428 2270
2949 14 X 2270 2738
171 25 X 104 3
317 24 X 171 169
649 22 X 317 3
998 21 X 649 693
26 28 X 6 3
99 26 X 3 26
167 25 X 99 3
312 24 X 167 165
647 22 X 312 3
219 24 X 3 112
257 24 X 99 94
401 23 X 219 257
690 22 X 401 3
996 21 X 647 690
1331 20 X 998 996
1741 19 X 1331 3
1931 18 X 3 1741
2299 16 X 1931 621
2627 15 X 2299 2270
2917 14 X 2270 2627
3234 13 X 2949 2917
3441 12 X 3234 2272
1898 18 X 3 1565
538 22 X 3 268
556 22 X 3 403
917 21 X 538 556
1151 20 X 3 917
1541 19 X 1151 3
1977 18 X 1541 1526
2259 17 X 1898 1977
2567 16 X 2259 631
2888 15 X 2567 2271
3008 14 X 2271 2888
2300 16 X 1931 631
2628 15 X 2300 2271
2974 14 X 2271 2628
3282 13 X 3008 2974
3500 12 X 3282 2273
3655 11 X 3441 3500
3857 9 X 3719 3655
3962 8 X 3839 3857
3822 9 X 3596 3599
3961 8 X 3839 3822
4026 7 X 3962 3961
139 26 X 10 18
293 24 X 139 3
646 22 X 293 3
153 26 X 72 18
298 24 X 153 3
472 23 X 298 293
752 22 X 472 3
995 21 X 646 752
1439 19 X 995 3
1813 18 X 3 1439
540 22 X 3 293
572 22 X 3 472
920 21 X 540 572
1154 20 X 3 920
1544 19 X 1154 3
879 21 X 293 472
1135 20 X 3 879
1533 19 X 1135 3
1980 18 X 1544 1533
2234 17 X 1813 1980
2540 16 X 2234 621
2859 15 X 2540 2270
3071 14 X 2762 2859
1186 20 X 3 995
1573 19 X 1186 3
1905 18 X 3 1573
2214 17 X 1796 1905
2520 16 X 2214 621
2835 15 X 2520 2270
17 29 X 5 2
40 28 X 17 18
143 26 X 10 40
294 24 X 143 3
295 24 X 143 102
469 23 X 294 295
749 22 X 469 3
81 27 X 25 40
157 26 X 72 81
300 24 X 157 3
474 23 X 300 295
754 22 X 474 3
1025 21 X 749 754
1451 19 X 1025 3
1823 18 X 3 1451
260 24 X 102 3
430 23 X 260 102
711 22 X 430 3
288 24 X 130 3
463 23 X 288 102
744 22 X 463 3
1013 21 X 711 744
1333 20 X 1013 1025
1743 19 X 1333 3
1933 18 X 3 1743
2243 17 X 1823 1933
2549 16 X 2243 621
2870 15 X 2549 2270
3131 14 X 2835 2870
3346 13 X 3071 3131
3567 12 X 3346 2270
249 24 X 48 3
419 23 X 249 241
704 22 X 419 3
973 21 X 635 704
1319 20 X 973 3
1724 19 X 1319 3
2150 17 X 1724 3
2450 16 X 2150 631
2760 15 X 2450 2271
49 27 X 3 18
145 26 X 48 49
296 24 X 145 3
470 23 X 296 293
750 22 X 470 3
994 21 X 646 750
1438 19 X 994 3
1812 18 X 3 1438
571 22 X 3 470
919 21 X 540 571
1153 20 X 3 919
1543 19 X 1153 3
878 21 X 293 470
1134 20 X 3 878
1532 19 X 1134 3
1979 18 X 1543 1532
2233 17 X 1812 1979
2539 16 X 2233 631
2858 15 X 2539 2271
3065 14 X 2760 2858
1420 19 X 973 3
1794 18 X 3 1420
1185 20 X 3 994
1571 19 X 1185 3
1903 18 X 3 1571
2210 17 X 1794 1903
2516 16 X 2210 631
2831 15 X 2516 2271
62 27 X 3 40
149 26 X 48 62
297 24 X 149 3
471 23 X 297 295
751 22 X 471 3
1024 21 X 749 751
1450 19 X 1024 3
1822 18 X 3 1450
272 24 X 117 3
437 23 X 272 102
718 22 X 437 3
1012 21 X 711 718
1332 20 X 1012 1024
1742 19 X 1332 3
1932 18 X 3 1742
2242 17 X 1822 1932
2548 16 X 2242 631
2869 15 X 2548 2271
3128 14 X 2831 2869
3340 13 X 3065 3128
3561 12 X 3340 2271
3704 11 X 3567 3561
107 26 X 3 41
266 24 X 107 3
640 22 X 266 3
1078 20 X 3 640
1486 19 X 1078 3
1849 18 X 3 1486
537 22 X 3 266
1069 20 X 3 537
1478 19 X 1069 3
1053 20 X 3 266
1466 19 X 1053 3
1971 18 X 1478 1466
2254 17 X 1849 1971
2562 16 X 2254 621
2883 15 X 2562 2270
2953 14 X 2270 2883
314 24 X 169 3
500 23 X 314 169
757 22 X 500 3
1030 21 X 757 744
39 28 X 17 3
106 26 X 3 39
173 25 X 106 3
320 24 X 173 3
321 24 X 173 169
507 23 X 320 321
763 22 X 507 3
78 27 X 24 39
129 26 X 3 78
287 24 X 129 3
265 24 X 106 102
461 23 X 287 265
742 22 X 461 3
1046 21 X 763 742
1341 20 X 1030 1046
1751 19 X 1341 3
1941 18 X 3 1751
2304 16 X 1941 621
2632 15 X 2304 2270
2919 14 X 2270 2632
3240 13 X 2953 2919
3449 12 X 3240 2272
63 27 X 3 41
122 26 X 3 63
276 24 X 122 3
443 23 X 276 266
724 22 X 443 3
982 21 X 640 724
1177 20 X 3 982
1563 19 X 1177 3
1896 18 X 3 1563
564 22 X 3 443
916 21 X 537 564
1150 20 X 3 916
1540 19 X 1150 3
870 21 X 266 443
1126 20 X 3 870
1524 19 X 1126 3
1976 18 X 1540 1524
2257 17 X 1896 1976
2565 16 X 2257 631
2886 15 X 2565 2271
3007 14 X 2271 2886
1029 21 X 757 718
61 27 X 3 39
121 26 X 3 61
275 24 X 121 3
442 23 X 275 265
723 22 X 442 3
1045 21 X 763 723
1340 20 X 1029 1045
1750 19 X 1340 3
1940 18 X 3 1750
2303 16 X 1940 631
2631 15 X 2303 2271
2976 14 X 2271 2631
3281 13 X 3007 2976
3499 12 X 3281 2273
3663 11 X 3449 3499
3843 9 X 3704 3663
280 24 X 125 3
452 23 X 280 269
733 22 X 452 3
988 21 X 643 733
1325 20 X 988 3
1734 19 X 1325 3
2158 17 X 1734 3
2458 16 X 2158 621
2768 15 X 2458 2270
97 26 X 3 23
254 24 X 97 3
636 22 X 254 3
449 23 X 280 254
730 22 X 449 3
977 21 X 636 730
1425 19 X 977 3
1799 18 X 3 1425
536 22 X 3 254
567 22 X 3 449
915 21 X 536 567
1149 20 X 3 915
1539 19 X 1149 3
868 21 X 254 449
1124 20 X 3 868
1522 19 X 1124 3
1975 18 X 1539 1522
2217 17 X 1799 1975
2523 16 X 2217 621
2838 15 X 2523 2270
3082 14 X 2768 2838
1431 19 X 988 3
1805 18 X 3 1431
1175 20 X 3 977
1560 19 X 1175 3
1893 18 X 3 1560
2223 17 X 1805 1893
2529 16 X 2223 621
2845 15 X 2529 2270
36 28 X 14 18
105 26 X 3 36
263 24 X 105 3
264 24 X 105 102
432 23 X 263 264
713 22 X 432 3
451 23 X 280 264
732 22 X 451 3
1018 21 X 713 732
1448 19 X 1018 3
1820 18 X 3 1448
261 24 X 104 3
431 23 X 261 262
712 22 X 431 3
372 23 X 3 262
672 22 X 372 3
1014 21 X 712 672
1335 20 X 1014 1018
1745 19 X 1335 3
1935 18 X 3 1745
2240 17 X 1820 1935
2546 16 X 2240 621
2866 15 X 2546 2270
3138 14 X 2845 2866
3357 13 X 3082 3138
3578 12 X 3357 2270
986 21 X 643 676
1323 20 X 986 3
1730 19 X 1323 3
2154 17 X 1730 3
2454 16 X 2154 631
2764 15 X 2454 2271
369 23 X 3 254
669 22 X 369 3
975 21 X 636 669
1424 19 X 975 3
1798 18 X 3 1424
545 22 X 3 369
914 21 X 536 545
1148 20 X 3 914
1538 19 X 1148 3
867 21 X 254 369
1123 20 X 3 867
1521 19 X 1123 3
1974 18 X 1538 1521
2216 17 X 1798 1974
2522 16 X 2216 631
2837 15 X 2522 2271
3075 14 X 2764 2837
1428 19 X 986 3
1802 18 X 3 1428
1173 20 X 3 975
1557 19 X 1173 3
1890 18 X 3 1557
2220 17 X 1802 1890
2526 16 X 2220 631
2841 15 X 2526 2271
373 23 X 3 264
673 22 X 373 3
1016 21 X 713 673
1446 19 X 1016 3
1818 18 X 3 1446
1334 20 X 1014 1016
1744 19 X 1334 3
1934 18 X 3 1744
2238 17 X 1818 1934
2544 16 X 2238 631
2863 15 X 2544 2271
3133 14 X 2841 2863
3350 13 X 3075 3133
3571 12 X 3350 2271
3708 11 X 3578 3571
316 24 X 171 3
504 23 X 316 317
760 22 X 504 3
1036 21 X 760 672
1454 19 X 1036 3
1826 18 X 3 1454
2282 16 X 1826 621
2609 15 X 2282 2270
2905 14 X 2270 2609
3163 13 X 2270 2905
3388 12 X 3163 2272
2283 16 X 1826 631
2612 15 X 2283 2271
2968 14 X 2271 2612
3192 13 X 2271 2968
3404 12 X 3192 2273
3610 11 X 3388 3404
3847 9 X 3708 3610
3968 8 X 3843 3847
187 25 X 143 139
338 24 X 187 3
339 24 X 187 169
522 23 X 338 339
775 22 X 522 3
197 25 X 157 153
348 24 X 197 3
532 23 X 348 339
779 22 X 532 3
1052 21 X 775 779
1465 19 X 1052 3
1837 18 X 3 1465
591 22 X 3 500
184 25 X 130 3
334 24 X 184 3
519 23 X 334 169
607 22 X 3 519
942 21 X 591 607
610 22 X 3 522
620 22 X 3 532
958 21 X 610 620
1304 20 X 942 958
1710 19 X 1304 3
895 21 X 500 519
911 21 X 522 532
1293 20 X 895 911
1699 19 X 1293 3
2005 18 X 1710 1699
2253 17 X 1837 2005
2561 16 X 2253 621
2882 15 X 2561 2270
3073 14 X 2762 2882
3348 13 X 3073 3131
3569 12 X 3348 2270
191 25 X 149 145
344 24 X 191 3
527 23 X 344 339
777 22 X 527 3
1051 21 X 775 777
1464 19 X 1051 3
1836 18 X 3 1464
177 25 X 117 3
327 24 X 177 3
511 23 X 327 169
599 22 X 3 511
941 21 X 591 599
615 22 X 3 527
957 21 X 610 615
1302 20 X 941 957
1708 19 X 1302 3
894 21 X 500 511
910 21 X 522 527
1291 20 X 894 910
1697 19 X 1291 3
2003 18 X 1708 1697
2252 17 X 1836 2003
2560 16 X 2252 631
2881 15 X 2560 2271
3067 14 X 2760 2881
3342 13 X 3067 3128
3563 12 X 3342 2271
3706 11 X 3569 3563
773 22 X 519 3
1032 21 X 757 773
174 25 X 106 107
322 24 X 174 3
323 24 X 174 169
508 23 X 322 323
764 22 X 508 3
183 25 X 129 107
333 24 X 183 3
518 23 X 333 323
772 22 X 518 3
1048 21 X 764 772
1343 20 X 1032 1048
1753 19 X 1343 3
1943 18 X 3 1753
596 22 X 3 508
606 22 X 3 518
952 21 X 596 606
1303 20 X 942 952
1709 19 X 1303 3
905 21 X 508 518
1292 20 X 895 905
1698 19 X 1292 3
2004 18 X 1709 1698
2267 17 X 1943 2004
2575 16 X 2267 621
2896 15 X 2575 2270
2958 14 X 2270 2896
3246 13 X 2958 2919
3458 12 X 3246 2272
766 22 X 511 3
1031 21 X 757 766
181 25 X 121 122
331 24 X 181 3
516 23 X 331 323
770 22 X 516 3
1047 21 X 764 770
1342 20 X 1031 1047
1752 19 X 1342 3
1942 18 X 3 1752
604 22 X 3 516
951 21 X 596 604
1301 20 X 941 951
1707 19 X 1301 3
904 21 X 508 516
1290 20 X 894 904
1696 19 X 1290 3
2002 18 X 1707 1696
2266 17 X 1942 2002
2574 16 X 2266 631
2895 15 X 2574 2271
3010 14 X 2271 2895
3284 13 X 3010 2976
3502 12 X 3284 2273
3672 11 X 3458 3502
3844 9 X 3706 3672
172 25 X 105 97
318 24 X 172 3
319 24 X 172 169
505 23 X 318 319
761 22 X 505 3
453 23 X 280 319
734 22 X 453 3
1041 21 X 761 734
1459 19 X 1041 3
1831 18 X 3 1459
594 22 X 3 504
380 23 X 3 317
549 22 X 3 380
945 21 X 594 549
595 22 X 3 505
569 22 X 3 453
948 21 X 595 569
1309 20 X 945 948
1715 19 X 1309 3
898 21 X 504 380
901 21 X 505 453
1298 20 X 898 901
1704 19 X 1298 3
2010 18 X 1715 1704
2247 17 X 1831 2010
2555 16 X 2247 621
2876 15 X 2555 2270
3084 14 X 2768 2876
2116 17 X 1381 3
2417 16 X 2116 621
2846 15 X 2529 2417
1380 19 X 672 3
2276 16 X 1380 621
2867 15 X 2546 2276
3139 14 X 2846 2867
3359 13 X 3084 3139
255 24 X 97 92
370 23 X 3 255
670 22 X 370 3
1086 20 X 3 670
1494 19 X 1086 3
1856 18 X 3 1494
2175 17 X 1767 1856
2477 16 X 2175 621
214 24 X 3 92
355 23 X 3 214
657 22 X 355 3
1082 20 X 3 657
1490 19 X 1082 3
2117 17 X 1382 1490
2419 16 X 2117 621
2787 15 X 2477 2419
1379 19 X 670 3
1765 18 X 3 1379
2173 17 X 1765 1856
2473 16 X 2173 621
1373 19 X 657 3
2113 17 X 1373 1490
2413 16 X 2113 621
2785 15 X 2473 2413
3099 14 X 2787 2785
3173 13 X 2270 3099
3580 12 X 3359 3173
381 23 X 3 319
679 22 X 381 3
1040 21 X 761 679
1458 19 X 1040 3
1830 18 X 3 1458
550 22 X 3 381
947 21 X 595 550
1308 20 X 945 947
1714 19 X 1308 3
900 21 X 505 381
1297 20 X 898 900
1703 19 X 1297 3
2009 18 X 1714 1703
2246 17 X 1830 2009
2554 16 X 2246 631
2875 15 X 2554 2271
3077 14 X 2764 2875
2418 16 X 2116 631
2842 15 X 2526 2418
2277 16 X 1380 631
2864 15 X 2544 2277
3135 14 X 2842 2864
3352 13 X 3077 3135
2478 16 X 2175 631
2420 16 X 2117 631
2788 15 X 2478 2420
2474 16 X 2173 631
2414 16 X 2113 631
2786 15 X 2474 2414
3101 14 X 2788 2786
3200 13 X 2271 3101
3573 12 X 3352 3200
3710 11 X 3580 3573
678 22 X 380 3
1037 21 X 760 678
1455 19 X 1037 3
1827 18 X 3 1455
1414 19 X 945 3
1412 19 X 898 3
1968 18 X 1414 1412
2244 17 X 1827 1968
2550 16 X 2244 621
2871 15 X 2550 2270
2951 14 X 2270 2871
1004 21 X 678 672
1442 19 X 1004 3
2278 16 X 1442 621
2610 15 X 2282 2278
2906 14 X 2270 2610
3237 13 X 2951 2906
3446 12 X 3237 2272
2551 16 X 2244 631
2872 15 X 2551 2271
3004 14 X 2271 2872
2279 16 X 1442 631
2613 15 X 2283 2279
2969 14 X 2271 2613
3277 13 X 3004 2969
3494 12 X 3277 2273
3660 11 X 3446 3494
3848 9 X 3710 3660
3969 8 X 3844 3848
4029 7 X 3968 3969
4073 6 X 4026 4029
3440 12 X 3233 2274
3498 12 X 3280 2275
3654 11 X 3440 3498
3840 9 X 3701 3654
3823 9 X 3596 3600
3963 8 X 3840 3823
3459 12 X 3246 2274
3503 12 X 3284 2275
3673 11 X 3459 3503
3845 9 X 3706 3673
75 27 X 23 36
126 26 X 3 75
182 25 X 126 97
332 24 X 182 3
517 23 X 332 319
771 22 X 517 3
1043 21 X 761 771
1461 19 X 1043 3
1833 18 X 3 1461
59 27 X 3 35
119 26 X 3 59
179 25 X 119 3
329 24 X 179 3
514 23 X 329 317
602 22 X 3 514
946 21 X 594 602
605 22 X 3 517
950 21 X 595 605
1311 20 X 946 950
1717 19 X 1311 3
899 21 X 504 514
903 21 X 505 517
1300 20 X 899 903
1706 19 X 1300 3
2012 18 X 1717 1706
2249 17 X 1833 2012
2557 16 X 2249 621
2878 15 X 2557 2270
3089 14 X 2770 2878
1077 20 X 3 636
1484 19 X 1077 3
1847 18 X 3 1484
2225 17 X 1807 1847
2531 16 X 2225 621
2848 15 X 2531 2270
283 24 X 126 3
456 23 X 283 264
737 22 X 456 3
1019 21 X 713 737
1449 19 X 1019 3
1821 18 X 3 1449
273 24 X 119 3
439 23 X 273 262
720 22 X 439 3
1015 21 X 712 720
1337 20 X 1015 1019
1747 19 X 1337 3
1937 18 X 3 1747
2241 17 X 1821 1937
2547 16 X 2241 621
2868 15 X 2547 2270
3141 14 X 2848 2868
3366 13 X 3089 3141
3587 12 X 3366 2270
65 27 X 3 43
124 26 X 3 65
279 24 X 124 3
447 23 X 279 269
728 22 X 447 3
987 21 X 643 728
1324 20 X 987 3
1732 19 X 1324 3
2156 17 X 1732 3
2456 16 X 2156 631
2766 15 X 2456 2271
60 27 X 3 36
120 26 X 3 60
52 27 X 3 23
114 26 X 3 52
180 25 X 120 114
330 24 X 180 3
515 23 X 330 319
769 22 X 515 3
1042 21 X 761 769
1460 19 X 1042 3
1832 18 X 3 1460
603 22 X 3 515
949 21 X 595 603
1310 20 X 946 949
1716 19 X 1310 3
902 21 X 505 515
1299 20 X 899 902
1705 19 X 1299 3
2011 18 X 1716 1705
2248 17 X 1832 2011
2556 16 X 2248 631
2877 15 X 2556 2271
3080 14 X 2766 2877
1429 19 X 987 3
1803 18 X 3 1429
271 24 X 114 3
434 23 X 271 254
715 22 X 434 3
976 21 X 636 715
1174 20 X 3 976
1558 19 X 1174 3
1891 18 X 3 1558
2221 17 X 1803 1891
2527 16 X 2221 631
2843 15 X 2527 2271
274 24 X 120 3
440 23 X 274 264
721 22 X 440 3
1017 21 X 713 721
1447 19 X 1017 3
1819 18 X 3 1447
1336 20 X 1015 1017
1746 19 X 1336 3
1936 18 X 3 1746
2239 17 X 1819 1936
2545 16 X 2239 631
2865 15 X 2545 2271
3136 14 X 2843 2865
3355 13 X 3080 3136
3576 12 X 3355 2271
3717 11 X 3587 3576
768 22 X 514 3
1039 21 X 760 768
1457 19 X 1039 3
1829 18 X 3 1457
1415 19 X 946 3
1413 19 X 899 3
1969 18 X 1415 1413
2245 17 X 1829 1969
2552 16 X 2245 621
2873 15 X 2552 2270
2952 14 X 2270 2873
1038 21 X 760 720
1456 19 X 1038 3
1828 18 X 3 1456
2284 16 X 1828 621
2615 15 X 2284 2270
2908 14 X 2270 2615
3239 13 X 2952 2908
3448 12 X 3239 2274
2553 16 X 2245 631
2874 15 X 2553 2271
3005 14 X 2271 2874
2285 16 X 1828 631
2616 15 X 2285 2271
2971 14 X 2271 2616
3279 13 X 3005 2971
3496 12 X 3279 2275
3662 11 X 3448 3496
3855 9 X 3717 3662
3971 8 X 3845 3855
353 23 X 3 171
655 22 X 353 3
352 23 X 3 104
654 22 X 352 3
1001 21 X 655 654
1440 19 X 1001 3
1970 18 X 1440 1442
2307 16 X 1970 621
2611 15 X 2282 2307
2907 14 X 2270 2611
3238 13 X 2951 2907
3447 12 X 3238 2274
2308 16 X 1970 631
2614 15 X 2283 2308
2970 14 X 2271 2614
3278 13 X 3004 2970
3495 12 X 3278 2275
3661 11 X 3447 3495
3849 9 X 3710 3661
3970 8 X 3845 3849
4030 7 X 3971 3970
4061 6 X 3963 4030
4089 5 X 4073 4061
3804 10 X 3701 3596
3765 10 X 3653 3599
3909 9 X 3804 3765
3819 10 X 3719 3596
3767 10 X 3655 3599
3933 9 X 3819 3767
3998 8 X 3909 3933
3997 8 X 3909 3822
4042 7 X 3998 3997
3807 10 X 3704 3596
3775 10 X 3663 3599
3915 9 X 3807 3775
3810 10 X 3708 3596
3725 10 X 3610 3599
3919 9 X 3810 3725
4008 8 X 3915 3919
3809 10 X 3706 3596
3784 10 X 3672 3599
3917 9 X 3809 3784
2588 15 X 2270 2417
2577 15 X 2270 2276
3015 14 X 2588 2577
3169 13 X 2270 3015
2589 15 X 2270 2419
2587 15 X 2270 2413
3016 14 X 2589 2587
3170 13 X 2270 3016
3391 12 X 3169 3170
2603 15 X 2271 2418
2592 15 X 2271 2277
3020 14 X 2603 2592
3195 13 X 2271 3020
2604 15 X 2271 2420
2602 15 X 2271 2414
3021 14 X 2604 2602
3196 13 X 2271 3021
3405 12 X 3195 3196
3613 11 X 3391 3405
3812 10 X 3710 3613
2578 15 X 2270 2278
2898 14 X 2270 2578
3156 13 X 2270 2898
3380 12 X 3156 2272
2593 15 X 2271 2279
2959 14 X 2271 2593
3183 13 X 2271 2959
3393 12 X 3183 2273
3602 11 X 3380 3393
3772 10 X 3660 3602
3921 9 X 3812 3772
4011 8 X 3917 3921
4047 7 X 4008 4011
4077 6 X 4042 4047
3766 10 X 3654 3600
3910 9 X 3804 3766
3999 8 X 3910 3823
3785 10 X 3673 3600
3918 9 X 3809 3785
3818 10 X 3717 3596
3774 10 X 3662 3600
3932 9 X 3818 3774
4013 8 X 3918 3932
2581 15 X 2270 2307
2901 14 X 2270 2581
3159 13 X 2270 2901
3384 12 X 3159 2274
2596 15 X 2271 2308
2962 14 X 2271 2596
3186 13 X 2271 2962
3398 12 X 3186 2275
3606 11 X 3384 3398
3773 10 X 3661 3606
3922 9 X 3812 3773
4012 8 X 3918 3922
4049 7 X 4013 4012
4065 6 X 3999 4049
4092 5 X 4077 4065
4099 4 X 4089 4092
4103 3 X 4098 4099
70 27 X 10 3
151 26 X 70 3
224 24 X 3 151
427 23 X 252 224
709 22 X 427 3
1246 20 X 709 3
1647 19 X 1246 3
2137 17 X 1647 3
66 27 X 7 10
135 26 X 7 66
237 24 X 7 135
410 23 X 237 7
696 22 X 410 1
1244 20 X 696 621
1645 19 X 1244 621
2135 17 X 1645 621
2437 16 X 2137 2135
2747 15 X 2437 2270
1385 19 X 709 3
71 27 X 10 18
152 26 X 71 18
243 24 X 18 152
428 23 X 252 243
1062 20 X 3 428
1473 19 X 1062 3
2120 17 X 1385 1473
1383 19 X 696 621
4 30 X 2 1
16 29 X 4 3
133 26 X 7 16
235 24 X 7 133
411 23 X 237 235
9 29 X 2 1
44 27 X 1 9
87 26 X 1 44
202 24 X 1 87
15 29 X 4 1
84 26 X 1 15
200 24 X 1 84
394 23 X 202 200
697 22 X 411 394
1224 20 X 621 697
1627 19 X 1224 621
2118 17 X 1383 1627
2422 16 X 2120 2118
2732 15 X 2422 2270
3046 14 X 2747 2732
3312 13 X 3046 2270
3533 12 X 3312 2270
73 27 X 22 3
158 26 X 73 3
225 24 X 3 158
359 23 X 3 225
661 22 X 359 3
1237 20 X 661 3
1638 19 X 1237 3
1913 18 X 3 1638
2260 17 X 1913 3
2568 16 X 2260 631
2889 15 X 2568 2271
3147 14 X 2889 2271
3372 13 X 3147 2271
3593 12 X 3372 2271
3687 11 X 3533 3593
466 23 X 291 3
747 22 X 466 3
1089 20 X 3 747
1497 19 X 1089 3
468 23 X 291 107
1063 20 X 3 468
1474 19 X 1063 3
2124 17 X 1497 1474
31 28 X 10 7
68 27 X 7 31
137 26 X 7 68
239 24 X 7 137
413 23 X 239 7
699 22 X 413 1
1226 20 X 621 699
1629 19 X 1226 621
38 28 X 16 7
134 26 X 7 38
236 24 X 7 134
414 23 X 239 236
29 28 X 9 1
46 27 X 1 29
89 26 X 1 46
204 24 X 1 89
37 28 X 15 1
86 26 X 1 37
201 24 X 1 86
396 23 X 204 201
700 22 X 414 396
1227 20 X 621 700
1630 19 X 1227 621
2128 17 X 1629 1630
2426 16 X 2124 2128
2736 15 X 2426 2270
2947 14 X 2270 2736
3231 13 X 2947 2270
3435 12 X 3231 2272
3647 11 X 3435 3377
3832 9 X 3687 3647
193 25 X 151 3
230 24 X 3 193
363 23 X 3 230
665 22 X 363 3
1238 20 X 665 3
1639 19 X 1238 3
2132 17 X 1639 3
2433 16 X 2132 621
2743 15 X 2433 2270
1376 19 X 665 3
160 25 X 23 97
111 26 X 3 49
161 25 X 49 111
303 24 X 160 161
93 26 X 3 18
194 25 X 152 93
305 24 X 160 194
482 23 X 303 305
1066 20 X 3 482
1476 19 X 1066 3
2115 17 X 1376 1476
67 27 X 7 16
136 26 X 7 67
238 24 X 7 136
412 23 X 238 235
45 27 X 1 15
88 26 X 1 45
203 24 X 1 88
395 23 X 203 200
698 22 X 412 395
1225 20 X 621 698
1628 19 X 1225 621
2107 17 X 621 1628
2416 16 X 2115 2107
2730 15 X 2416 2270
3040 14 X 2743 2730
3304 13 X 3040 2270
3525 12 X 3304 2270
198 25 X 158 3
231 24 X 3 198
364 23 X 3 231
666 22 X 364 3
1239 20 X 666 3
1640 19 X 1239 3
1914 18 X 3 1640
2261 17 X 1914 3
2569 16 X 2261 631
2890 15 X 2569 2271
3148 14 X 2890 2271
3373 13 X 3148 2271
3594 12 X 3373 2271
3685 11 X 3525 3594
358 23 X 3 224
660 22 X 358 3
1236 20 X 660 3
1637 19 X 1236 3
2131 17 X 1637 3
2432 16 X 2131 621
2742 15 X 2432 2270
1375 19 X 660 3
247 24 X 23 152
480 23 X 303 247
1065 20 X 3 480
1475 19 X 1065 3
2114 17 X 1375 1475
2415 16 X 2114 2107
2729 15 X 2415 2270
3039 14 X 2742 2729
3303 13 X 3039 2270
3524 12 X 3303 2270
3684 11 X 3524 3593
3791 10 X 3685 3684
223 24 X 3 122
217 24 X 3 107
405 23 X 223 217
1058 20 X 3 405
1471 19 X 1058 3
2021 17 X 3 1471
69 27 X 7 38
138 26 X 7 69
240 24 X 7 138
415 23 X 240 236
47 27 X 1 37
90 26 X 1 47
205 24 X 1 90
397 23 X 205 201
701 22 X 415 397
1228 20 X 621 701
1631 19 X 1228 621
2108 17 X 621 1631
2322 16 X 2021 2108
2644 15 X 2322 2270
2925 14 X 2270 2644
3208 13 X 2925 2270
3410 12 X 3208 2272
3618 11 X 3410 3377
3892 9 X 3791 3618
3953 8 X 3832 3892
4059 6 X 3953 3822
3436 12 X 3231 2274
3649 11 X 3436 3378
3833 9 X 3687 3649
3411 12 X 3208 2274
3619 11 X 3411 3378
3893 9 X 3791 3619
3954 8 X 3833 3893
4060 6 X 3954 3823
4083 5 X 4059 4060
3793 10 X 3687 3596
3759 10 X 3647 3599
3896 9 X 3793 3759
3790 10 X 3685 3596
3732 10 X 3618 3599
3890 9 X 3790 3732
3985 8 X 3896 3890
4063 6 X 3985 3822
3761 10 X 3649 3600
3897 9 X 3793 3761
3733 10 X 3619 3600
3891 9 X 3790 3733
3986 8 X 3897 3891
4064 6 X 3986 3823
4084 5 X 4063 4064
4095 4 X 4083 4084
424 23 X 252 3
707 22 X 424 3
1245 20 X 707 3
1646 19 X 1245 3
2136 17 X 1646 3
2436 16 X 2136 2135
2746 15 X 2436 2270
1384 19 X 707 3
426 23 X 252 18
1061 20 X 3 426
1472 19 X 1061 3
2119 17 X 1384 1472
2421 16 X 2119 2118
2731 15 X 2421 2270
3045 14 X 2746 2731
3311 13 X 3045 2270
3532 12 X 3311 2270
385 23 X 48 3
683 22 X 385 3
1242 20 X 683 3
1643 19 X 1242 3
1915 18 X 3 1643
2262 17 X 1915 3
233 24 X 7 110
409 23 X 233 232
695 22 X 409 199
1243 20 X 695 631
1644 19 X 1243 631
1950 18 X 631 1644
2269 17 X 1950 631
2570 16 X 2262 2269
2891 15 X 2570 2271
387 23 X 48 18
552 22 X 3 387
1070 20 X 3 552
1479 19 X 1070 3
1842 18 X 3 1479
2056 17 X 3 1842
209 24 X 1 110
207 24 X 1 93
398 23 X 209 207
633 22 X 232 398
1230 20 X 631 633
1632 19 X 1230 631
1947 18 X 631 1632
2110 17 X 631 1947
2361 16 X 2056 2110
2679 15 X 2361 2271
3149 14 X 2891 2679
3374 13 X 3149 2271
3595 12 X 3374 2271
3686 11 X 3532 3595
390 23 X 116 107
554 22 X 3 390
1071 20 X 3 554
1480 19 X 1071 3
1843 18 X 3 1480
2057 17 X 3 1843
210 24 X 1 116
208 24 X 1 107
399 23 X 210 208
634 22 X 232 399
1231 20 X 631 634
1633 19 X 1231 631
1948 18 X 631 1633
2111 17 X 631 1948
2362 16 X 2057 2111
2680 15 X 2362 2271
2979 14 X 2271 2680
3251 13 X 2979 2271
3464 12 X 3251 2273
3648 11 X 3435 3464
3830 9 X 3686 3648
159 25 X 18 93
302 24 X 160 159
481 23 X 303 302
163 25 X 74 125
309 24 X 163 161
496 23 X 309 302
891 21 X 481 496
1144 20 X 3 891
1535 19 X 1144 3
2027 17 X 3 1535
2328 16 X 2027 621
2648 15 X 2328 2270
2929 14 X 2270 2648
3212 13 X 2929 2270
3415 12 X 3212 2270
162 25 X 52 114
307 24 X 162 161
489 23 X 307 302
583 22 X 3 489
227 24 X 3 161
407 23 X 227 302
559 22 X 3 407
939 21 X 583 559
1166 20 X 3 939
1550 19 X 1166 3
1884 18 X 3 1550
2072 17 X 3 1884
2377 16 X 2072 631
2693 15 X 2377 2271
2986 14 X 2271 2693
3258 13 X 2986 2271
3472 12 X 3258 2271
3623 11 X 3415 3472
246 24 X 23 18
479 23 X 303 246
495 23 X 309 246
890 21 X 479 495
1143 20 X 3 890
1534 19 X 1143 3
2026 17 X 3 1534
2327 16 X 2026 621
2647 15 X 2327 2270
2928 14 X 2270 2647
3211 13 X 2928 2270
3414 12 X 3211 2270
488 23 X 307 246
582 22 X 3 488
406 23 X 227 246
558 22 X 3 406
938 21 X 582 558
1165 20 X 3 938
1549 19 X 1165 3
1883 18 X 3 1549
2071 17 X 3 1883
2376 16 X 2071 631
2692 15 X 2376 2271
2985 14 X 2271 2692
3257 13 X 2985 2271
3471 12 X 3257 2271
3622 11 X 3414 3471
3737 10 X 3623 3622
2321 16 X 2021 621
2643 15 X 2321 2270
2924 14 X 2270 2643
3207 13 X 2924 2270
3409 12 X 3207 2272
557 22 X 3 405
1072 20 X 3 557
1481 19 X 1072 3
1844 18 X 3 1481
2058 17 X 3 1844
2363 16 X 2058 631
2681 15 X 2363 2271
2980 14 X 2271 2681
3252 13 X 2980 2271
3466 12 X 3252 2273
3617 11 X 3409 3466
3868 9 X 3737 3617
3951 8 X 3830 3868
3950 8 X 3830 3822
4022 7 X 3951 3950
242 24 X 18 3
535 22 X 3 242
1068 20 X 3 535
1477 19 X 1068 3
2022 17 X 3 1477
2323 16 X 2022 621
2645 15 X 2323 2270
2926 14 X 2270 2645
3209 13 X 2926 2270
3412 12 X 3209 2270
250 24 X 49 3
421 23 X 250 242
560 22 X 3 421
1073 20 X 3 560
1482 19 X 1073 3
1845 18 X 3 1482
2059 17 X 3 1845
2364 16 X 2059 631
2682 15 X 2364 2271
2981 14 X 2271 2682
3253 13 X 2981 2271
3467 12 X 3253 2271
3620 11 X 3412 3467
2023 17 X 3 1478
2324 16 X 2023 621
2646 15 X 2324 2270
2927 14 X 2270 2646
3210 13 X 2927 2270
3413 12 X 3210 2272
1074 20 X 3 564
1483 19 X 1074 3
1846 18 X 3 1483
2060 17 X 3 1846
2365 16 X 2060 631
2683 15 X 2365 2271
2982 14 X 2271 2683
3254 13 X 2982 2271
3468 12 X 3254 2273
3621 11 X 3413 3468
3824 9 X 3620 3621
301 24 X 160 3
541 22 X 3 301
308 24 X 163 3
493 23 X 308 301
587 22 X 3 493
921 21 X 541 587
1155 20 X 3 921
1545 19 X 1155 3
2028 17 X 3 1545
2329 16 X 2028 621
2649 15 X 2329 2270
2930 14 X 2270 2649
3213 13 X 2930 2270
3416 12 X 3213 2270
306 24 X 162 3
486 23 X 306 301
580 22 X 3 486
378 23 X 3 301
547 22 X 3 378
936 21 X 580 547
1164 20 X 3 936
1548 19 X 1164 3
1882 18 X 3 1548
2070 17 X 3 1882
2375 16 X 2070 631
2691 15 X 2375 2271
2984 14 X 2271 2691
3256 13 X 2984 2271
3470 12 X 3256 2271
3624 11 X 3416 3470
245 24 X 23 3
476 23 X 301 245
574 22 X 3 476
491 23 X 308 245
585 22 X 3 491
930 21 X 574 585
1161 20 X 3 930
1546 19 X 1161 3
2029 17 X 3 1546
2330 16 X 2029 621
2650 15 X 2330 2270
2931 14 X 2270 2650
3214 13 X 2931 2270
3417 12 X 3214 2270
484 23 X 306 245
578 22 X 3 484
366 23 X 3 245
543 22 X 3 366
934 21 X 578 543
1163 20 X 3 934
1547 19 X 1163 3
1881 18 X 3 1547
2069 17 X 3 1881
2374 16 X 2069 631
2690 15 X 2374 2271
2983 14 X 2271 2690
3255 13 X 2983 2271
3469 12 X 3255 2271
3625 11 X 3417 3469
3739 10 X 3624 3625
3870 9 X 3739 3599
3942 8 X 3824 3870
103 26 X 3 34
170 25 X 103 3
315 24 X 170 3
502 23 X 315 170
593 22 X 3 502
144 26 X 18 25
188 25 X 144 18
340 24 X 188 3
341 24 X 188 170
524 23 X 340 341
612 22 X 3 524
1217 20 X 593 612
1618 19 X 1217 3
2040 17 X 3 1618
8 29 X 1 4
28 28 X 8 1
85 26 X 1 28
164 25 X 85 1
211 24 X 1 164
349 23 X 1 211
622 22 X 7 349
1369 19 X 622 621
2105 17 X 621 1369
2344 16 X 2040 2105
2664 15 X 2344 2270
2941 14 X 2270 2664
3224 13 X 2941 2270
3428 12 X 3224 2270
58 27 X 3 34
118 26 X 3 58
178 25 X 118 3
328 24 X 178 3
513 23 X 328 170
601 22 X 3 513
1367 19 X 601 3
54 27 X 3 25
150 26 X 49 54
192 25 X 150 49
345 24 X 192 3
529 23 X 345 341
617 22 X 3 529
1222 20 X 601 617
1624 19 X 1222 3
1961 18 X 1367 1624
2083 17 X 3 1961
212 24 X 1 170
393 23 X 199 212
632 22 X 232 393
1370 19 X 632 631
2109 17 X 631 1370
2391 16 X 2083 2109
2707 15 X 2391 2271
2996 14 X 2271 2707
3268 13 X 2996 2271
3483 12 X 3268 2271
3638 11 X 3428 3483
98 26 X 3 24
166 25 X 98 107
310 24 X 166 3
311 24 X 166 170
498 23 X 310 311
590 22 X 3 498
1216 20 X 593 590
1617 19 X 1216 3
2039 17 X 3 1617
2342 16 X 2039 2105
2662 15 X 2342 2270
2939 14 X 2270 2662
3222 13 X 2939 2270
3425 12 X 3222 2272
53 27 X 3 24
115 26 X 3 53
176 25 X 115 122
326 24 X 176 3
510 23 X 326 311
598 22 X 3 510
1221 20 X 601 598
1623 19 X 1221 3
1960 18 X 1367 1623
2082 17 X 3 1960
2389 16 X 2082 2109
2705 15 X 2389 2271
2994 14 X 2271 2705
3266 13 X 2994 2271
3480 12 X 3266 2273
3634 11 X 3425 3480
3826 9 X 3638 3634
229 24 X 3 170
362 23 X 3 229
542 22 X 3 362
304 24 X 160 170
478 23 X 301 304
576 22 X 3 478
494 23 X 308 304
588 22 X 3 494
932 21 X 576 588
1210 20 X 542 932
1610 19 X 1210 3
2036 17 X 3 1610
2338 16 X 2036 2105
2658 15 X 2338 2270
2936 14 X 2270 2658
216 24 X 3 103
357 23 X 3 216
659 22 X 357 3
1374 19 X 659 3
2019 17 X 3 1374
2317 16 X 2019 621
2582 15 X 2270 2317
2902 14 X 2270 2582
3219 13 X 2936 2902
226 24 X 3 159
360 23 X 3 226
662 22 X 360 3
1083 20 X 3 662
1491 19 X 1083 3
2025 17 X 3 1491
384 23 X 7 240
682 22 X 384 1
1223 20 X 621 682
1626 19 X 1223 621
2106 17 X 621 1626
2326 16 X 2025 2106
2585 15 X 2270 2326
3152 13 X 2270 2585
3422 12 X 3219 3152
1365 19 X 542 3
487 23 X 306 304
581 22 X 3 487
379 23 X 3 304
548 22 X 3 379
937 21 X 581 548
1212 20 X 542 937
1614 19 X 1212 3
1957 18 X 1365 1614
2079 17 X 3 1957
2386 16 X 2079 2109
2702 15 X 2386 2271
2992 14 X 2271 2702
2318 16 X 2019 631
2597 15 X 2271 2318
2963 14 X 2271 2597
3264 13 X 2992 2963
1853 18 X 3 1491
2062 17 X 3 1853
234 24 X 7 122
408 23 X 232 234
694 22 X 408 199
1232 20 X 631 694
1634 19 X 1232 631
1949 18 X 631 1634
2112 17 X 631 1949
2367 16 X 2062 2112
2601 15 X 2271 2367
3178 13 X 2271 2601
3478 12 X 3264 3178
3631 11 X 3422 3478
248 24 X 23 170
477 23 X 301 248
575 22 X 3 477
492 23 X 308 248
586 22 X 3 492
931 21 X 575 586
1209 20 X 542 931
1608 19 X 1209 3
2034 17 X 3 1608
2335 16 X 2034 2105
2655 15 X 2335 2270
2934 14 X 2270 2655
3217 13 X 2934 2902
213 24 X 3 18
354 23 X 3 213
656 22 X 354 3
1081 20 X 3 656
1489 19 X 1081 3
2024 17 X 3 1489
2325 16 X 2024 2106
2584 15 X 2270 2325
3151 13 X 2270 2584
3420 12 X 3217 3151
485 23 X 306 248
579 22 X 3 485
367 23 X 3 248
544 22 X 3 367
935 21 X 579 544
1211 20 X 542 935
1612 19 X 1211 3
1955 18 X 1365 1612
2077 17 X 3 1955
2383 16 X 2077 2109
2699 15 X 2383 2271
2990 14 X 2271 2699
3262 13 X 2990 2963
1852 18 X 3 1489
2061 17 X 3 1852
2366 16 X 2061 2112
2600 15 X 2271 2366
3177 13 X 2271 2600
3476 12 X 3262 3177
3629 11 X 3420 3476
3745 10 X 3631 3629
2018 17 X 3 1365
2315 16 X 2018 2105
2641 15 X 2315 2270
2923 14 X 2270 2641
664 22 X 362 3
1003 21 X 664 659
1441 19 X 1003 3
2020 17 X 3 1441
2319 16 X 2020 621
2583 15 X 2270 2319
2903 14 X 2270 2583
3205 13 X 2923 2903
3407 12 X 3205 2272
2316 16 X 2018 2109
2642 15 X 2316 2271
2977 14 X 2271 2642
2320 16 X 2020 631
2598 15 X 2271 2320
2964 14 X 2271 2598
3248 13 X 2977 2964
3461 12 X 3248 2273
3615 11 X 3407 3461
3877 9 X 3745 3615
3944 8 X 3826 3877
4018 7 X 3942 3944
4070 6 X 4022 4018
3465 12 X 3251 2275
3650 11 X 3436 3465
3831 9 X 3686 3650
3952 8 X 3831 3823
2343 16 X 2040 621
2663 15 X 2343 2270
2940 14 X 2270 2663
3223 13 X 2940 2270
3427 12 X 3223 2270
3637 11 X 3427 3483
2341 16 X 2039 621
2661 15 X 2341 2270
2938 14 X 2270 2661
3221 13 X 2938 2270
3424 12 X 3221 2274
3481 12 X 3266 2275
3633 11 X 3424 3481
3825 9 X 3637 3633
1203 20 X 542 576
1596 19 X 1203 3
2032 17 X 3 1596
2333 16 X 2032 621
2653 15 X 2333 2270
2933 14 X 2270 2653
3216 13 X 2933 2270
3419 12 X 3216 2270
1205 20 X 542 581
1600 19 X 1205 3
1953 18 X 1365 1600
2075 17 X 3 1953
2381 16 X 2075 2109
2697 15 X 2381 2271
2989 14 X 2271 2697
3261 13 X 2989 2271
3475 12 X 3261 2271
3628 11 X 3419 3475
1202 20 X 542 575
1594 19 X 1202 3
2030 17 X 3 1594
2331 16 X 2030 621
2651 15 X 2331 2270
2932 14 X 2270 2651
3215 13 X 2932 2270
3418 12 X 3215 2270
1204 20 X 542 579
1598 19 X 1204 3
1951 18 X 1365 1598
2073 17 X 3 1951
2378 16 X 2073 2109
2694 15 X 2378 2271
2987 14 X 2271 2694
3259 13 X 2987 2271
3473 12 X 3259 2271
3626 11 X 3418 3473
3742 10 X 3628 3626
2314 16 X 2018 621
2640 15 X 2314 2270
2922 14 X 2270 2640
3204 13 X 2922 2270
3406 12 X 3204 2274
3247 13 X 2977 2271
3460 12 X 3247 2275
3614 11 X 3406 3460
3873 9 X 3742 3614
3943 8 X 3825 3873
3426 12 X 3222 2274
3635 11 X 3426 3481
3827 9 X 3638 3635
1814 18 X 3 1441
2053 17 X 3 1814
2357 16 X 2053 621
2586 15 X 2270 2357
2904 14 X 2270 2586
3206 13 X 2923 2904
3408 12 X 3206 2274
2358 16 X 2053 631
2599 15 X 2271 2358
2965 14 X 2271 2599
3249 13 X 2977 2965
3462 12 X 3249 2275
3616 11 X 3408 3462
3878 9 X 3745 3616
3945 8 X 3827 3878
4019 7 X 3943 3945
4058 6 X 3952 4019
4087 5 X 4070 4058
3792 10 X 3686 3596
3760 10 X 3648 3599
3894 9 X 3792 3760
3736 10 X 3623 3596
3731 10 X 3617 3599
3867 9 X 3736 3731
3983 8 X 3894 3867
3982 8 X 3894 3822
4036 7 X 3983 3982
3734 10 X 3620 3596
3735 10 X 3621 3599
3866 9 X 3734 3735
3738 10 X 3624 3596
3869 9 X 3738 3599
3974 8 X 3866 3869
3752 10 X 3638 3596
3748 10 X 3634 3599
3881 9 X 3752 3748
3160 13 X 2270 2902
3385 12 X 3160 3151
3187 13 X 2271 2963
3399 12 X 3187 3177
3607 11 X 3385 3399
3744 10 X 3631 3607
3161 13 X 2270 2903
3386 12 X 3161 2272
3188 13 X 2271 2964
3400 12 X 3188 2273
3608 11 X 3386 3400
3729 10 X 3615 3608
3875 9 X 3744 3729
3978 8 X 3881 3875
4032 7 X 3974 3978
4074 6 X 4036 4032
3762 10 X 3650 3600
3895 9 X 3792 3762
3984 8 X 3895 3823
3751 10 X 3637 3596
3747 10 X 3633 3600
3880 9 X 3751 3747
3741 10 X 3628 3596
3728 10 X 3614 3600
3872 9 X 3741 3728
3977 8 X 3880 3872
3749 10 X 3635 3600
3882 9 X 3752 3749
3162 13 X 2270 2904
3387 12 X 3162 2274
3189 13 X 2271 2965
3401 12 X 3189 2275
3609 11 X 3387 3401
3730 10 X 3616 3609
3876 9 X 3744 3730
3979 8 X 3882 3876
4034 7 X 3977 3979
4062 6 X 3984 4034
4090 5 X 4074 4062
4097 4 X 4087 4090
4101 3 X 4095 4097
4105 2 X 4103 4101
3597 11 X 3154 3180
3017 14 X 2591 2270
3171 13 X 2270 3017
3022 14 X 2606 2271
3197 13 X 2271 3022
3598 11 X 3171 3197
3723 10 X 3597 3598
3864 9 X 3723 3599
3939 8 X 3822 3864
4015 7 X 3822 3939
840 21 X 3 706
1280 20 X 840 3
1685 19 X 1280 3
2143 17 X 1685 3
2443 16 X 2143 621
2753 15 X 2443 2270
1401 19 X 840 3
1779 18 X 3 1401
791 21 X 3 423
1096 20 X 3 791
1500 19 X 1096 3
1861 18 X 3 1500
2191 17 X 1779 1861
2497 16 X 2191 621
2808 15 X 2497 2270
3056 14 X 2753 2808
1110 20 X 3 840
1508 19 X 1110 3
1869 18 X 3 1508
2192 17 X 1779 1869
2498 16 X 2192 621
2809 15 X 2498 2270
3326 13 X 3056 2809
3547 12 X 3326 2270
828 21 X 3 667
1274 20 X 828 3
1678 19 X 1274 3
2138 17 X 1678 3
2438 16 X 2138 631
2748 15 X 2438 2271
1392 19 X 828 3
1770 18 X 3 1392
784 21 X 3 365
1090 20 X 3 784
1498 19 X 1090 3
1859 18 X 3 1498
2179 17 X 1770 1859
2483 16 X 2179 631
2791 15 X 2483 2271
3048 14 X 2748 2791
1103 20 X 3 828
1503 19 X 1103 3
1864 18 X 3 1503
2180 17 X 1770 1864
2484 16 X 2180 631
2792 15 X 2484 2271
3314 13 X 3048 2792
3535 12 X 3314 2271
3689 11 X 3547 3535
2065 17 X 3 1861
2370 16 X 2065 621
2686 15 X 2370 2270
3055 14 X 2753 2686
3117 14 X 2809 2270
3325 13 X 3055 3117
3546 12 X 3325 2270
2063 17 X 3 1859
2368 16 X 2063 631
2684 15 X 2368 2271
3047 14 X 2748 2684
3103 14 X 2792 2271
3313 13 X 3047 3103
3534 12 X 3313 2271
3688 11 X 3546 3534
3795 10 X 3689 3688
3899 9 X 3795 3599
850 21 X 3 739
1284 20 X 850 3
1691 19 X 1284 3
2147 17 X 1691 3
2447 16 X 2147 621
2757 15 X 2447 2270
1407 19 X 850 3
1785 18 X 3 1407
794 21 X 3 458
1098 20 X 3 794
1501 19 X 1098 3
1862 18 X 3 1501
2199 17 X 1785 1862
2505 16 X 2199 621
2819 15 X 2505 2270
3062 14 X 2757 2819
1115 20 X 3 850
1511 19 X 1115 3
1872 18 X 3 1511
2200 17 X 1785 1872
2506 16 X 2200 621
2820 15 X 2506 2270
3335 13 X 3062 2820
3556 12 X 3335 2270
829 21 X 3 668
1275 20 X 829 3
1679 19 X 1275 3
2139 17 X 1679 3
2439 16 X 2139 631
2749 15 X 2439 2271
1393 19 X 829 3
1771 18 X 3 1393
785 21 X 3 368
1091 20 X 3 785
1499 19 X 1091 3
1860 18 X 3 1499
2181 17 X 1771 1860
2485 16 X 2181 631
2793 15 X 2485 2271
3050 14 X 2749 2793
1104 20 X 3 829
1504 19 X 1104 3
1865 18 X 3 1504
2182 17 X 1771 1865
2486 16 X 2182 631
2794 15 X 2486 2271
3317 13 X 3050 2794
3538 12 X 3317 2271
3698 11 X 3556 3538
2066 17 X 3 1862
2371 16 X 2066 621
2687 15 X 2371 2270
3061 14 X 2757 2687
3124 14 X 2820 2270
3333 13 X 3061 3124
3554 12 X 3333 2270
2064 17 X 3 1860
2369 16 X 2064 631
2685 15 X 2369 2271
3049 14 X 2749 2685
3104 14 X 2794 2271
3315 13 X 3049 3104
3536 12 X 3315 2271
3696 11 X 3554 3536
3800 10 X 3698 3696
3904 9 X 3800 3599
3989 8 X 3899 3904
2821 15 X 2506 2475
3336 13 X 3062 2821
836 21 X 3 677
1398 19 X 836 3
1776 18 X 3 1398
1107 20 X 3 836
1507 19 X 1107 3
1868 18 X 3 1507
2188 17 X 1776 1868
2494 16 X 2188 621
2805 15 X 2494 2479
3155 13 X 2270 2805
3557 12 X 3336 3155
2795 15 X 2486 2476
3318 13 X 3050 2795
827 21 X 3 653
1391 19 X 827 3
1769 18 X 3 1391
1102 20 X 3 827
1502 19 X 1102 3
1863 18 X 3 1502
2178 17 X 1769 1863
2482 16 X 2178 631
2790 15 X 2482 2480
3182 13 X 2271 2790
3539 12 X 3318 3182
3699 11 X 3557 3539
3125 14 X 2821 2270
3334 13 X 3061 3125
3114 14 X 2805 2270
3176 13 X 2270 3114
3555 12 X 3334 3176
3105 14 X 2795 2271
3316 13 X 3049 3105
3102 14 X 2790 2271
3201 13 X 2271 3102
3537 12 X 3316 3201
3697 11 X 3555 3537
3802 10 X 3699 3697
3906 9 X 3802 3599
3990 8 X 3899 3906
4038 7 X 3989 3990
4067 6 X 4015 4038
228 24 X 3 168
361 23 X 3 228
663 22 X 361 3
215 24 X 3 101
356 23 X 3 215
658 22 X 356 3
1002 21 X 663 658
1190 20 X 3 1002
1578 19 X 1190 3
1910 18 X 3 1578
2290 16 X 1910 621
2579 15 X 2270 2290
2899 14 X 2270 2579
3157 13 X 2270 2899
3381 12 X 3157 2274
3603 11 X 3381 3397
3724 10 X 3603 3600
3865 9 X 3723 3724
3941 8 X 3823 3865
4017 7 X 3823 3941
2067 17 X 3 1877
2372 16 X 2067 621
2688 15 X 2372 2270
3069 14 X 2762 2688
3130 14 X 2834 2270
3344 13 X 3069 3130
3565 12 X 3344 2270
2054 17 X 3 1840
2359 16 X 2054 631
2677 15 X 2359 2271
3041 14 X 2744 2677
3095 14 X 2781 2271
3305 13 X 3041 3095
3526 12 X 3305 2271
3702 11 X 3565 3526
3806 10 X 3703 3702
3914 9 X 3806 3600
2068 17 X 3 1880
2373 16 X 2068 621
2689 15 X 2373 2270
3086 14 X 2770 2689
3142 14 X 2850 2270
3361 13 X 3086 3142
3582 12 X 3361 2270
2055 17 X 3 1841
2360 16 X 2055 631
2678 15 X 2360 2271
3043 14 X 2745 2678
3096 14 X 2783 2271
3307 13 X 3043 3096
3528 12 X 3307 2271
3712 11 X 3582 3528
3815 10 X 3715 3712
3927 9 X 3815 3600
4006 8 X 3914 3927
3143 14 X 2851 2270
3362 13 X 3086 3143
3012 14 X 2479 2270
3166 13 X 2270 3012
3583 12 X 3362 3166
3097 14 X 2784 2271
3308 13 X 3043 3097
3094 14 X 2779 2271
3198 13 X 2271 3094
3529 12 X 3308 3198
3713 11 X 3583 3529
3817 10 X 3716 3713
3931 9 X 3817 3600
4007 8 X 3914 3931
4046 7 X 4006 4007
4069 6 X 4017 4046
4086 5 X 4067 4069
3722 10 X 3597 3596
3862 9 X 3722 3599
3938 8 X 3822 3862
4014 7 X 3822 3938
3794 10 X 3689 3596
3898 9 X 3794 3599
3799 10 X 3698 3596
3903 9 X 3799 3599
3987 8 X 3898 3903
3801 10 X 3699 3601
3905 9 X 3801 3599
3988 8 X 3898 3905
4037 7 X 3987 3988
4066 6 X 4014 4037
3863 9 X 3722 3724
3940 8 X 3823 3863
4016 7 X 3823 3940
3911 9 X 3805 3600
3924 9 X 3814 3600
4000 8 X 3911 3924
3928 9 X 3816 3600
4001 8 X 3911 3928
4043 7 X 4000 4001
4068 6 X 4016 4043
4085 5 X 4066 4068
4096 4 X 4086 4085
422 23 X 251 3
705 22 X 422 3
839 21 X 3 705
1686 19 X 1280 839
790 21 X 3 422
1095 20 X 3 790
1354 19 X 3 1095
2144 17 X 1686 1354
2444 16 X 2144 621
2754 15 X 2444 2270
815 21 X 3 593
154 26 X 72 25
195 25 X 154 153
346 24 X 195 3
141 26 X 10 25
185 25 X 141 139
336 24 X 185 170
530 23 X 346 336
618 22 X 3 530
825 21 X 3 618
1267 20 X 815 825
501 23 X 315 3
592 22 X 3 501
814 21 X 3 592
11 29 X 2 5
32 28 X 11 10
80 27 X 25 32
156 26 X 72 80
196 25 X 156 72
347 24 X 196 3
531 23 X 347 3
619 22 X 3 531
826 21 X 3 619
1265 20 X 814 826
1671 19 X 1267 1265
797 21 X 3 502
803 21 X 3 530
1252 20 X 797 803
796 21 X 3 501
804 21 X 3 531
1251 20 X 796 804
1654 19 X 1252 1251
1997 18 X 1671 1654
2099 17 X 3 1997
2407 16 X 2099 621
2723 15 X 2407 2270
3058 14 X 2754 2723
1402 19 X 840 839
1780 18 X 3 1402
855 21 X 3 752
1117 20 X 3 855
1109 20 X 3 839
1515 19 X 1117 1109
1876 18 X 3 1515
2194 17 X 1780 1876
2500 16 X 2194 621
2811 15 X 2500 2270
3119 14 X 2811 2270
3328 13 X 3058 3119
3549 12 X 3328 2270
838 21 X 3 704
1279 20 X 838 3
418 23 X 249 3
703 22 X 418 3
837 21 X 3 703
1684 19 X 1279 837
788 21 X 3 418
1093 20 X 3 788
1352 19 X 3 1093
2142 17 X 1684 1352
2442 16 X 2142 631
2752 15 X 2442 2271
818 21 X 3 601
147 26 X 48 54
189 25 X 147 145
342 24 X 189 3
525 23 X 342 336
613 22 X 3 525
821 21 X 3 613
1272 20 X 818 821
512 23 X 328 3
600 22 X 3 512
817 21 X 3 600
56 27 X 3 32
148 26 X 48 56
190 25 X 148 48
343 24 X 190 3
526 23 X 343 3
614 22 X 3 526
822 21 X 3 614
1270 20 X 817 822
1675 19 X 1272 1270
800 21 X 3 513
801 21 X 3 525
1256 20 X 800 801
799 21 X 3 512
802 21 X 3 526
1255 20 X 799 802
1658 19 X 1256 1255
2001 18 X 1675 1658
2102 17 X 3 2001
2410 16 X 2102 631
2726 15 X 2410 2271
3054 14 X 2752 2726
1400 19 X 838 837
1778 18 X 3 1400
853 21 X 3 750
1116 20 X 3 853
1108 20 X 3 837
1513 19 X 1116 1108
1874 18 X 3 1513
2190 17 X 1778 1874
2496 16 X 2190 631
2807 15 X 2496 2271
3116 14 X 2807 2271
3324 13 X 3054 3116
3545 12 X 3324 2271
3691 11 X 3549 3545
1263 20 X 814 3
1667 19 X 1263 3
1250 20 X 796 3
1652 19 X 1250 3
1995 18 X 1667 1652
2098 17 X 3 1995
2406 16 X 2098 621
2722 15 X 2406 2270
2946 14 X 2270 2722
3230 13 X 2946 2270
3434 12 X 3230 2272
1268 20 X 817 3
1672 19 X 1268 3
1253 20 X 799 3
1655 19 X 1253 3
1998 18 X 1672 1655
2100 17 X 3 1998
2408 16 X 2100 631
2724 15 X 2408 2271
3001 14 X 2271 2724
3274 13 X 3001 2271
3491 12 X 3274 2273
3645 11 X 3434 3491
509 23 X 326 3
597 22 X 3 509
816 21 X 3 597
1269 20 X 817 816
1673 19 X 1269 3
798 21 X 3 509
1254 20 X 799 798
1656 19 X 1254 3
1999 18 X 1673 1656
2101 17 X 3 1999
2409 16 X 2101 631
2725 15 X 2409 2271
3002 14 X 2271 2725
3275 13 X 3002 2271
3492 12 X 3275 2273
3646 11 X 3434 3492
3758 10 X 3645 3646
3834 9 X 3691 3758
848 21 X 3 733
1283 20 X 848 3
448 23 X 280 3
729 22 X 448 3
844 21 X 3 729
1690 19 X 1283 844
792 21 X 3 448
1097 20 X 3 792
1355 19 X 3 1097
2146 17 X 1690 1355
2446 16 X 2146 621
2756 15 X 2446 2270
805 21 X 3 542
256 24 X 97 170
450 23 X 280 256
568 22 X 3 450
810 21 X 3 568
1260 20 X 805 810
566 22 X 3 448
809 21 X 3 566
1100 20 X 3 809
1663 19 X 1260 1100
783 21 X 3 362
793 21 X 3 450
1249 20 X 783 793
1651 19 X 1249 1097
1994 18 X 1663 1651
2097 17 X 3 1994
2405 16 X 2097 621
2721 15 X 2405 2270
3060 14 X 2756 2721
1406 19 X 848 844
1784 18 X 3 1406
845 21 X 3 730
1113 20 X 3 845
1112 20 X 3 844
1510 19 X 1113 1112
1871 18 X 3 1510
2198 17 X 1784 1871
2504 16 X 2198 621
2817 15 X 2504 2270
3122 14 X 2817 2270
3331 13 X 3060 3122
3552 12 X 3331 2270
835 21 X 3 676
1278 20 X 835 3
1682 19 X 1278 3
2140 17 X 1682 3
2440 16 X 2140 631
2750 15 X 2440 2271
371 23 X 3 256
546 22 X 3 371
807 21 X 3 546
1258 20 X 805 807
1660 19 X 1258 3
786 21 X 3 371
1248 20 X 783 786
1649 19 X 1248 3
1992 18 X 1660 1649
2096 17 X 3 1992
2404 16 X 2096 631
2720 15 X 2404 2271
3051 14 X 2750 2720
1397 19 X 835 3
1775 18 X 3 1397
830 21 X 3 669
1105 20 X 3 830
1505 19 X 1105 3
1866 18 X 3 1505
2186 17 X 1775 1866
2491 16 X 2186 631
2801 15 X 2491 2271
3106 14 X 2801 2271
3319 13 X 3051 3106
3540 12 X 3319 2271
3694 11 X 3552 3540
3835 9 X 3694 3599
3955 8 X 3834 3835
2818 15 X 2504 2417
3123 14 X 2818 2270
3332 13 X 3060 3123
831 21 X 3 670
1106 20 X 3 831
1506 19 X 1106 3
1867 18 X 3 1506
2187 17 X 1776 1867
2492 16 X 2187 621
2803 15 X 2492 2419
3110 14 X 2803 2270
3174 13 X 2270 3110
3553 12 X 3332 3174
2802 15 X 2491 2418
3108 14 X 2802 2271
3320 13 X 3051 3108
2493 16 X 2187 631
2804 15 X 2493 2420
3112 14 X 2804 2271
3202 13 X 2271 3112
3541 12 X 3320 3202
3695 11 X 3553 3541
3836 9 X 3695 3599
3956 8 X 3834 3836
4023 7 X 3955 3956
4051 6 X 3822 4023
416 23 X 241 3
702 22 X 416 3
1008 21 X 702 705
1727 19 X 1320 1008
881 21 X 416 422
1137 20 X 3 881
1358 19 X 3 1137
2153 17 X 1727 1358
2453 16 X 2153 621
2763 15 X 2453 2270
335 24 X 185 3
520 23 X 335 336
608 22 X 3 520
954 21 X 608 618
1218 20 X 593 954
142 26 X 10 32
186 25 X 142 10
337 24 X 186 3
521 23 X 337 3
609 22 X 3 521
956 21 X 609 619
1215 20 X 592 956
1621 19 X 1218 1215
907 21 X 520 530
1200 20 X 502 907
909 21 X 521 531
1199 20 X 501 909
1591 19 X 1200 1199
1991 18 X 1621 1591
2095 17 X 3 1991
2403 16 X 2095 621
2719 15 X 2403 2270
3074 14 X 2763 2719
1423 19 X 974 839
1797 18 X 3 1423
1574 19 X 1186 1109
1906 18 X 3 1574
2215 17 X 1797 1906
2521 16 X 2215 621
2836 15 X 2521 2270
3132 14 X 2836 2270
3349 13 X 3074 3132
3570 12 X 3349 2270
1007 21 X 702 703
1725 19 X 1319 1007
880 21 X 416 418
1136 20 X 3 880
1357 19 X 3 1136
2151 17 X 1725 1357
2451 16 X 2151 631
2761 15 X 2451 2271
944 21 X 593 601
953 21 X 608 613
1307 20 X 944 953
943 21 X 592 600
955 21 X 609 614
1306 20 X 943 955
1713 19 X 1307 1306
897 21 X 502 513
906 21 X 520 525
1296 20 X 897 906
896 21 X 501 512
908 21 X 521 526
1295 20 X 896 908
1702 19 X 1296 1295
2008 18 X 1713 1702
2104 17 X 3 2008
2412 16 X 2104 631
2728 15 X 2412 2271
3068 14 X 2761 2728
1421 19 X 973 837
1795 18 X 3 1421
1572 19 X 1185 1108
1904 18 X 3 1572
2211 17 X 1795 1904
2517 16 X 2211 631
2832 15 X 2517 2271
3129 14 X 2832 2271
3343 13 X 3068 3129
3564 12 X 3343 2271
3707 11 X 3570 3564
1213 20 X 592 3
1616 19 X 1213 3
1198 20 X 501 3
1589 19 X 1198 3
1989 18 X 1616 1589
2094 17 X 3 1989
2402 16 X 2094 621
2718 15 X 2402 2270
2945 14 X 2270 2718
3229 13 X 2945 2270
3433 12 X 3229 2274
497 23 X 310 3
589 22 X 3 497
940 21 X 589 597
1305 20 X 943 940
1711 19 X 1305 3
893 21 X 497 509
1294 20 X 896 893
1700 19 X 1294 3
2006 18 X 1711 1700
2103 17 X 3 2006
2411 16 X 2103 631
2727 15 X 2411 2271
3003 14 X 2271 2727
3276 13 X 3003 2271
3493 12 X 3276 2275
3644 11 X 3433 3493
3846 9 X 3707 3644
433 23 X 269 3
714 22 X 433 3
457 23 X 284 3
738 22 X 457 3
1023 21 X 714 738
1737 19 X 1326 1023
888 21 X 433 457
1141 20 X 3 888
1362 19 X 3 1141
2161 17 X 1737 1362
2461 16 X 2161 621
2771 15 X 2461 2270
429 23 X 254 256
561 22 X 3 429
1201 20 X 542 561
562 22 X 3 433
570 22 X 3 457
928 21 X 562 570
1159 20 X 3 928
1593 19 X 1201 1159
1194 20 X 362 429
1582 19 X 1194 1141
1982 18 X 1593 1582
2090 17 X 3 1982
2398 16 X 2090 621
2714 15 X 2398 2270
3090 14 X 2771 2714
849 21 X 3 738
1434 19 X 989 849
1808 18 X 3 1434
1114 20 X 3 849
1485 19 X 1077 1114
1848 18 X 3 1485
2228 17 X 1808 1848
2534 16 X 2228 621
2852 15 X 2534 2270
3144 14 X 2852 2270
3367 13 X 3090 3144
3588 12 X 3367 2270
446 23 X 279 3
727 22 X 446 3
1021 21 X 714 727
1733 19 X 1324 1021
886 21 X 433 446
1139 20 X 3 886
1360 19 X 3 1139
2157 17 X 1733 1360
2457 16 X 2157 631
2767 15 X 2457 2271
435 23 X 271 256
563 22 X 3 435
923 21 X 561 563
1207 20 X 542 923
565 22 X 3 446
926 21 X 562 565
1157 20 X 3 926
1605 19 X 1207 1157
883 21 X 429 435
1196 20 X 362 883
1586 19 X 1196 1139
1986 18 X 1605 1586
2092 17 X 3 1986
2400 16 X 2092 631
2716 15 X 2400 2271
3081 14 X 2767 2716
843 21 X 3 727
1430 19 X 987 843
1804 18 X 3 1430
1111 20 X 3 843
1559 19 X 1174 1111
1892 18 X 3 1559
2222 17 X 1804 1892
2528 16 X 2222 631
2844 15 X 2528 2271
3137 14 X 2844 2271
3356 13 X 3081 3137
3577 12 X 3356 2271
3718 11 X 3588 3577
3856 9 X 3718 3600
3973 8 X 3846 3856
1022 21 X 714 729
1735 19 X 1325 1022
887 21 X 433 448
1140 20 X 3 887
1361 19 X 3 1140
2159 17 X 1735 1361
2459 16 X 2159 621
2769 15 X 2459 2270
924 21 X 561 568
1208 20 X 542 924
927 21 X 562 566
1158 20 X 3 927
1607 19 X 1208 1158
884 21 X 429 450
1197 20 X 362 884
1588 19 X 1197 1140
1988 18 X 1607 1588
2093 17 X 3 1988
2401 16 X 2093 621
2717 15 X 2401 2270
3085 14 X 2769 2717
1432 19 X 988 844
1806 18 X 3 1432
1561 19 X 1175 1112
1894 18 X 3 1561
2224 17 X 1806 1894
2530 16 X 2224 621
2847 15 X 2530 2417
3140 14 X 2847 2270
3360 13 X 3085 3140
3098 14 X 2787 2270
3172 13 X 2270 3098
3581 12 X 3360 3172
1020 21 X 714 3
1731 19 X 1323 1020
885 21 X 433 3
1138 20 X 3 885
1359 19 X 3 1138
2155 17 X 1731 1359
2455 16 X 2155 631
2765 15 X 2455 2271
922 21 X 561 546
1206 20 X 542 922
925 21 X 562 3
1156 20 X 3 925
1603 19 X 1206 1156
882 21 X 429 371
1195 20 X 362 882
1584 19 X 1195 1138
1984 18 X 1603 1584
2091 17 X 3 1984
2399 16 X 2091 631
2715 15 X 2399 2271
3078 14 X 2765 2715
3134 14 X 2842 2271
3353 13 X 3078 3134
3100 14 X 2788 2271
3199 13 X 2271 3100
3574 12 X 3353 3199
3711 11 X 3581 3574
3850 9 X 3711 3600
3972 8 X 3846 3850
4031 7 X 3973 3972
4055 6 X 3823 4031
4080 5 X 4051 4055
778 22 X 530 3
860 21 X 3 778
1411 19 X 860 3
1789 18 X 3 1411
1670 19 X 1267 3
1653 19 X 1252 3
1996 18 X 1670 1653
2204 17 X 1789 1996
2510 16 X 2204 621
2825 15 X 2510 2270
3057 14 X 2753 2825
1514 19 X 1117 3
1875 18 X 3 1514
2193 17 X 1779 1875
2499 16 X 2193 621
2810 15 X 2499 2270
856 21 X 3 754
1409 19 X 856 3
1787 18 X 3 1409
852 21 X 3 744
1286 20 X 852 856
1693 19 X 1286 3
1922 18 X 3 1693
2202 17 X 1787 1922
2508 16 X 2202 621
2823 15 X 2508 2270
3118 14 X 2810 2823
3327 13 X 3057 3118
3548 12 X 3327 2270
1683 19 X 1279 3
2141 17 X 1683 3
2441 16 X 2141 631
2751 15 X 2441 2271
776 22 X 525 3
859 21 X 3 776
1410 19 X 859 3
1788 18 X 3 1410
1674 19 X 1272 3
1657 19 X 1256 3
2000 18 X 1674 1657
2203 17 X 1788 2000
2509 16 X 2203 631
2824 15 X 2509 2271
3053 14 X 2751 2824
1399 19 X 838 3
1777 18 X 3 1399
1512 19 X 1116 3
1873 18 X 3 1512
2189 17 X 1777 1873
2495 16 X 2189 631
2806 15 X 2495 2271
854 21 X 3 751
1408 19 X 854 3
1786 18 X 3 1408
842 21 X 3 718
1282 20 X 842 854
1688 19 X 1282 3
1920 18 X 3 1688
2201 17 X 1786 1920
2507 16 X 2201 631
2822 15 X 2507 2271
3115 14 X 2806 2822
3323 13 X 3053 3115
3544 12 X 3323 2271
3690 11 X 3548 3544
3796 10 X 3690 3596
758 22 X 501 3
857 21 X 3 758
1287 20 X 857 3
1694 19 X 1287 3
1923 18 X 3 1694
2264 17 X 1923 1995
2572 16 X 2264 621
2893 15 X 2572 2270
2957 14 X 2270 2893
462 23 X 288 3
743 22 X 462 3
851 21 X 3 743
1285 20 X 851 3
1692 19 X 1285 3
1921 18 X 3 1692
2296 16 X 1921 621
2624 15 X 2296 2270
2915 14 X 2270 2624
3245 13 X 2957 2915
3457 12 X 3245 2272
767 22 X 512 3
858 21 X 3 767
1288 20 X 858 3
1695 19 X 1288 3
1924 18 X 3 1695
2265 17 X 1924 1998
2573 16 X 2265 631
2894 15 X 2573 2271
3009 14 X 2271 2894
436 23 X 272 3
717 22 X 436 3
841 21 X 3 717
1281 20 X 841 3
1687 19 X 1281 3
1919 18 X 3 1687
2295 16 X 1919 631
2623 15 X 2295 2271
2972 14 X 2271 2623
3283 13 X 3009 2972
3501 12 X 3283 2273
3671 11 X 3457 3501
3783 10 X 3671 3599
3900 9 X 3796 3783
1689 19 X 1283 3
2145 17 X 1689 3
2445 16 X 2145 621
2755 15 X 2445 2270
731 22 X 450 3
846 21 X 3 731
1403 19 X 846 3
1781 18 X 3 1403
1662 19 X 1260 3
1650 19 X 1249 3
1993 18 X 1662 1650
2195 17 X 1781 1993
2501 16 X 2195 621
2812 15 X 2501 2270
3059 14 X 2755 2812
1405 19 X 848 3
1783 18 X 3 1405
1509 19 X 1113 3
1870 18 X 3 1509
2197 17 X 1783 1870
2503 16 X 2197 621
2815 15 X 2503 2270
847 21 X 3 732
1404 19 X 847 3
1782 18 X 3 1404
833 21 X 3 672
1277 20 X 833 847
1681 19 X 1277 3
1918 18 X 3 1681
2196 17 X 1782 1918
2502 16 X 2196 621
2813 15 X 2502 2270
3120 14 X 2815 2813
3329 13 X 3059 3120
3550 12 X 3329 2270
671 22 X 371 3
832 21 X 3 671
1395 19 X 832 3
1773 18 X 3 1395
2184 17 X 1773 1992
2489 16 X 2184 631
2798 15 X 2489 2271
3052 14 X 2750 2798
834 21 X 3 673
1396 19 X 834 3
1774 18 X 3 1396
1276 20 X 833 834
1680 19 X 1276 3
1917 18 X 3 1680
2185 17 X 1774 1917
2490 16 X 2185 631
2799 15 X 2490 2271
3107 14 X 2801 2799
3321 13 X 3052 3107
3542 12 X 3321 2271
3692 11 X 3550 3542
3797 10 X 3692 3596
3901 9 X 3797 3599
3991 8 X 3900 3901
2816 15 X 2503 2417
2814 15 X 2502 2276
3121 14 X 2816 2814
3330 13 X 3059 3121
1394 19 X 831 3
1772 18 X 3 1394
2183 17 X 1772 1867
2487 16 X 2183 621
2796 15 X 2487 2413
3111 14 X 2803 2796
3175 13 X 2270 3111
3551 12 X 3330 3175
2800 15 X 2490 2277
3109 14 X 2802 2800
3322 13 X 3052 3109
2488 16 X 2183 631
2797 15 X 2488 2414
3113 14 X 2804 2797
3203 13 X 2271 3113
3543 12 X 3322 3203
3693 11 X 3551 3543
3798 10 X 3693 3613
3902 9 X 3798 3599
3992 8 X 3900 3902
4039 7 X 3991 3992
4053 6 X 3822 4039
774 22 X 520 3
1050 21 X 774 778
1463 19 X 1050 3
1835 18 X 3 1463
1620 19 X 1218 3
1590 19 X 1200 3
1990 18 X 1620 1590
2251 17 X 1835 1990
2559 16 X 2251 621
2880 15 X 2559 2270
3072 14 X 2762 2880
3347 13 X 3072 3131
3568 12 X 3347 2270
1049 21 X 774 776
1462 19 X 1049 3
1834 18 X 3 1462
1712 19 X 1307 3
1701 19 X 1296 3
2007 18 X 1712 1701
2250 17 X 1834 2007
2558 16 X 2250 631
2879 15 X 2558 2271
3066 14 X 2760 2879
3341 13 X 3066 3128
3562 12 X 3341 2271
3705 11 X 3568 3562
3808 10 X 3705 3596
1247 20 X 758 3
1648 19 X 1247 3
1916 18 X 3 1648
2263 17 X 1916 1989
2571 16 X 2263 621
2892 15 X 2571 2270
2956 14 X 2270 2892
499 23 X 314 3
756 22 X 499 3
1028 21 X 756 743
1339 20 X 1028 3
1749 19 X 1339 3
1939 18 X 3 1749
2302 16 X 1939 621
2630 15 X 2302 2270
2918 14 X 2270 2630
3244 13 X 2956 2918
3456 12 X 3244 2274
1033 21 X 758 767
755 22 X 497 3
765 22 X 509 3
1026 21 X 755 765
1344 20 X 1033 1026
1754 19 X 1344 3
1944 18 X 3 1754
2268 17 X 1944 2006
2576 16 X 2268 631
2897 15 X 2576 2271
3011 14 X 2271 2897
1027 21 X 756 717
506 23 X 320 3
762 22 X 506 3
441 23 X 275 3
722 22 X 441 3
1044 21 X 762 722
1338 20 X 1027 1044
1748 19 X 1338 3
1938 18 X 3 1748
2301 16 X 1938 631
2629 15 X 2301 2271
2975 14 X 2271 2629
3285 13 X 3011 2975
3504 12 X 3285 2275
3670 11 X 3456 3504
3782 10 X 3670 3600
3916 9 X 3808 3782
710 22 X 429 3
1386 19 X 710 3
1768 18 X 3 1386
1592 19 X 1201 3
1581 19 X 1194 3
1981 18 X 1592 1581
2177 17 X 1768 1981
2481 16 X 2177 621
2789 15 X 2481 2270
3087 14 X 2770 2789
3363 13 X 3087 3141
3584 12 X 3363 2270
716 22 X 435 3
1010 21 X 710 716
1444 19 X 1010 3
1816 18 X 3 1444
1604 19 X 1207 3
1585 19 X 1196 3
1985 18 X 1604 1585
2236 17 X 1816 1985
2542 16 X 2236 631
2861 15 X 2542 2271
3079 14 X 2766 2861
3354 13 X 3079 3136
3575 12 X 3354 2271
3714 11 X 3584 3575
3813 10 X 3714 3596
503 23 X 316 3
759 22 X 503 3
438 23 X 273 3
719 22 X 438 3
1035 21 X 759 719
1346 20 X 1035 3
1756 19 X 1346 3
1946 18 X 3 1756
2306 16 X 1946 621
2634 15 X 2306 2270
2921 14 X 2270 2634
3165 13 X 2270 2921
3390 12 X 3165 2274
1453 19 X 1035 3
1825 18 X 3 1453
2281 16 X 1825 631
2608 15 X 2281 2271
2967 14 X 2271 2608
3191 13 X 2271 2967
3403 12 X 3191 2275
3612 11 X 3390 3403
3727 10 X 3612 3600
3923 9 X 3813 3727
4010 8 X 3916 3923
1011 21 X 710 731
1445 19 X 1011 3
1817 18 X 3 1445
1606 19 X 1208 3
1587 19 X 1197 3
1987 18 X 1606 1587
2237 17 X 1817 1987
2543 16 X 2237 621
2862 15 X 2543 2270
3083 14 X 2768 2862
3358 13 X 3083 3139
3579 12 X 3358 3173
1009 21 X 710 671
1443 19 X 1009 3
1815 18 X 3 1443
1602 19 X 1206 3
1583 19 X 1195 3
1983 18 X 1602 1583
2235 17 X 1815 1983
2541 16 X 2235 631
2860 15 X 2541 2271
3076 14 X 2764 2860
3351 13 X 3076 3135
3572 12 X 3351 3200
3709 11 X 3579 3572
3811 10 X 3709 3613
1034 21 X 759 3
1345 20 X 1034 3
1755 19 X 1345 3
1945 18 X 3 1755
2305 16 X 1945 621
2633 15 X 2305 2270
2920 14 X 2270 2633
3164 13 X 2270 2920
3389 12 X 3164 2274
1452 19 X 1034 3
1824 18 X 3 1452
2280 16 X 1824 631
2607 15 X 2280 2271
2966 14 X 2271 2607
3190 13 X 2271 2966
3402 12 X 3190 2275
3611 11 X 3389 3402
3726 10 X 3611 3600
3920 9 X 3811 3726
4009 8 X 3916 3920
4048 7 X 4010 4009
4057 6 X 3823 4048
4082 5 X 4053 4057
4094 4 X 4080 4082
4102 3 X 4096 4094
4078 5 X 3822 3823
417 23 X 242 3
787 21 X 3 417
1092 20 X 3 787
1351 19 X 3 1092
2015 17 X 3 1351
2311 16 X 2015 621
2637 15 X 2311 2270
820 21 X 3 612
1266 20 X 815 820
523 23 X 340 3
611 22 X 3 523
819 21 X 3 611
1264 20 X 814 819
1669 19 X 1266 1264
2047 17 X 3 1669
2351 16 X 2047 621
2671 15 X 2351 2270
3026 14 X 2637 2671
3289 13 X 3026 2270
3508 12 X 3289 2270
420 23 X 250 3
789 21 X 3 420
1094 20 X 3 789
1353 19 X 3 1094
1759 18 X 3 1353
2051 17 X 3 1759
2355 16 X 2051 631
2675 15 X 2355 2271
1390 19 X 818 817
824 21 X 3 617
1273 20 X 818 824
528 23 X 345 3
616 22 X 3 528
823 21 X 3 616
1271 20 X 817 823
1677 19 X 1273 1271
1967 18 X 1390 1677
2089 17 X 3 1967
2397 16 X 2089 631
2713 15 X 2397 2271
3034 14 X 2675 2713
3297 13 X 3034 2271
3518 12 X 3297 2271
3677 11 X 3508 3518
2045 17 X 3 1667
2349 16 X 2045 621
2669 15 X 2349 2270
2943 14 X 2270 2669
3227 13 X 2943 2270
3431 12 X 3227 2272
2048 17 X 3 1672
2352 16 X 2048 631
2672 15 X 2352 2271
2978 14 X 2271 2672
3250 13 X 2978 2271
3463 12 X 3250 2273
3641 11 X 3431 3463
1388 19 X 817 3
1965 18 X 1388 1673
2087 17 X 3 1965
2395 16 X 2087 631
2711 15 X 2395 2271
2999 14 X 2271 2711
3272 13 X 2999 2271
3489 12 X 3272 2273
3642 11 X 3431 3489
3756 10 X 3641 3642
3829 9 X 3677 3756
490 23 X 308 3
795 21 X 3 490
1099 20 X 3 795
1356 19 X 3 1099
2016 17 X 3 1356
2312 16 X 2016 621
2638 15 X 2312 2270
813 21 X 3 588
1262 20 X 805 813
584 22 X 3 490
811 21 X 3 584
1101 20 X 3 811
1666 19 X 1262 1101
2044 17 X 3 1666
2348 16 X 2044 621
2668 15 X 2348 2270
3028 14 X 2638 2668
3291 13 X 3028 2270
3511 12 X 3291 2270
1387 19 X 805 3
808 21 X 3 548
1259 20 X 805 808
1661 19 X 1259 3
1964 18 X 1387 1661
2086 17 X 3 1964
2394 16 X 2086 631
2710 15 X 2394 2271
2998 14 X 2271 2710
3270 13 X 2998 2271
3486 12 X 3270 2271
3680 11 X 3511 3486
812 21 X 3 586
1261 20 X 805 812
1664 19 X 1261 1101
2042 17 X 3 1664
2346 16 X 2042 621
2666 15 X 2346 2270
3027 14 X 2638 2666
3290 13 X 3027 2270
3509 12 X 3290 2270
806 21 X 3 544
1257 20 X 805 806
1659 19 X 1257 3
1963 18 X 1387 1659
2085 17 X 3 1963
2393 16 X 2085 631
2709 15 X 2393 2271
2997 14 X 2271 2709
3269 13 X 2997 2271
3484 12 X 3269 2271
3678 11 X 3509 3484
3787 10 X 3680 3678
3887 9 X 3787 3599
3948 8 X 3829 3887
3014 14 X 2585 2270
3168 13 X 2270 3014
3512 12 X 3291 3168
3019 14 X 2601 2271
3194 13 X 2271 3019
3487 12 X 3270 3194
3681 11 X 3512 3487
3013 14 X 2584 2270
3167 13 X 2270 3013
3510 12 X 3290 3167
3018 14 X 2600 2271
3193 13 X 2271 3018
3485 12 X 3269 3193
3679 11 X 3510 3485
3788 10 X 3681 3679
3888 9 X 3788 3599
3949 8 X 3829 3888
4021 7 X 3948 3949
4050 6 X 3822 4021
1059 20 X 3 417
1347 19 X 3 1059
2013 17 X 3 1347
2309 16 X 2013 621
2635 15 X 2309 2270
1214 20 X 592 611
1619 19 X 1217 1214
2041 17 X 3 1619
2345 16 X 2041 621
2665 15 X 2345 2270
3023 14 X 2635 2665
3286 13 X 3023 2270
3505 12 X 3286 2270
1060 20 X 3 420
1348 19 X 3 1060
1757 18 X 3 1348
2049 17 X 3 1757
2353 16 X 2049 631
2673 15 X 2353 2271
1368 19 X 601 600
1220 20 X 600 616
1625 19 X 1222 1220
1962 18 X 1368 1625
2084 17 X 3 1962
2392 16 X 2084 631
2708 15 X 2392 2271
3031 14 X 2673 2708
3294 13 X 3031 2271
3515 12 X 3294 2271
3674 11 X 3505 3515
2038 17 X 3 1616
2340 16 X 2038 621
2660 15 X 2340 2270
2937 14 X 2270 2660
3220 13 X 2937 2270
3423 12 X 3220 2274
1366 19 X 600 3
1219 20 X 600 597
1622 19 X 1219 3
1959 18 X 1366 1622
2081 17 X 3 1959
2388 16 X 2081 631
2704 15 X 2388 2271
2993 14 X 2271 2704
3265 13 X 2993 2271
3479 12 X 3265 2275
3632 11 X 3423 3479
3828 9 X 3674 3632
475 23 X 301 3
1064 20 X 3 475
1349 19 X 3 1064
2014 17 X 3 1349
2310 16 X 2014 621
2636 15 X 2310 2270
573 22 X 3 475
1075 20 X 3 573
1597 19 X 1203 1075
2033 17 X 3 1597
2334 16 X 2033 621
2654 15 X 2334 2270
3025 14 X 2636 2654
3288 13 X 3025 2270
3507 12 X 3288 2270
483 23 X 306 3
1067 20 X 3 483
1350 19 X 3 1067
1758 18 X 3 1350
2050 17 X 3 1758
2354 16 X 2050 631
2674 15 X 2354 2271
577 22 X 3 483
1076 20 X 3 577
1601 19 X 1205 1076
1954 18 X 1365 1601
2076 17 X 3 1954
2382 16 X 2076 631
2698 15 X 2382 2271
3033 14 X 2674 2698
3296 13 X 3033 2271
3517 12 X 3296 2271
3676 11 X 3507 3517
1595 19 X 1202 1075
2031 17 X 3 1595
2332 16 X 2031 621
2652 15 X 2332 2270
3024 14 X 2636 2652
3287 13 X 3024 2270
3506 12 X 3287 2270
1599 19 X 1204 1076
1952 18 X 1365 1599
2074 17 X 3 1952
2379 16 X 2074 631
2695 15 X 2379 2271
3032 14 X 2674 2695
3295 13 X 3032 2271
3516 12 X 3295 2271
3675 11 X 3506 3516
3786 10 X 3676 3675
3886 9 X 3786 3600
3946 8 X 3828 3886
889 21 X 475 490
1142 20 X 3 889
1363 19 X 3 1142
2017 17 X 3 1363
2313 16 X 2017 621
2639 15 X 2313 2270
929 21 X 573 584
1160 20 X 3 929
1611 19 X 1210 1160
2037 17 X 3 1611
2339 16 X 2037 621
2659 15 X 2339 2270
3030 14 X 2639 2659
3293 13 X 3030 2270
3514 12 X 3293 3168
892 21 X 483 3
1145 20 X 3 892
1364 19 X 3 1145
1760 18 X 3 1364
2052 17 X 3 1760
2356 16 X 2052 631
2676 15 X 2356 2271
933 21 X 577 3
1162 20 X 3 933
1615 19 X 1212 1162
1958 18 X 1365 1615
2080 17 X 3 1958
2387 16 X 2080 631
2703 15 X 2387 2271
3036 14 X 2676 2703
3299 13 X 3036 2271
3520 12 X 3299 3194
3683 11 X 3514 3520
1609 19 X 1209 1160
2035 17 X 3 1609
2336 16 X 2035 621
2656 15 X 2336 2270
3029 14 X 2639 2656
3292 13 X 3029 2270
3513 12 X 3292 3167
1613 19 X 1211 1162
1956 18 X 1365 1613
2078 17 X 3 1956
2384 16 X 2078 631
2700 15 X 2384 2271
3035 14 X 2676 2700
3298 13 X 3035 2271
3519 12 X 3298 3193
3682 11 X 3513 3519
3789 10 X 3683 3682
3889 9 X 3789 3600
3947 8 X 3828 3889
4020 7 X 3946 3947
4054 6 X 3823 4020
4079 5 X 4050 4054
1668 19 X 1266 3
2046 17 X 3 1668
2350 16 X 2046 621
2670 15 X 2350 2270
2944 14 X 2270 2670
3228 13 X 2944 2270
3432 12 X 3228 2270
1389 19 X 818 3
1676 19 X 1273 3
1966 18 X 1389 1676
2088 17 X 3 1966
2396 16 X 2088 631
2712 15 X 2396 2271
3000 14 X 2271 2712
3273 13 X 3000 2271
3490 12 X 3273 2271
3643 11 X 3432 3490
3757 10 X 3643 3596
3755 10 X 3641 3599
3885 9 X 3757 3755
1665 19 X 1262 3
2043 17 X 3 1665
2347 16 X 2043 621
2667 15 X 2347 2270
2942 14 X 2270 2667
3225 13 X 2942 2270
3429 12 X 3225 2270
3639 11 X 3429 3486
3753 10 X 3639 3596
3883 9 X 3753 3599
3980 8 X 3885 3883
3226 13 X 2942 2902
3430 12 X 3226 3152
3271 13 X 2998 2963
3488 12 X 3271 3178
3640 11 X 3430 3488
3754 10 X 3640 3607
3884 9 X 3754 3599
3981 8 X 3885 3884
4035 7 X 3980 3981
4052 6 X 3822 4035
2390 16 X 2083 631
2706 15 X 2390 2271
2995 14 X 2271 2706
3267 13 X 2995 2271
3482 12 X 3267 2271
3636 11 X 3427 3482
3750 10 X 3636 3596
3746 10 X 3632 3600
3879 9 X 3750 3746
2380 16 X 2075 631
2696 15 X 2380 2271
2988 14 X 2271 2696
3260 13 X 2988 2271
3474 12 X 3260 2271
3627 11 X 3419 3474
3740 10 X 3627 3596
3871 9 X 3740 3600
3975 8 X 3879 3871
2337 16 X 2036 621
2657 15 X 2337 2270
2935 14 X 2270 2657
3218 13 X 2935 2902
3421 12 X 3218 3152
2385 16 X 2079 631
2701 15 X 2385 2271
2991 14 X 2271 2701
3263 13 X 2991 2963
3477 12 X 3263 3178
3630 11 X 3421 3477
3743 10 X 3630 3607
3874 9 X 3743 3600
3976 8 X 3879 3874
4033 7 X 3975 3976
4056 6 X 3823 4033
4081 5 X 4052 4056
4093 4 X 4079 4081
4100 3 X 4078 4093
4104 2 X 4102 4100
4106 1 X 4105 4104
