93
vaousm dtptlr rsduvf phscqp kmjale akyihp vushev ozpsqe pvfvci flonzw hqmbxf wiwijq jfprdg hpqmnq lpptvv ufzmdf
15 14 1 9 4 5 13 11 10 16 2 7 8 6 12 3
3 17 1 -1 -1
2 17 0 -1 -1
9 16 X 3 2
15 14 X 3 9
23 13 X 15 3
37 11 X 23 3
27 12 X 3 23
39 11 X 27 3
53 10 X 39 3
57 9 X 37 53
69 8 X 57 3
50 10 X 37 3
56 9 X 37 50
68 8 X 56 3
70 7 X 69 68
4 17 2 -1 -1
1 17 -1 -1 -1
5 16 X 1 4
11 15 X 1 5
18 14 X 11 4
34 11 X 4 18
47 10 X 4 34
78 6 X 70 47
45 10 X 3 34
71 6 X 3 45
83 5 X 78 71
72 6 X 3 47
73 6 X 4 47
80 5 X 72 73
86 4 X 83 80
90 3 X 86 72
79 5 X 72 71
84 4 X 79 80
89 3 X 84 72
92 2 X 90 89
17 14 X 9 3
25 13 X 17 3
32 12 X 25 3
44 10 X 3 32
58 9 X 44 3
63 8 X 3 58
74 6 X 63 47
40 11 X 32 3
46 10 X 3 40
59 9 X 44 46
64 8 X 3 59
75 6 X 64 47
81 5 X 74 75
20 13 X 9 3
38 11 X 25 20
28 12 X 20 3
41 11 X 32 28
52 10 X 38 41
51 10 X 38 3
61 9 X 52 51
65 8 X 3 61
76 6 X 65 47
13 14 X 2 9
21 13 X 13 3
29 12 X 21 3
42 11 X 32 29
54 10 X 41 42
7 16 X 2 3
16 14 X 7 3
24 13 X 16 3
31 12 X 24 3
43 11 X 32 31
55 10 X 41 43
62 9 X 54 55
66 8 X 3 62
10 16 X 4 2
14 14 X 2 10
22 13 X 14 18
30 12 X 22 18
35 11 X 4 30
48 10 X 4 35
6 16 X 2 1
8 16 X 2 4
12 15 X 6 8
19 14 X 12 4
26 13 X 19 18
33 12 X 26 18
36 11 X 4 33
49 10 X 4 36
60 9 X 48 49
67 8 X 47 60
77 6 X 66 67
82 5 X 76 77
85 4 X 81 82
88 3 X 79 85
87 3 X 79 72
91 2 X 88 87
93 1 X 92 91
