122
qdjmid jrtqzr pcnqhr hsjgaf exvfkx rkxrnt vkjzkf mmzbxr uiugfw kxtjan lbtqli xzdxyr djczib trvbca tzjlfq aefowy
15 1 4 9 5 3 6 8 7 10 2 13 12 16 14 11
3 17 1 -1 -1
1 17 -1 -1 -1
16 13 X 3 1
26 12 X 3 16
24 12 X 3 1
47 10 X 26 24
58 9 X 3 47
90 6 X 58 3
2 17 0 -1 -1
5 16 X 3 2
8 15 X 5 3
14 14 X 8 3
20 13 X 3 14
31 12 X 20 3
37 11 X 3 31
62 9 X 37 3
77 8 X 62 3
41 11 X 20 3
60 9 X 20 41
86 7 X 77 60
94 6 X 58 86
105 5 X 90 94
111 4 X 90 105
4 16 X 3 1
10 14 X 4 3
43 10 X 3 10
28 12 X 10 1
48 10 X 26 28
66 9 X 43 48
98 6 X 66 43
106 5 X 90 98
7 15 X 3 5
13 14 X 7 3
19 13 X 3 13
30 12 X 19 3
42 11 X 30 3
57 9 X 3 42
54 9 X 3 19
76 8 X 57 54
85 7 X 3 76
93 6 X 58 85
9 15 X 5 4
15 14 X 9 3
21 13 X 10 15
32 12 X 21 10
40 11 X 10 32
53 10 X 37 40
70 9 X 53 43
79 8 X 70 43
34 11 X 3 20
39 11 X 10 21
51 10 X 34 39
68 9 X 51 43
78 8 X 68 43
87 7 X 79 78
99 6 X 66 87
108 5 X 93 99
114 4 X 106 108
118 3 X 111 114
55 9 X 3 24
88 6 X 55 3
45 10 X 24 28
64 9 X 43 45
96 6 X 64 43
103 5 X 88 96
116 3 X 88 103
120 2 X 118 116
44 10 X 3 20
71 8 X 3 44
80 7 X 3 71
91 6 X 58 80
72 8 X 3 60
81 7 X 3 72
92 6 X 58 81
107 5 X 91 92
112 4 X 90 107
102 5 X 3 43
17 13 X 3 4
27 12 X 3 17
25 12 X 3 4
49 10 X 27 25
59 9 X 3 49
11 14 X 5 3
18 13 X 3 11
63 9 X 41 18
74 8 X 3 63
83 7 X 3 74
95 6 X 59 83
29 12 X 10 4
50 10 X 27 29
67 9 X 43 50
100 6 X 67 43
109 5 X 95 100
113 4 X 102 109
119 3 X 112 113
6 15 X 2 3
12 14 X 6 3
22 13 X 12 3
35 11 X 3 22
33 12 X 22 3
38 11 X 3 33
52 10 X 35 38
69 9 X 52 3
75 8 X 3 69
84 7 X 3 75
23 13 X 12 14
36 11 X 3 23
61 9 X 36 3
73 8 X 3 61
82 7 X 3 73
101 6 X 84 82
110 5 X 101 43
56 9 X 3 25
89 6 X 56 3
46 10 X 25 29
65 9 X 43 46
97 6 X 65 43
104 5 X 89 97
115 4 X 110 104
117 3 X 88 115
121 2 X 119 117
122 1 X 120 121
