464
xlfylz qhebti pfkjnh jdgxvv wneklf jhcpgg hgjwdr vbagec wcqfjy ieuhvk idruir ebvsdy ysoeqk wgybbq gpiwet dalycf rzbxfb oiuift
4 12 2 7 11 15 16 9 10 3 17 8 14 6 13 5 18 1
4 19 2 -1 -1
3 19 1 -1 -1
47 15 X 3 4
86 14 X 47 4
151 12 X 4 86
282 9 X 151 4
2 19 0 -1 -1
15 17 X 2 4
48 15 X 3 15
52 15 X 4 15
87 14 X 48 52
152 12 X 4 87
249 10 X 151 152
10 18 X 4 3
65 15 X 10 4
91 14 X 65 4
156 12 X 4 91
233 10 X 4 156
306 9 X 249 233
348 8 X 282 306
5 19 3 -1 -1
1 19 -1 -1 -1
12 17 X 1 5
66 15 X 12 1
193 11 X 5 66
105 13 X 4 5
92 14 X 66 1
118 13 X 66 92
204 11 X 105 118
274 10 X 193 204
195 11 X 5 118
271 10 X 193 195
326 9 X 274 271
16 17 X 2 5
60 15 X 5 16
115 13 X 52 60
176 12 X 105 115
13 17 X 2 1
68 15 X 12 13
43 15 X 1 13
96 14 X 68 43
121 13 X 68 96
187 12 X 118 121
220 11 X 176 187
276 10 X 193 220
330 9 X 276 271
368 8 X 326 330
397 7 X 348 368
14 17 X 2 3
70 15 X 14 15
97 14 X 70 15
157 12 X 4 97
251 10 X 151 157
308 9 X 251 233
350 8 X 282 308
192 11 X 5 1
203 11 X 105 1
264 10 X 192 203
313 9 X 264 192
111 13 X 15 16
172 12 X 105 111
129 12 X 1 13
216 11 X 172 129
266 10 X 192 216
318 9 X 266 192
361 8 X 313 318
399 7 X 350 361
430 6 X 397 399
143 12 X 4 52
230 10 X 4 143
290 9 X 230 4
337 8 X 4 290
386 7 X 337 368
137 12 X 4 15
228 10 X 4 137
287 9 X 228 4
336 8 X 4 287
385 7 X 336 361
419 6 X 386 385
444 5 X 430 419
51 15 X 4 2
225 10 X 4 51
142 12 X 4 51
229 10 X 4 142
33 16 X 10 4
82 14 X 4 33
107 13 X 4 82
56 15 X 4 33
84 14 X 4 56
124 13 X 84 82
182 12 X 107 124
190 11 X 4 182
237 10 X 4 190
289 9 X 229 237
342 8 X 225 289
59 15 X 5 2
114 13 X 51 59
175 12 X 105 114
67 15 X 12 2
42 15 X 1 2
95 14 X 67 42
120 13 X 67 95
186 12 X 118 120
219 11 X 175 186
275 10 X 193 219
327 9 X 275 271
7 18 X 1 3
29 16 X 7 1
93 14 X 66 29
119 13 X 66 93
69 15 X 12 29
94 14 X 66 69
127 13 X 94 93
188 12 X 119 127
199 11 X 5 188
273 10 X 193 199
329 9 X 275 273
370 8 X 327 329
391 7 X 342 370
9 18 X 4 2
18 17 X 4 9
110 13 X 9 18
160 12 X 4 110
255 10 X 160 2
135 12 X 4 2
227 10 X 4 135
23 17 X 10 4
40 16 X 23 4
83 14 X 4 40
108 13 X 4 83
125 13 X 84 83
183 12 X 108 125
191 11 X 4 183
238 10 X 4 191
286 9 X 227 238
344 8 X 255 286
171 12 X 105 2
128 12 X 1 2
215 11 X 171 128
265 10 X 192 215
316 9 X 265 192
20 17 X 7 1
36 16 X 20 1
80 14 X 1 36
104 13 X 1 80
45 15 X 1 29
81 14 X 1 45
123 13 X 81 80
170 12 X 104 123
198 11 X 5 170
263 10 X 192 198
317 9 X 265 263
364 8 X 316 317
393 7 X 344 364
427 6 X 391 393
72 15 X 18 4
106 13 X 4 72
180 12 X 106 18
257 10 X 180 2
347 8 X 257 286
396 7 X 347 364
429 6 X 391 396
443 5 X 427 429
454 4 X 444 443
8 18 X 3 2
63 15 X 8 9
90 14 X 63 9
17 17 X 3 8
71 15 X 17 18
98 14 X 71 18
126 13 X 90 98
161 12 X 4 126
256 10 X 161 2
312 9 X 256 255
283 9 X 151 233
358 8 X 312 283
407 7 X 358 313
431 6 X 397 407
345 8 X 257 4
394 7 X 345 313
420 6 X 386 394
445 5 X 431 420
281 9 X 4 237
343 8 X 255 281
79 14 X 1 29
103 13 X 1 79
122 13 X 81 79
169 12 X 103 122
197 11 X 5 169
262 10 X 192 197
315 9 X 264 262
360 8 X 313 315
392 7 X 343 360
426 6 X 391 392
346 8 X 257 281
395 7 X 346 360
428 6 X 391 395
442 5 X 426 428
455 4 X 445 442
460 3 X 454 455
288 9 X 229 4
377 7 X 288 327
285 9 X 227 4
376 7 X 285 316
412 6 X 377 376
451 4 X 419 412
375 7 X 4 313
418 6 X 386 375
196 11 X 5 119
272 10 X 193 196
328 9 X 275 272
369 8 X 327 328
378 7 X 288 369
189 11 X 4 107
236 10 X 4 189
280 9 X 4 236
335 8 X 4 280
194 11 X 5 103
261 10 X 192 194
314 9 X 264 261
359 8 X 313 314
384 7 X 335 359
413 6 X 378 384
450 4 X 418 413
458 3 X 451 450
462 2 X 460 458
22 17 X 9 4
39 16 X 22 15
50 15 X 3 39
58 15 X 4 39
89 14 X 50 58
154 12 X 4 89
38 16 X 22 4
49 15 X 3 38
57 15 X 4 38
88 14 X 49 57
153 12 X 4 88
212 11 X 154 153
252 10 X 151 212
309 9 X 252 233
351 8 X 282 309
11 18 X 5 2
24 17 X 11 5
41 16 X 24 16
62 15 X 5 41
117 13 X 58 62
178 12 X 105 117
6 18 X 1 2
19 17 X 6 1
35 16 X 19 13
46 15 X 1 35
133 12 X 1 46
222 11 X 178 133
270 10 X 192 222
325 9 X 270 192
363 8 X 313 325
400 7 X 351 363
21 17 X 8 3
37 16 X 21 14
77 15 X 37 39
102 14 X 77 39
159 12 X 4 102
76 15 X 37 38
78 15 X 39 38
101 14 X 76 78
158 12 X 4 101
213 11 X 159 158
253 10 X 151 213
310 9 X 253 233
352 8 X 282 310
113 13 X 39 41
174 12 X 105 113
131 12 X 1 35
218 11 X 174 131
268 10 X 192 218
321 9 X 268 192
362 8 X 313 321
401 7 X 352 362
433 6 X 400 401
147 12 X 4 58
146 12 X 4 57
211 11 X 147 146
245 10 X 4 211
304 9 X 245 4
341 8 X 4 304
390 7 X 341 363
141 12 X 4 39
140 12 X 4 38
208 11 X 141 140
242 10 X 4 208
300 9 X 242 4
339 8 X 4 300
388 7 X 339 362
423 6 X 390 388
447 5 X 433 423
31 16 X 9 2
54 15 X 4 31
32 16 X 9 4
55 15 X 4 32
165 12 X 54 55
202 11 X 54 165
239 10 X 4 202
235 10 X 4 165
295 9 X 239 235
144 12 X 4 54
145 12 X 4 55
210 11 X 144 145
244 10 X 4 210
303 9 X 244 237
355 8 X 295 303
34 16 X 11 2
61 15 X 5 34
116 13 X 54 61
177 12 X 105 116
28 16 X 6 2
44 15 X 1 28
132 12 X 1 44
221 11 X 177 132
269 10 X 192 221
322 9 X 269 192
324 9 X 269 262
367 8 X 322 324
404 7 X 355 367
136 12 X 4 9
64 15 X 9 32
148 12 X 4 64
205 11 X 136 148
75 15 X 31 32
163 12 X 31 75
201 11 X 31 163
277 10 X 205 201
248 10 X 148 163
331 9 X 277 248
138 12 X 4 31
149 12 X 4 75
207 11 X 138 149
241 10 X 4 207
299 9 X 241 238
371 8 X 331 299
112 13 X 31 34
173 12 X 105 112
130 12 X 1 28
217 11 X 173 130
267 10 X 192 217
319 9 X 267 192
320 9 X 267 263
365 8 X 319 320
408 7 X 371 365
436 6 X 404 408
179 12 X 106 9
181 12 X 106 32
223 11 X 179 181
162 12 X 31 32
200 11 X 31 162
278 10 X 223 200
259 10 X 181 162
333 9 X 278 259
139 12 X 4 32
206 11 X 138 139
240 10 X 4 206
297 9 X 240 238
373 8 X 333 297
410 7 X 373 365
437 6 X 404 410
449 5 X 436 437
457 4 X 447 449
250 10 X 151 154
307 9 X 250 233
349 8 X 282 307
398 7 X 349 363
155 12 X 4 90
26 16 X 4 2
85 14 X 26 31
30 16 X 8 2
74 15 X 30 31
100 14 X 74 31
168 12 X 85 100
254 10 X 155 168
246 10 X 136 2
311 9 X 254 246
357 8 X 311 283
406 7 X 357 313
432 6 X 398 406
27 16 X 4 18
73 15 X 27 4
99 14 X 73 72
109 13 X 4 99
184 12 X 109 9
185 12 X 109 32
224 11 X 184 185
166 12 X 85 31
167 12 X 85 32
214 11 X 166 167
279 10 X 224 214
25 16 X 2 4
134 12 X 2 25
260 10 X 185 134
334 9 X 279 260
374 8 X 334 4
411 7 X 374 313
425 6 X 390 411
446 5 X 432 425
226 10 X 4 54
284 9 X 226 225
231 10 X 4 144
292 9 X 231 237
353 8 X 284 292
402 7 X 353 367
247 10 X 136 31
305 9 X 247 246
356 8 X 305 281
405 7 X 356 360
434 6 X 402 405
53 15 X 4 25
164 12 X 51 53
234 10 X 4 164
294 9 X 239 234
354 8 X 294 303
403 7 X 354 367
258 10 X 181 134
332 9 X 278 258
372 8 X 332 281
409 7 X 372 360
435 6 X 403 409
448 5 X 434 435
456 4 X 446 448
461 3 X 457 456
150 12 X 4 78
209 11 X 141 150
243 10 X 4 209
301 9 X 243 4
340 8 X 4 301
389 7 X 340 362
424 6 X 390 389
441 5 X 424 423
302 9 X 244 4
382 7 X 302 322
298 9 X 241 4
381 7 X 298 319
416 6 X 382 381
296 9 X 240 4
380 7 X 296 319
415 6 X 382 380
439 5 X 416 415
453 4 X 441 439
232 10 X 4 147
293 9 X 232 4
338 8 X 4 293
387 7 X 338 363
421 6 X 387 375
422 6 X 390 375
440 5 X 421 422
291 9 X 231 4
323 9 X 269 261
366 8 X 322 323
379 7 X 291 366
414 6 X 379 384
383 7 X 302 366
417 6 X 383 384
438 5 X 414 417
452 4 X 440 438
459 3 X 453 452
463 2 X 461 459
464 1 X 462 463
