316
verjgp snrjql jnyxdn cwtnfj mstxcs liohsm lfumee mayibp pauhui kbehaa lzfexc zwlwjl rkznwk khhbre qrncaq uerliq
14 2 11 10 12 15 5 8 6 13 9 16 7 4 1 3
1 17 -1 -1 -1
2 17 0 -1 -1
3 16 X 1 2
6 15 X 1 3
13 14 X 1 6
21 13 X 1 13
82 11 X 21 1
129 10 X 1 82
180 9 X 129 82
5 15 X 1 2
12 14 X 1 5
20 13 X 1 12
81 11 X 20 1
128 10 X 1 81
179 9 X 128 82
221 8 X 180 179
9 14 X 1 2
17 13 X 1 9
79 11 X 17 1
175 9 X 79 1
207 8 X 1 175
255 7 X 221 207
57 12 X 21 1
109 11 X 57 20
136 10 X 1 109
190 9 X 136 109
228 8 X 190 1
4 16 X 2 1
11 14 X 1 4
19 13 X 1 11
56 12 X 19 1
108 11 X 56 19
212 8 X 108 1
261 7 X 228 212
285 6 X 255 261
301 5 X 285 1
166 9 X 1 82
165 9 X 1 81
213 8 X 166 165
80 11 X 19 1
164 9 X 1 80
249 7 X 213 164
168 9 X 1 109
216 8 X 168 1
36 12 X 1 19
72 11 X 1 36
174 9 X 72 108
218 8 X 174 1
252 7 X 216 218
282 6 X 249 252
43 12 X 12 1
94 11 X 43 12
167 9 X 1 94
204 8 X 1 167
35 12 X 1 17
71 11 X 1 35
10 14 X 1 3
26 13 X 10 9
39 12 X 1 26
75 11 X 1 39
142 10 X 71 75
30 13 X 12 11
65 12 X 30 1
33 13 X 13 11
120 11 X 65 33
24 13 X 9 11
59 12 X 24 1
27 13 X 10 11
112 11 X 59 27
157 10 X 120 112
196 9 X 142 157
211 8 X 1 196
244 7 X 204 211
264 6 X 1 244
298 5 X 282 264
309 4 X 301 298
77 11 X 12 1
126 10 X 1 77
78 11 X 13 1
176 9 X 126 78
23 13 X 9 1
83 11 X 23 1
130 10 X 1 83
28 13 X 12 1
86 11 X 28 1
146 10 X 86 83
181 9 X 130 146
76 11 X 9 1
144 10 X 79 76
198 9 X 144 146
222 8 X 181 198
238 7 X 176 222
132 10 X 1 94
51 12 X 13 1
100 11 X 51 12
184 9 X 132 100
111 11 X 59 24
152 10 X 108 111
119 11 X 65 30
156 10 X 119 111
202 9 X 152 156
55 12 X 17 1
107 11 X 55 17
40 12 X 9 1
90 11 X 40 26
151 10 X 107 90
201 9 X 151 157
234 8 X 202 201
240 7 X 184 234
279 6 X 238 240
295 5 X 279 1
163 9 X 1 77
7 15 X 1 4
14 14 X 1 7
31 13 X 12 14
88 11 X 31 1
25 13 X 9 14
85 11 X 25 1
148 10 X 88 85
170 9 X 1 148
87 11 X 30 1
84 11 X 24 1
147 10 X 87 84
169 9 X 1 147
217 8 X 170 169
236 7 X 163 217
22 13 X 1 14
37 12 X 1 22
73 11 X 1 37
38 12 X 1 25
74 11 X 1 38
143 10 X 73 74
67 12 X 31 1
124 11 X 67 31
61 12 X 25 1
116 11 X 61 25
161 10 X 124 116
197 9 X 143 161
232 8 X 197 196
237 7 X 167 232
278 6 X 236 237
262 6 X 1 237
294 5 X 278 262
306 4 X 295 294
313 3 X 309 306
127 10 X 1 78
178 9 X 127 78
219 8 X 178 176
253 7 X 219 222
53 12 X 13 21
105 11 X 53 12
135 10 X 1 105
189 9 X 135 105
227 8 X 189 1
60 12 X 24 19
114 11 X 60 24
138 10 X 19 114
66 12 X 30 19
122 11 X 66 30
159 10 X 122 114
194 9 X 138 159
230 8 X 194 1
260 7 X 227 230
283 6 X 253 260
299 5 X 283 1
45 12 X 12 13
96 11 X 45 1
177 9 X 126 96
220 8 X 178 177
145 10 X 80 84
200 9 X 145 147
199 9 X 144 147
233 8 X 200 199
254 7 X 220 233
284 6 X 254 260
48 12 X 12 20
98 11 X 48 12
134 10 X 1 98
186 9 X 134 43
209 8 X 1 186
41 12 X 9 17
92 11 X 41 26
137 10 X 17 92
69 12 X 33 1
121 11 X 65 69
62 12 X 27 1
113 11 X 59 62
158 10 X 121 113
191 9 X 137 158
210 8 X 1 191
248 7 X 209 210
268 6 X 1 248
300 5 X 284 268
308 4 X 299 300
188 9 X 134 105
123 11 X 66 33
115 11 X 60 27
160 10 X 123 115
192 9 X 137 160
231 8 X 194 192
243 7 X 188 231
280 6 X 238 243
296 5 X 280 1
239 7 X 177 233
49 12 X 12 21
99 11 X 49 12
187 9 X 134 99
242 7 X 187 231
281 6 X 239 242
140 10 X 65 59
193 9 X 138 140
229 8 X 193 191
241 7 X 186 229
263 6 X 1 241
297 5 X 281 263
307 4 X 296 297
312 3 X 308 307
315 2 X 313 312
277 6 X 1 261
8 15 X 4 1
15 14 X 8 1
34 12 X 1 15
70 11 X 1 34
173 9 X 70 1
206 8 X 1 173
246 7 X 206 1
266 6 X 1 246
293 5 X 277 266
271 6 X 1 252
16 14 X 8 2
32 13 X 12 16
68 12 X 32 1
125 11 X 68 32
54 12 X 16 1
106 11 X 54 16
162 10 X 125 106
172 9 X 1 162
205 8 X 1 172
245 7 X 205 211
265 6 X 1 245
287 5 X 271 265
305 4 X 293 287
46 12 X 12 16
95 11 X 43 46
141 10 X 70 95
29 13 X 12 9
50 12 X 12 29
102 11 X 51 50
44 12 X 12 9
101 11 X 51 44
149 10 X 102 101
195 9 X 141 149
223 8 X 184 195
58 12 X 22 1
110 11 X 58 22
153 10 X 110 116
203 9 X 153 161
235 8 X 203 201
256 7 X 223 235
272 6 X 1 256
288 5 X 272 1
63 12 X 29 1
117 11 X 63 29
89 11 X 40 9
154 10 X 117 89
171 9 X 1 154
214 8 X 167 171
250 7 X 214 232
269 6 X 1 250
215 8 X 167 172
251 7 X 215 232
270 6 X 1 251
286 5 X 269 270
302 4 X 288 286
311 3 X 305 302
276 6 X 1 260
291 5 X 276 1
91 11 X 41 9
131 10 X 1 91
139 10 X 63 40
182 9 X 131 139
208 8 X 1 182
247 7 X 208 210
267 6 X 1 247
292 5 X 276 267
304 4 X 291 292
47 12 X 12 17
97 11 X 47 44
133 10 X 1 97
18 13 X 1 10
52 12 X 13 18
104 11 X 52 50
103 11 X 52 44
150 10 X 104 103
185 9 X 133 150
226 8 X 188 185
259 7 X 226 231
275 6 X 1 259
290 5 X 275 1
64 12 X 29 18
118 11 X 64 29
42 12 X 9 18
93 11 X 42 9
155 10 X 118 93
183 9 X 131 155
225 8 X 187 183
258 7 X 225 231
274 6 X 1 258
224 8 X 186 182
257 7 X 224 229
273 6 X 1 257
289 5 X 274 273
303 4 X 290 289
310 3 X 304 303
314 2 X 311 310
316 1 X 315 314
