886
xktxyc gbonub xffmmv nmlkld udbhyq olqhoh vyohfj aucijs xiuwle ahlarz fqdzsa wefleo ajldps kqzdbz uuegcq cazego vllteq eakcil sgmoku yrjswm
15 14 18 6 9 11 8 12 2 4 1 3 16 19 7 20 17 10 5 13
1 21 -1 -1 -1
3 21 1 -1 -1
224 15 X 1 3
2 21 0 -1 -1
14 19 X 2 1
40 18 X 14 1
8 20 X 3 2
26 19 X 8 3
62 18 X 26 3
15 19 X 2 3
46 18 X 15 3
160 16 X 62 46
227 15 X 40 160
638 10 X 224 227
514 11 X 227 224
639 10 X 224 514
736 9 X 638 639
103 17 X 40 1
4 20 X 1 2
19 19 X 4 1
50 18 X 19 1
119 17 X 50 1
202 16 X 119 103
251 15 X 103 202
322 14 X 1 251
608 10 X 1 322
541 11 X 322 1
625 10 X 1 541
720 9 X 608 625
795 8 X 736 720
511 11 X 224 1
9 19 X 1 2
31 18 X 2 9
88 17 X 14 31
29 18 X 2 1
87 17 X 14 29
179 16 X 88 87
63 18 X 26 15
17 19 X 3 2
38 18 X 8 17
133 17 X 63 38
30 18 X 2 3
91 17 X 15 30
220 16 X 133 91
289 15 X 179 220
6 20 X 2 1
22 19 X 6 1
44 18 X 14 22
110 17 X 44 31
109 17 X 44 29
198 16 X 110 109
7 20 X 2 3
25 19 X 7 3
64 18 X 26 25
135 17 X 64 38
48 18 X 15 25
116 17 X 48 30
222 16 X 135 116
302 15 X 198 222
404 14 X 289 302
427 13 X 289 404
86 17 X 14 1
53 18 X 19 14
123 17 X 53 1
209 16 X 123 86
239 15 X 86 209
89 17 X 14 40
125 17 X 53 50
212 16 X 125 89
242 15 X 89 212
368 14 X 239 242
111 17 X 44 40
54 18 X 19 22
127 17 X 54 50
216 16 X 127 111
262 15 X 111 216
372 14 X 239 262
442 13 X 368 372
321 14 X 1 242
326 14 X 1 262
432 13 X 321 326
502 12 X 442 432
559 11 X 427 502
664 10 X 511 559
558 11 X 427 1
663 10 X 511 558
752 9 X 664 663
319 14 X 1 239
108 17 X 44 1
126 17 X 54 1
214 16 X 126 108
259 15 X 108 214
324 14 X 1 259
430 13 X 319 324
609 10 X 1 430
560 11 X 430 1
630 10 X 1 560
721 9 X 609 630
802 8 X 752 721
835 7 X 795 802
72 17 X 1 40
81 17 X 3 62
79 17 X 3 46
174 16 X 81 79
233 15 X 72 174
194 16 X 103 1
132 17 X 62 3
219 16 X 132 3
296 15 X 194 219
156 16 X 40 72
161 16 X 62 79
275 15 X 156 161
411 14 X 296 275
360 14 X 224 275
486 12 X 411 360
520 11 X 233 486
641 10 X 224 520
519 11 X 233 224
640 10 X 224 519
737 9 X 641 640
201 16 X 119 1
295 15 X 194 201
337 14 X 1 295
508 11 X 1 337
614 10 X 1 508
726 9 X 614 1
796 8 X 737 726
66 17 X 1 31
65 17 X 1 29
162 16 X 66 65
77 17 X 3 38
75 17 X 3 30
172 16 X 77 75
278 15 X 162 172
178 16 X 86 1
208 16 X 123 1
286 15 X 178 208
180 16 X 89 72
211 16 X 125 72
291 15 X 180 211
399 14 X 286 291
199 16 X 111 72
215 16 X 127 72
304 15 X 199 215
401 14 X 286 304
449 13 X 399 401
336 14 X 1 291
341 14 X 1 304
436 13 X 336 341
507 12 X 449 436
525 11 X 278 507
662 10 X 511 525
524 11 X 278 1
661 10 X 511 524
751 9 X 662 661
334 14 X 1 286
197 16 X 108 1
213 16 X 126 1
300 15 X 197 213
339 14 X 1 300
434 13 X 334 339
509 11 X 1 434
615 10 X 1 509
727 9 X 615 1
801 8 X 751 727
836 7 X 796 801
854 6 X 835 836
13 19 X 1 6
36 18 X 6 13
71 17 X 1 36
35 18 X 6 1
70 17 X 1 35
167 16 X 71 70
37 18 X 7 3
76 17 X 3 37
150 16 X 3 76
282 15 X 167 150
362 14 X 224 282
58 18 X 22 1
74 17 X 1 58
61 18 X 25 3
80 17 X 3 61
151 16 X 3 80
235 15 X 74 151
359 14 X 224 235
550 11 X 362 359
358 14 X 224 233
687 10 X 550 358
463 12 X 224 359
552 11 X 362 463
546 11 X 358 224
689 10 X 552 546
764 9 X 687 689
814 8 X 764 1
142 16 X 1 74
234 15 X 74 142
317 14 X 1 234
549 11 X 362 317
18 19 X 3 8
39 18 X 8 18
78 17 X 3 39
173 16 X 78 75
279 15 X 162 173
361 14 X 224 279
73 17 X 1 50
170 16 X 73 72
232 15 X 72 170
316 14 X 1 232
548 11 X 361 316
686 10 X 549 548
456 12 X 1 317
551 11 X 362 456
547 11 X 361 1
688 10 X 551 547
763 9 X 686 688
813 8 X 763 1
846 7 X 814 813
869 5 X 854 846
342 14 X 3 1
459 12 X 3 342
228 15 X 46 160
149 16 X 3 46
138 16 X 1 40
354 14 X 149 138
466 12 X 228 354
647 10 X 459 466
569 11 X 466 459
648 10 X 459 569
742 9 X 647 648
225 15 X 3 1
363 14 X 225 1
464 12 X 225 363
114 17 X 46 3
265 15 X 114 202
154 16 X 3 114
145 16 X 1 103
272 15 X 154 145
393 14 X 272 145
471 12 X 265 393
651 10 X 464 471
574 11 X 471 464
653 10 X 464 574
744 9 X 651 653
797 8 X 742 744
566 11 X 459 1
92 17 X 15 46
134 17 X 63 62
221 16 X 134 92
244 15 X 92 221
117 17 X 48 46
136 17 X 64 62
223 16 X 136 117
267 15 X 117 223
376 14 X 244 267
426 13 X 244 376
153 16 X 3 92
144 16 X 1 89
355 14 X 153 144
147 16 X 1 111
356 14 X 153 147
437 13 X 355 356
495 12 X 426 437
310 14 X 1 144
311 14 X 1 147
428 13 X 310 311
501 12 X 442 428
601 11 X 495 501
691 10 X 566 601
600 11 X 495 1
690 10 X 566 600
765 9 X 691 690
567 11 X 464 1
90 17 X 15 3
243 15 X 90 209
115 17 X 48 3
266 15 X 115 214
375 14 X 243 266
425 13 X 243 375
152 16 X 3 90
143 16 X 1 86
271 15 X 152 143
391 14 X 271 143
146 16 X 1 108
392 14 X 271 146
446 13 X 391 392
494 12 X 425 446
370 14 X 239 259
422 13 X 239 370
352 14 X 143 146
419 13 X 143 352
492 12 X 422 419
599 11 X 494 492
693 10 X 567 599
598 11 X 494 1
692 10 X 567 598
766 9 X 693 692
815 8 X 765 766
837 7 X 797 815
779 8 X 459 464
782 8 X 566 567
827 7 X 779 782
855 6 X 837 827
237 15 X 80 151
346 14 X 3 237
344 14 X 3 142
480 12 X 346 344
236 15 X 79 174
345 14 X 3 236
141 16 X 1 72
343 14 X 3 141
479 12 X 345 343
659 10 X 480 479
460 12 X 3 344
585 11 X 480 460
582 11 X 479 459
703 10 X 585 582
749 9 X 659 703
799 8 X 749 464
309 14 X 1 142
475 12 X 317 309
586 11 X 480 475
308 14 X 1 141
474 12 X 316 308
583 11 X 479 474
704 10 X 586 583
454 12 X 1 309
584 11 X 480 454
581 11 X 479 1
702 10 X 584 581
770 9 X 704 702
819 8 X 770 567
839 7 X 799 819
857 6 X 839 827
870 5 X 855 857
879 4 X 869 870
708 9 X 3 224
710 9 X 225 1
784 8 X 708 710
510 11 X 3 1
715 9 X 510 511
512 11 X 225 1
716 9 X 512 1
785 8 X 715 716
830 7 X 784 785
131 17 X 61 3
200 16 X 114 131
130 17 X 58 1
204 16 X 119 130
305 15 X 200 204
148 16 X 1 130
269 15 X 131 148
413 14 X 305 269
421 13 X 225 413
155 16 X 3 131
273 15 X 155 148
394 14 X 273 148
438 13 X 363 394
491 12 X 421 438
652 10 X 464 491
595 11 X 491 464
654 10 X 464 595
745 9 X 652 654
780 8 X 459 745
828 7 X 780 782
851 6 X 828 827
865 5 X 851 827
875 4 X 830 865
883 3 X 879 875
157 16 X 50 40
226 15 X 40 157
606 10 X 1 226
513 11 X 226 1
616 10 X 1 513
718 9 X 606 616
5 20 X 1 3
12 19 X 1 5
28 18 X 1 12
10 19 X 1 3
27 18 X 1 10
99 17 X 28 27
245 15 X 99 1
42 18 X 14 12
104 17 X 42 27
252 15 X 104 202
378 14 X 245 252
642 10 X 245 378
553 11 X 378 245
644 10 X 245 553
738 9 X 642 644
787 8 X 718 738
33 18 X 4 9
124 17 X 53 33
210 16 X 124 87
288 15 X 179 210
11 19 X 1 4
34 18 X 4 11
96 17 X 19 34
184 16 X 96 87
287 15 X 179 184
402 14 X 288 287
121 17 X 50 34
206 16 X 121 109
301 15 X 198 206
403 14 X 288 301
450 13 X 402 403
97 17 X 19 50
186 16 X 97 89
241 15 X 89 186
367 14 X 239 241
159 16 X 50 111
261 15 X 111 159
371 14 X 239 261
441 13 X 367 371
320 14 X 1 241
325 14 X 1 261
431 13 X 320 325
500 12 X 441 431
565 11 X 450 500
633 10 X 1 565
564 11 X 450 1
632 10 X 1 564
734 9 X 633 632
521 11 X 245 1
16 19 X 2 5
43 18 X 14 16
106 17 X 43 27
94 17 X 19 1
182 16 X 94 86
254 15 X 106 182
379 14 X 245 254
24 19 X 6 5
45 18 X 14 24
112 17 X 45 27
203 16 X 119 108
263 15 X 112 203
380 14 X 245 263
443 13 X 379 380
238 15 X 86 182
318 14 X 1 238
258 15 X 108 203
323 14 X 1 258
429 13 X 318 323
563 11 X 443 429
667 10 X 521 563
562 11 X 443 1
666 10 X 521 562
754 9 X 667 666
793 8 X 734 754
832 7 X 787 793
158 16 X 50 72
274 15 X 156 158
410 14 X 295 274
327 14 X 1 274
485 12 X 410 327
518 11 X 232 485
620 10 X 1 518
517 11 X 232 1
619 10 X 1 517
729 9 X 620 619
196 16 X 104 99
298 15 X 196 201
381 14 X 245 298
522 11 X 245 381
643 10 X 245 522
739 9 X 643 245
790 8 X 729 739
68 17 X 1 33
164 16 X 68 65
276 15 X 162 164
69 17 X 1 34
165 16 X 69 65
277 15 X 162 165
395 14 X 276 277
185 16 X 97 72
290 15 X 180 185
398 14 X 286 290
303 15 X 199 158
400 14 X 286 303
448 13 X 398 400
335 14 X 1 290
340 14 X 1 303
435 13 X 335 340
506 12 X 448 435
555 11 X 395 506
627 10 X 1 555
554 11 X 395 1
626 10 X 1 554
732 9 X 627 626
181 16 X 94 1
285 15 X 178 181
333 14 X 1 285
299 15 X 197 201
338 14 X 1 299
433 13 X 333 338
523 11 X 245 433
665 10 X 521 523
753 9 X 665 521
791 8 X 732 753
834 7 X 790 791
853 6 X 832 834
140 16 X 1 70
281 15 X 167 140
330 14 X 1 281
544 11 X 330 317
682 10 X 544 316
545 11 X 330 456
534 11 X 316 1
684 10 X 545 534
761 9 X 682 684
811 8 X 761 245
328 14 X 1 277
543 11 X 328 316
683 10 X 544 543
542 11 X 328 1
685 10 X 545 542
762 9 X 683 685
812 8 X 762 521
845 7 X 811 812
868 5 X 853 845
347 14 X 99 1
461 12 X 99 347
41 18 X 14 10
105 17 X 42 41
52 18 X 19 12
51 18 X 19 10
122 17 X 52 51
207 16 X 122 105
253 15 X 105 207
190 16 X 99 105
357 14 X 190 138
470 12 X 253 357
649 10 X 461 470
573 11 X 470 461
650 10 X 461 573
743 9 X 649 650
377 14 X 245 1
467 12 X 245 377
189 16 X 99 104
292 15 X 189 145
405 14 X 292 145
469 12 X 252 405
655 10 X 467 469
572 11 X 469 467
656 10 X 467 572
746 9 X 655 656
798 8 X 743 746
82 17 X 12 10
246 15 X 99 82
382 14 X 246 1
468 12 X 246 382
571 11 X 468 1
107 17 X 43 41
21 19 X 4 5
57 18 X 21 16
20 19 X 4 3
55 18 X 20 10
129 17 X 57 55
47 18 X 15 10
93 17 X 16 47
218 16 X 129 93
257 15 X 107 218
98 17 X 21 55
187 16 X 98 93
256 15 X 107 187
389 14 X 257 256
113 17 X 45 41
56 18 X 21 12
128 17 X 56 55
49 18 X 16 24
118 17 X 49 47
217 16 X 128 118
264 15 X 113 217
390 14 X 257 264
445 13 X 389 390
192 16 X 99 107
176 16 X 82 93
294 15 X 192 176
408 14 X 294 144
409 14 X 294 147
452 13 X 408 409
504 12 X 445 452
499 12 X 441 428
605 11 X 504 499
697 10 X 571 605
604 11 X 504 1
696 10 X 571 604
768 9 X 697 696
570 11 X 467 1
255 15 X 106 209
387 14 X 255 254
388 14 X 255 263
444 13 X 387 388
191 16 X 99 106
293 15 X 191 143
406 14 X 293 143
407 14 X 293 146
451 13 X 406 407
503 12 X 444 451
366 14 X 239 238
369 14 X 239 258
440 13 X 366 369
498 12 X 440 419
603 11 X 503 498
695 10 X 570 603
602 11 X 503 1
694 10 X 570 602
767 9 X 695 694
816 8 X 768 767
838 7 X 798 816
781 8 X 461 467
783 8 X 571 570
829 7 X 781 783
856 6 X 838 829
59 18 X 22 10
102 17 X 28 59
188 16 X 99 102
250 15 X 102 188
351 14 X 99 250
349 14 X 99 142
482 12 X 351 349
100 17 X 28 41
101 17 X 28 51
193 16 X 101 100
248 15 X 100 193
350 14 X 99 248
348 14 X 99 141
481 12 X 350 348
660 10 X 482 481
462 12 X 99 349
588 11 X 482 462
587 11 X 481 461
705 10 X 588 587
750 9 X 660 705
800 8 X 750 467
23 19 X 6 3
60 18 X 23 10
85 17 X 12 60
175 16 X 82 85
249 15 X 102 175
386 14 X 246 249
384 14 X 246 142
484 12 X 386 384
592 11 X 484 475
84 17 X 12 55
83 17 X 12 47
177 16 X 84 83
247 15 X 100 177
385 14 X 246 247
383 14 X 246 141
483 12 X 385 383
590 11 X 483 474
707 10 X 592 590
591 11 X 484 454
589 11 X 483 1
706 10 X 591 589
771 9 X 707 706
820 8 X 771 570
840 7 X 800 820
858 6 X 840 829
871 5 X 856 858
878 4 X 868 871
415 13 X 1 245
488 12 X 415 1
713 9 X 488 1
775 8 X 1 713
593 11 X 488 1
717 9 X 593 1
777 8 X 1 717
825 7 X 775 777
195 16 X 103 130
297 15 X 195 202
268 15 X 130 202
412 14 X 297 268
418 13 X 1 412
270 15 X 148 145
417 13 X 1 270
490 12 X 418 417
612 10 X 1 490
594 11 X 490 1
635 10 X 1 594
724 9 X 612 635
778 8 X 1 724
826 7 X 778 1
850 6 X 826 1
864 5 X 850 1
874 4 X 825 864
882 3 X 878 874
885 2 X 883 882
312 14 X 1 226
607 10 X 1 312
526 11 X 312 1
621 10 X 1 526
719 9 X 607 621
786 8 X 718 719
32 18 X 4 1
95 17 X 19 32
183 16 X 95 87
240 15 X 87 183
120 17 X 50 32
205 16 X 120 109
260 15 X 109 205
373 14 X 240 260
423 13 X 240 373
364 14 X 238 241
365 14 X 238 261
439 13 X 364 365
497 12 X 439 431
557 11 X 423 497
629 10 X 1 557
556 11 X 423 1
628 10 X 1 556
733 9 X 629 628
610 10 X 1 431
561 11 X 431 1
631 10 X 1 561
722 9 X 610 631
792 8 X 733 722
831 7 X 786 792
536 11 X 316 327
623 10 X 1 536
622 10 X 1 534
730 9 X 623 622
789 8 X 729 730
67 17 X 1 32
163 16 X 67 65
230 15 X 65 163
396 14 X 285 290
397 14 X 285 303
447 13 X 396 397
505 12 X 447 435
516 11 X 230 505
618 10 X 1 516
515 11 X 230 1
617 10 X 1 515
728 9 X 618 617
538 11 X 316 435
624 10 X 1 538
731 9 X 624 622
788 8 X 728 731
833 7 X 789 788
852 6 X 831 833
231 15 X 70 140
315 14 X 1 231
171 16 X 74 58
139 16 X 1 58
284 15 X 171 139
332 14 X 1 284
166 16 X 70 35
137 16 X 1 35
280 15 X 166 137
329 14 X 1 280
478 12 X 332 329
533 11 X 315 478
168 16 X 72 40
169 16 X 73 40
283 15 X 168 169
331 14 X 1 283
537 11 X 316 331
677 10 X 533 537
457 12 X 1 329
531 11 X 315 457
673 10 X 531 534
758 9 X 677 673
229 15 X 58 139
313 14 X 1 229
646 10 X 313 312
455 12 X 1 313
527 11 X 313 455
669 10 X 527 526
741 9 X 646 669
809 8 X 758 741
314 14 X 1 230
529 11 X 314 331
676 10 X 533 529
528 11 X 314 1
672 10 X 531 528
757 9 X 676 672
807 8 X 757 741
843 7 X 809 807
539 11 X 317 313
535 11 X 316 312
679 10 X 539 535
540 11 X 317 455
681 10 X 540 534
760 9 X 679 681
810 8 X 758 760
808 8 X 757 760
844 7 X 810 808
860 6 X 843 844
867 5 X 852 860
465 12 X 226 138
611 10 X 1 465
568 11 X 465 1
634 10 X 1 568
723 9 X 611 634
374 14 X 241 261
424 13 X 241 374
353 14 X 144 147
420 13 X 144 353
493 12 X 424 420
496 12 X 439 428
597 11 X 493 496
637 10 X 1 597
596 11 X 493 1
636 10 X 1 596
735 9 X 637 636
613 10 X 1 493
725 9 X 613 636
794 8 X 735 725
822 7 X 723 794
849 6 X 822 1
307 14 X 1 139
477 12 X 332 307
580 11 X 475 477
306 14 X 1 138
476 12 X 331 306
578 11 X 474 476
701 10 X 580 578
453 12 X 1 307
579 11 X 475 453
577 11 X 474 1
700 10 X 579 577
769 9 X 701 700
473 12 X 313 307
472 12 X 312 306
658 10 X 473 472
576 11 X 473 453
575 11 X 472 1
699 10 X 576 575
748 9 X 658 699
818 8 X 769 748
848 6 X 818 1
862 5 X 849 848
877 4 X 867 862
709 9 X 99 1
772 8 X 1 709
711 9 X 246 1
773 8 X 1 711
823 7 X 772 773
821 7 X 709 711
872 4 X 823 821
881 3 X 877 872
530 11 X 315 332
671 10 X 530 537
458 12 X 1 332
532 11 X 315 458
675 10 X 532 534
756 9 X 671 675
645 10 X 313 1
668 10 X 527 1
740 9 X 645 668
805 8 X 756 740
670 10 X 530 529
674 10 X 532 528
755 9 X 670 674
803 8 X 755 741
841 7 X 805 803
678 10 X 539 1
680 10 X 540 1
759 9 X 678 680
806 8 X 756 759
804 8 X 755 760
842 7 X 806 804
859 6 X 841 842
866 5 X 852 859
657 10 X 473 1
698 10 X 576 1
747 9 X 657 698
817 8 X 769 747
847 7 X 817 818
861 6 X 847 1
863 5 X 849 861
876 4 X 866 863
414 13 X 1 99
487 12 X 414 1
712 9 X 487 1
774 8 X 1 712
416 13 X 1 246
489 12 X 416 1
714 9 X 489 1
776 8 X 1 714
824 7 X 774 776
873 4 X 824 1
880 3 X 876 873
884 2 X 881 880
886 1 X 885 884
