178
lqzlpm bjbgmh itcyrz mlstue gqfyno ngrjea wumbvq iydhsw kxuevr urgdts jnpkgw hjfyww yqeakd vidbtz hnctqw kcmjet
7 5 8 4 1 13 16 9 3 6 14 10 11 2 12 15
3 17 1 -1 -1
2 17 0 -1 -1
5 16 X 3 2
11 15 X 5 3
17 14 X 3 11
28 13 X 3 17
41 12 X 3 28
55 11 X 3 41
93 10 X 55 3
51 11 X 3 28
89 10 X 51 3
121 9 X 93 89
14 14 X 3 5
34 12 X 3 14
25 13 X 3 14
38 12 X 3 25
65 11 X 34 38
33 12 X 3 11
24 13 X 3 11
37 12 X 3 24
64 11 X 33 37
99 10 X 65 64
61 11 X 14 25
60 11 X 11 24
96 10 X 61 60
123 9 X 99 96
138 8 X 121 123
149 7 X 138 3
153 6 X 3 149
53 11 X 3 38
90 10 X 53 3
48 11 X 3 25
84 10 X 48 3
118 9 X 90 84
52 11 X 3 37
91 10 X 53 52
47 11 X 3 24
85 10 X 48 47
119 9 X 91 85
136 8 X 118 119
141 7 X 3 136
74 10 X 25 24
102 9 X 3 74
126 8 X 3 102
160 6 X 141 126
166 5 X 153 160
104 9 X 3 96
127 8 X 3 104
143 7 X 127 3
151 6 X 3 143
1 17 -1 -1 -1
9 15 X 3 1
71 10 X 9 3
4 16 X 1 2
12 15 X 5 4
20 14 X 9 12
31 13 X 9 20
79 10 X 31 24
110 9 X 71 79
128 8 X 71 110
144 7 X 128 71
155 6 X 71 144
164 5 X 151 155
173 4 X 166 164
6 15 X 2 3
15 14 X 3 6
26 13 X 3 15
39 12 X 3 26
54 11 X 3 39
92 10 X 54 3
49 11 X 3 26
86 10 X 49 3
120 9 X 92 86
8 15 X 2 5
16 14 X 3 8
36 12 X 3 16
27 13 X 3 16
40 12 X 3 27
67 11 X 36 40
101 10 X 67 64
63 11 X 16 27
98 10 X 63 60
125 9 X 101 98
137 8 X 120 125
148 7 X 137 3
152 6 X 3 148
50 11 X 3 27
87 10 X 50 3
103 9 X 3 87
22 14 X 11 3
29 13 X 3 22
42 12 X 3 29
56 11 X 3 42
70 10 X 3 56
88 10 X 50 47
109 9 X 70 88
129 8 X 103 109
140 7 X 3 129
80 10 X 40 3
75 10 X 27 3
114 9 X 80 75
81 10 X 40 37
76 10 X 27 24
115 9 X 81 76
134 8 X 114 115
159 6 X 140 134
165 5 X 152 159
35 12 X 3 15
66 11 X 35 39
100 10 X 66 3
62 11 X 15 26
97 10 X 62 3
124 9 X 100 97
139 8 X 124 125
150 7 X 139 3
154 6 X 3 150
7 15 X 2 4
19 14 X 9 7
30 13 X 9 19
43 12 X 9 30
82 10 X 43 3
77 10 X 30 3
116 9 X 82 77
83 10 X 43 37
78 10 X 30 24
117 9 X 83 78
135 8 X 116 117
147 7 X 135 71
156 6 X 71 147
167 5 X 154 156
172 4 X 165 167
176 3 X 173 172
13 14 X 3 1
46 11 X 3 13
45 11 X 3 1
108 9 X 46 45
18 14 X 9 1
58 11 X 9 18
95 10 X 58 46
57 11 X 9 1
94 10 X 57 45
122 9 X 95 94
163 5 X 108 122
171 4 X 108 163
105 9 X 13 1
10 15 X 4 1
23 13 X 1 10
59 11 X 10 23
69 10 X 1 59
107 9 X 13 69
131 8 X 105 107
145 7 X 131 105
157 6 X 105 145
21 14 X 11 1
32 13 X 13 21
44 12 X 13 32
72 10 X 13 44
68 10 X 1 23
111 9 X 72 68
132 8 X 105 111
142 7 X 105 132
106 9 X 13 68
130 8 X 105 106
161 6 X 142 130
169 5 X 157 161
73 10 X 18 13
112 9 X 73 1
113 9 X 73 68
133 8 X 112 113
146 7 X 133 112
158 6 X 112 146
168 5 X 157 158
174 4 X 169 168
175 3 X 171 174
177 2 X 176 175
162 5 X 3 71
170 4 X 3 162
178 1 X 177 170
