424
uerqle rzcnqs ytmqsw qvuusm kbvilz mvwuex kehzgh qmeayz vdqeer yemqqr kmwpmr jirhni luxnio mntxbh sjqxxa yhsbbu
5 2 15 1 11 3 13 9 7 6 14 12 8 4 16 10
2 17 0 -1 -1
3 17 1 -1 -1
13 15 X 3 2
7 16 X 2 3
14 15 X 3 7
36 14 X 13 14
48 13 X 2 36
22 14 X 2 7
46 13 X 2 22
118 12 X 48 46
1 17 -1 -1 -1
39 13 X 1 3
18 14 X 1 3
77 13 X 18 3
111 12 X 39 77
155 11 X 3 111
220 10 X 118 155
216 10 X 46 3
286 9 X 220 216
25 14 X 3 14
70 13 X 13 25
9 15 X 1 2
61 13 X 9 25
32 14 X 9 13
93 13 X 32 25
130 12 X 61 93
175 11 X 70 130
246 10 X 175 155
44 13 X 2 7
215 10 X 44 3
298 9 X 246 215
335 8 X 286 298
69 13 X 13 14
60 13 X 9 14
92 13 X 32 14
129 12 X 60 92
174 11 X 69 129
245 10 X 174 155
297 9 X 245 215
334 8 X 286 297
371 7 X 335 334
84 13 X 22 36
21 14 X 2 3
142 12 X 84 21
201 11 X 142 111
8 16 X 3 2
12 15 X 2 8
34 14 X 12 3
15 15 X 3 8
37 14 X 15 3
97 13 X 34 37
31 14 X 8 3
148 12 X 97 31
207 11 X 148 111
268 10 X 201 207
109 12 X 22 21
187 11 X 109 3
169 11 X 21 3
255 10 X 187 169
316 9 X 268 255
71 13 X 14 25
176 11 X 71 111
26 14 X 3 15
73 13 X 15 26
178 11 X 73 111
247 10 X 176 178
165 11 X 14 3
164 11 X 13 3
236 10 X 165 164
299 9 X 247 236
354 8 X 316 299
143 12 X 84 22
203 11 X 143 111
271 10 X 203 155
170 11 X 22 3
242 10 X 170 3
320 9 X 271 242
166 11 X 14 111
102 12 X 3 15
182 11 X 102 111
238 10 X 166 182
101 12 X 3 13
181 11 X 101 3
237 10 X 165 181
293 9 X 238 237
358 8 X 320 293
380 7 X 354 358
399 6 X 371 380
279 9 X 155 3
35 14 X 13 3
83 13 X 21 35
141 12 X 83 21
199 11 X 141 111
266 10 X 199 207
314 9 X 266 169
352 8 X 314 299
378 7 X 352 358
389 6 X 279 378
410 5 X 399 389
67 13 X 12 15
136 12 X 67 8
4 16 X 1 2
11 15 X 2 4
66 13 X 11 15
28 14 X 4 8
86 13 X 28 8
135 12 X 66 86
196 11 X 136 135
262 10 X 196 155
212 10 X 2 3
310 9 X 262 212
10 15 X 1 4
64 13 X 10 26
33 14 X 10 15
96 13 X 33 26
133 12 X 64 96
179 11 X 73 133
249 10 X 179 155
301 9 X 249 212
348 8 X 310 301
63 13 X 10 15
95 13 X 33 15
132 12 X 63 95
168 11 X 15 132
240 10 X 168 155
295 9 X 240 212
347 8 X 310 295
376 7 X 348 347
195 11 X 136 111
150 11 X 2 3
282 9 X 195 150
280 9 X 178 164
331 8 X 282 280
261 10 X 195 155
221 10 X 150 3
308 9 X 261 221
167 11 X 15 111
239 10 X 167 182
235 10 X 164 181
294 9 X 239 235
345 8 X 308 294
368 7 X 331 345
402 6 X 376 368
41 13 X 1 15
78 13 X 18 15
113 12 X 41 78
156 11 X 3 113
229 10 X 156 155
49 13 X 3 15
152 11 X 3 49
224 10 X 152 3
289 9 X 229 224
42 13 X 1 26
79 13 X 18 26
114 12 X 42 79
157 11 X 3 114
230 10 X 157 155
290 9 X 230 224
336 8 X 289 290
372 7 X 336 289
400 6 X 372 368
412 5 X 402 400
417 4 X 410 412
5 16 X 1 3
40 13 X 1 5
19 14 X 1 5
81 13 X 19 5
112 12 X 40 81
161 11 X 5 112
211 10 X 1 161
210 10 X 1 5
284 9 X 211 210
329 8 X 279 284
365 7 X 279 329
421 3 X 417 365
272 10 X 203 195
108 12 X 12 8
186 11 X 108 3
222 10 X 150 186
321 9 X 272 222
359 8 X 321 279
319 9 X 271 221
357 8 X 319 279
382 7 X 359 357
392 6 X 279 382
202 11 X 143 3
194 11 X 136 3
270 10 X 202 194
318 9 X 270 222
356 8 X 318 3
269 10 X 202 3
317 9 X 269 221
355 8 X 317 3
381 7 X 356 355
391 6 X 279 381
406 5 X 392 391
283 9 X 195 186
332 8 X 283 279
254 10 X 186 3
309 9 X 261 254
346 8 X 309 279
369 7 X 332 346
387 6 X 279 369
281 9 X 194 186
330 8 X 281 3
260 10 X 194 3
307 9 X 260 254
344 8 X 307 3
367 7 X 330 344
386 6 X 279 367
404 5 X 387 386
415 4 X 406 404
419 3 X 415 365
423 2 X 421 419
47 13 X 2 35
45 13 X 2 21
117 12 X 47 45
219 10 X 117 155
57 13 X 8 31
218 10 X 57 3
285 9 X 219 218
68 13 X 13 3
59 13 X 9 3
91 13 X 32 3
128 12 X 59 91
173 11 X 68 128
244 10 X 173 155
55 13 X 8 3
217 10 X 55 3
296 9 X 244 217
333 8 X 285 296
17 15 X 7 2
76 13 X 17 35
139 12 X 76 45
6 16 X 2 1
16 15 X 6 2
75 13 X 16 35
138 12 X 75 45
198 11 X 139 138
264 10 X 198 155
312 9 X 264 218
350 8 X 312 296
370 7 X 333 350
90 13 X 31 37
147 12 X 90 31
205 11 X 147 111
265 10 X 199 205
313 9 X 265 169
227 10 X 155 167
213 10 X 3 164
287 9 X 227 213
351 8 X 313 287
38 14 X 17 3
98 13 X 38 35
149 12 X 98 21
209 11 X 149 111
277 10 X 209 155
208 11 X 149 3
276 10 X 208 3
325 9 X 277 276
228 10 X 155 182
214 10 X 3 181
288 9 X 228 214
363 8 X 325 288
377 7 X 351 363
398 6 X 370 377
409 5 X 398 279
58 13 X 8 37
127 12 X 58 57
53 13 X 4 37
87 13 X 28 31
123 12 X 53 87
193 11 X 127 123
259 10 X 193 155
306 9 X 259 218
72 13 X 15 3
62 13 X 10 3
94 13 X 33 3
131 12 X 62 94
177 11 X 72 131
248 10 X 177 155
300 9 X 248 217
343 8 X 306 300
74 13 X 15 37
137 12 X 74 57
65 13 X 10 37
134 12 X 65 87
197 11 X 137 134
263 10 X 197 155
311 9 X 263 218
349 8 X 311 300
375 7 X 343 349
56 13 X 8 15
126 12 X 56 8
192 11 X 126 111
274 10 X 205 192
241 10 X 169 150
323 9 X 274 241
361 8 X 323 287
110 12 X 37 31
188 11 X 110 111
256 10 X 188 155
304 9 X 256 276
341 8 X 304 288
383 7 X 361 341
401 6 X 375 383
43 13 X 1 37
80 13 X 18 37
116 12 X 43 80
158 11 X 3 116
231 10 X 158 155
52 13 X 3 37
153 11 X 3 52
225 10 X 153 3
291 9 X 231 225
337 8 X 291 279
394 6 X 337 279
411 5 X 401 394
416 4 X 409 411
420 3 X 416 365
20 14 X 2 1
82 13 X 20 35
140 12 X 82 77
200 11 X 141 140
267 10 X 200 192
23 14 X 3 2
99 12 X 2 23
151 11 X 2 99
162 11 X 8 3
223 10 X 151 162
315 9 X 267 223
353 8 X 315 279
30 14 X 7 3
89 13 X 30 3
146 12 X 89 21
29 14 X 6 1
88 13 X 29 3
145 12 X 88 77
204 11 X 146 145
273 10 X 204 155
54 13 X 7 3
124 12 X 54 2
125 12 X 54 23
191 11 X 124 125
258 10 X 191 3
322 9 X 273 258
360 8 X 322 279
379 7 X 353 360
390 6 X 279 379
385 6 X 279 3
405 5 X 390 385
27 14 X 4 1
85 13 X 27 37
144 12 X 85 77
206 11 X 147 144
275 10 X 206 192
24 14 X 3 8
107 12 X 8 24
163 11 X 8 107
234 10 X 163 162
324 9 X 275 234
362 8 X 324 279
104 12 X 3 31
183 11 X 104 111
251 10 X 183 155
100 12 X 3 8
103 12 X 3 24
180 11 X 100 103
250 10 X 180 3
302 9 X 251 250
339 8 X 302 279
384 7 X 362 339
393 6 X 279 384
121 12 X 52 3
160 11 X 3 121
233 10 X 160 3
50 13 X 3 26
119 12 X 49 50
159 11 X 3 119
232 10 X 159 3
292 9 X 233 232
338 8 X 292 3
105 12 X 3 50
154 11 X 3 105
226 10 X 154 3
278 9 X 3 226
328 8 X 278 3
373 7 X 338 328
388 6 X 279 373
407 5 X 393 388
414 4 X 405 407
326 8 X 3 210
364 7 X 3 326
395 6 X 365 364
403 5 X 365 395
51 13 X 3 31
122 12 X 52 51
115 12 X 43 77
190 11 X 122 115
189 11 X 122 111
257 10 X 190 189
120 12 X 51 3
172 11 X 51 120
171 11 X 51 3
243 10 X 172 171
305 9 X 257 243
342 8 X 305 279
106 12 X 3 51
185 11 X 106 111
253 10 X 185 155
184 11 X 106 3
252 10 X 184 3
303 9 X 253 252
340 8 X 303 284
374 7 X 342 340
397 6 X 365 374
327 8 X 233 3
366 7 X 327 326
396 6 X 365 366
408 5 X 397 396
413 4 X 403 408
418 3 X 414 413
422 2 X 420 418
424 1 X 423 422
