119
cyciyb kbsbxu dzlgso ziuelj spazvs pocxpm kliudc luhaia uecfjf afcprr xfxial gthodb dtmrbe euouzb fxzaso dauvoi
6 7 2 15 1 9 13 3 16 11 10 4 5 12 14 8
3 17 1 -1 -1
1 17 -1 -1 -1
7 15 X 1 3
93 6 X 3 7
102 5 X 3 93
2 17 0 -1 -1
5 16 X 2 3
10 15 X 3 5
16 14 X 3 10
30 13 X 16 3
43 12 X 30 3
59 11 X 3 43
14 14 X 3 5
28 13 X 14 3
41 12 X 28 3
57 11 X 3 41
74 9 X 59 57
13 14 X 3 2
26 13 X 13 3
39 12 X 26 3
55 11 X 3 39
69 9 X 3 55
85 8 X 74 69
90 7 X 3 85
17 14 X 7 3
8 15 X 1 5
18 14 X 8 3
31 13 X 18 17
44 12 X 31 17
61 11 X 44 17
63 10 X 17 61
4 16 X 2 1
12 15 X 4 5
21 14 X 12 3
33 13 X 21 17
46 12 X 33 17
62 11 X 46 17
64 10 X 17 62
77 9 X 63 64
99 6 X 90 77
105 5 X 3 99
110 4 X 102 105
9 15 X 3 2
19 14 X 9 3
32 13 X 19 3
34 12 X 3 32
50 11 X 3 34
71 9 X 50 3
80 8 X 3 71
87 7 X 3 80
96 6 X 87 7
104 5 X 3 96
6 16 X 3 2
11 15 X 3 6
25 13 X 9 11
38 12 X 25 3
54 11 X 3 38
15 14 X 3 9
29 13 X 15 11
42 12 X 29 3
58 11 X 3 42
68 10 X 54 58
20 14 X 11 6
23 13 X 2 20
36 12 X 23 3
52 11 X 3 36
27 13 X 13 20
40 12 X 27 3
56 11 X 3 40
67 10 X 52 56
79 9 X 68 67
49 11 X 3 32
66 10 X 49 3
22 13 X 2 3
47 11 X 3 22
48 11 X 3 26
65 10 X 47 48
78 9 X 66 65
86 8 X 79 78
91 7 X 3 86
100 6 X 91 17
106 5 X 3 100
112 4 X 104 106
116 3 X 110 112
94 6 X 3 17
103 5 X 3 94
109 4 X 102 103
118 2 X 116 109
24 13 X 9 3
37 12 X 24 3
53 11 X 3 37
35 12 X 22 3
51 11 X 3 35
72 9 X 53 51
45 12 X 32 3
60 11 X 3 45
76 9 X 60 51
82 8 X 72 76
89 7 X 3 82
98 6 X 89 3
75 9 X 60 47
81 8 X 72 75
88 7 X 3 81
97 6 X 88 17
108 5 X 98 97
113 4 X 104 108
115 3 X 109 113
95 6 X 82 3
73 9 X 53 52
70 9 X 49 47
83 8 X 73 70
84 8 X 73 75
92 7 X 83 84
101 6 X 92 17
107 5 X 95 101
111 4 X 102 107
114 3 X 109 111
117 2 X 115 114
119 1 X 118 117
