233
eziqkj oqstrj dbgofw wcczdo cxoqvy orsuhm mgczmx iylpmz vocjot cxxnfj twocpq jmqtxr kartvz tsfzap pntvdv wcbpwl tqpimx laskkk opncoi ypkxiu
1 6 14 10 8 18 15 12 19 13 4 2 16 11 20 3 9 5 7 17
1 21 -1 -1 -1
3 21 1 -1 -1
5 20 X 1 3
20 17 X 3 5
54 15 X 5 20
38 16 X 5 3
45 16 X 20 3
62 15 X 38 45
110 13 X 54 62
2 21 0 -1 -1
4 20 X 1 2
15 18 X 4 5
28 17 X 15 5
22 17 X 4 5
47 16 X 28 22
70 15 X 47 20
96 14 X 70 54
11 18 X 2 5
25 17 X 11 5
17 17 X 2 3
46 16 X 25 17
69 15 X 46 45
95 14 X 69 62
124 13 X 96 95
56 15 X 22 20
81 14 X 56 54
18 17 X 2 5
44 16 X 18 17
68 15 X 44 45
94 14 X 68 62
118 13 X 81 94
140 12 X 124 118
39 16 X 5 17
63 15 X 39 45
89 14 X 63 62
111 13 X 54 89
163 11 X 140 111
171 10 X 110 163
185 9 X 171 110
200 8 X 185 110
210 7 X 200 110
218 6 X 110 210
6 20 X 2 3
8 19 X 6 3
14 18 X 3 8
27 17 X 14 3
43 16 X 5 27
67 15 X 43 45
93 14 X 67 62
112 13 X 54 93
9 19 X 6 5
16 18 X 5 9
29 17 X 16 5
48 16 X 29 27
71 15 X 48 45
97 14 X 71 62
113 13 X 54 97
135 12 X 112 113
160 11 X 135 112
169 10 X 110 160
184 9 X 169 110
199 8 X 184 110
209 7 X 199 110
217 6 X 110 209
224 5 X 218 217
229 4 X 224 110
42 16 X 5 25
66 15 X 42 20
92 14 X 66 54
10 18 X 2 3
24 17 X 10 3
41 16 X 5 24
65 15 X 41 45
91 14 X 65 62
123 13 X 92 91
40 16 X 5 18
64 15 X 40 20
90 14 X 64 54
122 13 X 90 89
139 12 X 123 122
162 11 X 139 111
170 10 X 110 162
198 8 X 170 110
208 7 X 198 110
216 6 X 110 208
223 5 X 216 110
228 4 X 223 110
231 2 X 229 228
7 20 X 3 2
31 16 X 3 7
59 15 X 31 3
84 14 X 59 3
30 16 X 3 2
57 15 X 30 3
82 14 X 57 3
119 13 X 84 82
13 18 X 3 7
33 16 X 3 13
61 15 X 33 3
87 14 X 61 3
12 18 X 3 2
32 16 X 3 12
60 15 X 32 3
85 14 X 60 3
120 13 X 87 85
137 12 X 120 3
158 11 X 119 137
168 10 X 3 158
183 9 X 168 3
195 8 X 3 183
204 7 X 3 195
212 6 X 3 204
106 13 X 33 32
55 15 X 13 33
76 14 X 33 55
115 13 X 76 32
134 12 X 106 115
49 15 X 3 33
107 13 X 49 3
133 12 X 106 107
159 11 X 134 133
179 9 X 159 3
191 8 X 3 179
202 7 X 3 191
211 6 X 3 202
220 5 X 212 211
114 13 X 59 57
136 12 X 114 3
86 14 X 60 57
105 13 X 3 86
132 12 X 105 3
161 11 X 136 132
180 9 X 161 3
192 8 X 3 180
203 7 X 3 192
88 14 X 61 59
121 13 X 88 86
138 12 X 121 3
157 11 X 114 138
178 9 X 157 3
190 8 X 3 178
201 7 X 3 190
219 6 X 203 201
225 5 X 219 211
226 4 X 220 225
230 3 X 3 226
58 15 X 30 32
83 14 X 58 3
73 14 X 32 3
100 13 X 3 73
155 11 X 83 100
166 10 X 3 155
72 14 X 30 3
153 11 X 72 100
164 10 X 3 153
181 9 X 166 164
193 8 X 3 181
127 12 X 73 3
156 11 X 83 127
167 10 X 3 156
154 11 X 72 127
165 10 X 3 154
182 9 X 167 165
194 8 X 3 182
206 7 X 193 194
214 6 X 3 206
21 17 X 3 12
35 16 X 3 21
98 13 X 3 35
145 11 X 35 98
26 17 X 13 12
37 16 X 3 26
99 13 X 3 37
149 11 X 37 99
174 10 X 145 149
19 17 X 3 2
34 16 X 3 19
77 14 X 35 34
103 13 X 3 77
143 11 X 34 103
23 17 X 7 2
36 16 X 3 23
78 14 X 37 36
104 13 X 3 78
147 11 X 36 104
172 10 X 143 147
186 9 X 174 172
196 8 X 3 186
51 15 X 3 35
108 13 X 51 3
125 12 X 35 108
146 11 X 35 125
53 15 X 3 37
109 13 X 53 3
126 12 X 37 109
150 11 X 37 126
175 10 X 146 150
50 15 X 3 34
79 14 X 51 50
116 13 X 79 3
130 12 X 77 116
144 11 X 34 130
52 15 X 3 36
80 14 X 53 52
117 13 X 80 3
131 12 X 78 117
148 11 X 36 131
173 10 X 144 148
187 9 X 175 173
197 8 X 3 187
207 7 X 196 197
215 6 X 3 207
222 5 X 214 215
75 14 X 32 58
102 13 X 3 75
151 11 X 58 102
74 14 X 32 30
101 13 X 3 74
141 11 X 30 101
176 9 X 151 141
188 8 X 3 176
129 12 X 75 3
152 11 X 58 129
128 12 X 74 3
142 11 X 30 128
177 9 X 152 142
189 8 X 3 177
205 7 X 188 189
213 6 X 3 205
221 5 X 213 215
227 4 X 222 221
232 2 X 230 227
233 1 X 231 232
