484
thhkjn wijfew xjwnml gvlroq yppbpg xsxkoa msbtmc suyccg cynpqh xnxout ubvjhr scyhea qolzsz uplgih imamuk jhjjcs
16 3 1 10 15 9 14 7 5 4 6 13 12 11 8 2
3 17 1 -1 -1
2 17 0 -1 -1
76 13 X 3 2
119 12 X 3 76
10 16 X 2 3
77 13 X 3 10
120 12 X 3 77
216 11 X 119 120
243 10 X 119 120
315 9 X 216 243
364 8 X 3 315
445 6 X 364 3
471 4 X 445 364
154 11 X 2 10
298 9 X 154 2
363 8 X 3 298
444 6 X 363 3
470 4 X 444 363
478 3 X 471 470
5 17 3 -1 -1
6 17 4 -1 -1
1 17 -1 -1 -1
45 14 X 6 1
18 16 X 5 6
53 14 X 18 1
100 13 X 45 53
164 11 X 5 100
159 11 X 5 6
304 9 X 164 159
4 17 2 -1 -1
26 15 X 4 5
62 14 X 26 5
11 16 X 2 4
12 16 X 2 5
34 15 X 11 12
69 14 X 34 12
114 13 X 62 69
143 12 X 62 114
54 14 X 18 6
85 13 X 6 54
13 16 X 2 6
84 13 X 6 13
147 12 X 85 84
230 11 X 143 147
112 13 X 62 2
142 12 X 62 112
83 13 X 6 2
124 12 X 6 83
229 11 X 142 124
91 13 X 26 34
128 12 X 26 91
27 15 X 4 6
35 15 X 11 13
92 13 X 27 35
129 12 X 27 92
220 11 X 128 129
291 10 X 229 220
325 9 X 230 291
376 8 X 304 325
81 13 X 5 45
199 11 X 81 45
21 15 X 3 5
22 15 X 3 6
19 15 X 3 1
57 14 X 22 19
87 13 X 21 57
204 11 X 87 57
282 10 X 199 204
198 11 X 81 6
16 16 X 3 5
40 15 X 16 5
17 16 X 3 6
41 15 X 17 6
14 16 X 3 1
36 15 X 14 1
75 14 X 41 36
95 13 X 40 75
213 11 X 95 41
281 10 X 198 213
358 9 X 282 281
63 14 X 27 1
113 13 X 62 63
9 16 X 2 1
70 14 X 35 9
115 13 X 62 70
152 12 X 113 115
125 12 X 6 84
239 11 X 152 125
33 15 X 10 13
30 15 X 10 9
67 14 X 33 30
88 13 X 21 67
149 12 X 87 88
90 13 X 22 33
127 12 X 22 90
236 11 X 149 127
297 10 X 239 236
151 12 X 113 112
238 11 X 151 124
15 16 X 3 4
38 15 X 15 5
73 14 X 38 40
39 15 X 15 6
74 14 X 39 36
118 13 X 73 74
117 13 X 73 70
153 12 X 118 117
96 13 X 41 13
130 12 X 41 96
240 11 X 153 130
296 10 X 238 240
362 9 X 297 296
411 8 X 358 362
420 7 X 376 411
43 14 X 4 5
173 11 X 43 85
172 11 X 43 6
254 10 X 172 4
310 9 X 173 254
42 14 X 4 1
171 11 X 42 6
20 15 X 3 4
56 14 X 20 19
186 11 X 56 22
251 10 X 171 186
37 15 X 15 4
72 14 X 37 36
195 11 X 72 41
252 10 X 171 195
332 9 X 251 252
415 7 X 310 332
446 6 X 420 415
50 14 X 11 12
98 13 X 43 50
132 12 X 43 98
222 11 X 132 147
255 10 X 173 222
334 9 X 255 254
385 8 X 310 334
31 15 X 10 11
66 14 X 31 30
105 13 X 56 66
137 12 X 56 105
224 11 X 137 127
253 10 X 171 224
333 9 X 253 252
393 8 X 332 333
429 7 X 385 393
447 6 X 420 429
464 5 X 446 447
8 16 X 1 6
47 14 X 6 8
55 14 X 18 8
103 13 X 47 55
165 11 X 5 103
305 9 X 165 159
377 8 X 305 325
23 15 X 3 8
58 14 X 22 23
205 11 X 87 58
202 11 X 87 22
313 9 X 205 202
86 13 X 21 2
148 12 X 87 86
89 13 X 22 2
126 12 X 22 89
234 11 X 148 126
295 10 X 234 236
327 9 X 236 295
387 8 X 313 327
421 7 X 377 387
97 13 X 43 2
131 12 X 43 97
221 11 X 131 124
78 13 X 4 11
121 12 X 4 78
288 10 X 221 121
321 9 X 222 288
384 8 X 310 321
104 13 X 56 2
136 12 X 56 104
223 11 X 136 126
289 10 X 223 224
322 9 X 224 289
366 8 X 186 322
428 7 X 384 366
448 6 X 421 428
474 4 X 464 448
241 10 X 45 164
176 11 X 45 6
328 9 X 241 176
51 14 X 13 9
185 11 X 51 13
169 11 X 12 13
274 10 X 185 169
351 9 X 274 2
390 8 X 328 351
24 15 X 3 18
59 14 X 24 19
107 13 X 57 59
207 11 X 87 107
242 10 X 57 207
187 11 X 57 22
329 9 X 242 187
194 11 X 67 33
32 15 X 10 12
93 13 X 32 67
212 11 X 93 33
280 10 X 194 212
357 9 X 280 2
391 8 X 329 357
430 7 X 390 391
163 11 X 5 85
259 10 X 176 163
256 10 X 176 4
337 9 X 259 256
417 7 X 337 187
455 6 X 430 417
80 13 X 5 12
197 11 X 80 84
264 10 X 176 197
340 9 X 264 256
395 8 X 337 340
108 13 X 57 67
215 11 X 108 90
276 10 X 187 215
353 9 X 276 187
370 8 X 187 353
433 7 X 395 370
456 6 X 430 433
467 5 X 455 456
178 11 X 45 47
269 10 X 178 165
345 9 X 269 176
401 8 X 345 351
189 11 X 57 58
60 14 X 24 23
110 13 X 58 60
208 11 X 87 110
278 10 X 189 208
355 9 X 278 187
409 8 X 355 357
438 7 X 401 409
396 8 X 337 351
312 9 X 194 2
368 8 X 187 312
434 7 X 396 368
460 6 X 438 434
476 4 X 467 460
480 3 X 474 476
482 2 X 478 480
99 13 X 45 51
133 12 X 45 99
167 11 X 5 133
166 11 X 5 125
308 9 X 167 166
79 13 X 5 2
122 12 X 5 79
218 11 X 122 125
217 11 X 122 124
286 10 X 217 220
316 9 X 218 286
380 8 X 308 316
201 11 X 81 133
139 12 X 57 108
210 11 X 87 139
284 10 X 201 210
200 11 X 81 125
214 11 X 95 130
283 10 X 200 214
359 9 X 284 283
145 12 X 81 79
232 11 X 145 125
235 11 X 148 127
293 10 X 232 235
231 11 X 145 124
94 13 X 40 51
150 12 X 95 94
237 11 X 150 130
292 10 X 231 237
360 9 X 293 292
412 8 X 359 360
424 7 X 380 412
170 11 X 26 27
246 10 X 159 170
302 9 X 159 246
365 8 X 159 302
260 10 X 176 187
196 11 X 75 41
263 10 X 176 196
338 9 X 260 263
418 7 X 365 338
449 6 X 424 418
102 13 X 47 13
135 12 X 47 102
168 11 X 5 135
44 14 X 5 4
46 14 X 6 4
52 14 X 13 11
101 13 X 46 52
134 12 X 46 101
175 11 X 44 134
250 10 X 166 175
309 9 X 168 250
61 14 X 26 4
68 14 X 34 11
111 13 X 61 68
141 12 X 61 111
64 14 X 27 4
71 14 X 35 11
116 13 X 64 71
144 12 X 64 116
228 11 X 141 144
287 10 X 217 228
317 9 X 218 287
382 8 X 309 317
109 13 X 58 33
140 12 X 58 109
211 11 X 87 140
209 11 X 87 127
314 9 X 211 209
326 9 X 235 295
388 8 X 314 326
426 7 X 382 388
307 9 X 166 250
379 8 X 307 317
192 11 X 57 127
106 13 X 57 2
138 12 X 57 106
226 11 X 138 127
225 11 X 138 126
227 11 X 139 127
290 10 X 225 227
323 9 X 226 290
373 8 X 192 323
423 7 X 379 373
453 6 X 426 423
174 11 X 44 46
247 10 X 159 174
303 9 X 159 247
375 8 X 303 317
369 8 X 187 323
419 7 X 375 369
452 6 X 426 419
466 5 X 453 452
472 4 X 449 466
179 11 X 45 51
28 15 X 5 1
48 14 X 6 28
182 11 X 48 51
271 10 X 179 182
177 11 X 45 13
347 9 X 271 177
155 11 X 2 13
299 9 X 155 2
403 8 X 347 299
190 11 X 57 67
188 11 X 57 33
311 9 X 190 188
156 11 X 2 33
300 9 X 156 2
386 8 X 311 300
440 7 X 403 386
7 16 X 1 5
29 15 X 7 1
49 14 X 6 29
183 11 X 49 6
180 11 X 48 6
272 10 X 183 180
348 9 X 272 176
25 15 X 4 1
65 14 X 27 25
193 11 X 65 27
262 10 X 176 193
349 9 X 272 262
405 8 X 348 349
442 7 X 405 187
463 6 X 440 442
181 11 X 48 13
268 10 X 177 181
344 9 X 268 177
400 8 X 344 299
371 8 X 188 300
437 7 X 400 371
184 11 X 49 13
273 10 X 184 181
350 9 X 273 177
406 8 X 350 299
443 7 X 406 371
459 6 X 437 443
404 8 X 348 299
367 8 X 187 300
441 7 X 404 367
458 6 X 437 441
468 5 X 459 458
473 4 X 463 468
479 3 X 472 473
123 12 X 5 80
219 11 X 123 125
319 9 X 219 286
381 8 X 308 319
82 13 X 5 51
146 12 X 81 82
233 11 X 146 125
294 10 X 233 236
361 9 X 294 292
413 8 X 359 361
425 7 X 381 413
244 10 X 159 4
301 9 X 159 244
414 7 X 301 338
450 6 X 425 414
245 10 X 159 166
330 9 X 245 244
248 10 X 159 219
331 9 X 248 244
392 8 X 330 331
261 10 X 176 192
339 9 X 261 263
265 10 X 176 227
341 9 X 265 263
397 8 X 339 341
431 7 X 392 397
451 6 X 425 431
465 5 X 450 451
320 9 X 219 287
383 8 X 309 320
389 8 X 314 327
427 7 X 383 389
158 11 X 4 121
249 10 X 166 158
306 9 X 166 249
285 10 X 217 121
318 9 X 219 285
378 8 X 306 318
324 9 X 227 290
374 8 X 192 324
422 7 X 378 374
454 6 X 427 422
475 4 X 465 454
161 11 X 5 51
270 10 X 179 161
346 9 X 270 177
402 8 X 346 351
206 11 X 87 67
279 10 X 190 206
356 9 X 279 188
410 8 X 356 357
439 7 X 402 410
257 10 X 176 159
335 9 X 257 256
416 7 X 335 187
461 6 X 439 416
162 11 X 5 84
258 10 X 176 162
336 9 X 258 256
394 8 X 336 340
191 11 X 57 90
275 10 X 187 191
352 9 X 275 187
407 8 X 352 353
432 7 X 394 407
462 6 X 439 432
469 5 X 461 462
160 11 X 5 13
267 10 X 177 160
342 9 X 267 177
398 8 X 342 351
203 11 X 87 33
277 10 X 188 203
354 9 X 277 188
408 8 X 354 357
435 7 X 398 408
157 11 X 4 11
266 10 X 177 157
343 9 X 267 266
399 8 X 343 351
372 8 X 188 312
436 7 X 399 372
457 6 X 435 436
477 4 X 469 457
481 3 X 475 477
483 2 X 479 481
484 1 X 482 483
