618
wvxtnt hdgonf fvphbo treekr uaovnt zttzgj bghqia jjocay zzbevf xkqidn plzvjx tdnkvp lgzhdu uuyesv nxiadf kczezm rstdii ptfbpt pdylvn zafxpp
13 15 18 2 20 8 6 7 14 17 11 12 10 3 1 9 4 16 5 19
3 21 1 -1 -1
1 21 -1 -1 -1
9 19 X 3 1
35 17 X 9 3
77 15 X 35 1
69 15 X 3 1
124 14 X 77 69
181 13 X 124 1
244 12 X 181 1
17 18 X 1 9
14 18 X 1 3
38 17 X 17 14
66 16 X 38 35
118 14 X 66 3
177 13 X 118 1
240 12 X 177 1
322 11 X 244 240
105 14 X 35 3
166 13 X 105 1
228 12 X 166 1
304 11 X 228 240
408 10 X 322 304
47 16 X 1 35
110 14 X 47 3
170 13 X 110 1
232 12 X 170 1
321 11 X 244 232
41 16 X 1 3
111 14 X 47 41
171 13 X 111 1
233 12 X 171 1
407 10 X 321 233
474 9 X 408 407
107 14 X 38 14
168 13 X 107 1
230 12 X 168 1
308 11 X 230 240
346 10 X 1 308
307 11 X 230 232
345 10 X 1 307
432 9 X 346 345
524 8 X 474 432
137 13 X 3 1
205 12 X 137 1
53 16 X 14 3
115 14 X 53 3
175 13 X 115 1
237 12 X 175 1
285 11 X 205 237
108 14 X 41 3
169 13 X 108 1
231 12 X 169 1
284 11 X 205 231
144 13 X 41 1
208 12 X 144 1
387 10 X 284 208
418 9 X 285 387
138 13 X 14 1
206 12 X 138 1
288 11 X 206 237
336 10 X 1 288
287 11 X 206 231
335 10 X 1 287
424 9 X 336 335
484 8 X 418 424
557 7 X 524 484
2 21 0 -1 -1
7 19 X 2 1
16 18 X 1 7
29 17 X 1 16
258 11 X 1 29
142 13 X 29 1
264 11 X 1 142
368 10 X 258 264
13 18 X 1 2
27 17 X 1 13
257 11 X 1 27
140 13 X 27 1
262 11 X 1 140
365 10 X 257 262
452 9 X 368 365
502 8 X 452 1
542 7 X 502 1
585 6 X 557 542
5 20 X 3 1
11 19 X 3 5
36 17 X 9 11
67 16 X 38 36
93 15 X 66 67
52 16 X 3 11
70 15 X 3 52
136 14 X 93 70
193 13 X 136 1
256 12 X 193 1
325 11 X 244 256
411 10 X 325 304
48 16 X 1 36
84 15 X 47 48
130 14 X 84 70
187 13 X 130 1
250 12 X 187 1
324 11 X 244 250
410 10 X 324 233
476 9 X 411 410
526 8 X 476 432
559 7 X 526 484
366 10 X 258 1
364 10 X 257 1
447 9 X 366 364
497 8 X 447 1
536 7 X 497 1
588 6 X 559 536
603 5 X 585 588
303 11 X 228 232
396 10 X 303 233
420 9 X 304 396
487 8 X 420 432
79 15 X 38 14
127 14 X 79 14
184 13 X 127 1
247 12 X 184 1
92 15 X 66 53
135 14 X 92 3
192 13 X 135 1
255 12 X 192 1
329 11 X 247 255
353 10 X 1 329
83 15 X 47 41
129 14 X 83 3
186 13 X 129 1
249 12 X 186 1
328 11 X 247 249
352 10 X 1 328
439 9 X 353 352
485 8 X 418 439
531 7 X 487 485
95 14 X 1 29
143 13 X 29 95
265 11 X 1 143
369 10 X 258 265
453 9 X 369 257
503 8 X 453 1
543 7 X 503 1
563 6 X 531 543
50 16 X 1 38
43 16 X 1 14
113 14 X 50 43
173 13 X 113 1
235 12 X 173 1
311 11 X 235 233
348 10 X 1 311
433 9 X 346 348
493 8 X 433 432
146 13 X 43 1
210 12 X 146 1
290 11 X 210 208
337 10 X 1 290
425 9 X 336 337
489 8 X 425 439
533 7 X 493 489
260 11 X 1 95
367 10 X 258 260
450 9 X 367 257
500 8 X 450 1
540 7 X 500 1
567 6 X 533 540
592 5 X 563 567
611 4 X 603 592
106 14 X 38 3
167 13 X 106 1
229 12 X 167 1
320 11 X 244 229
302 11 X 228 229
406 10 X 320 302
94 14 X 1 3
155 13 X 94 1
218 12 X 155 1
318 11 X 244 218
96 14 X 1 41
157 13 X 96 1
220 12 X 157 1
309 11 X 233 220
404 10 X 318 309
473 9 X 406 404
306 11 X 230 229
344 10 X 1 306
305 11 X 230 218
343 10 X 1 305
430 9 X 344 343
523 8 X 473 430
102 14 X 14 3
163 13 X 102 1
226 12 X 163 1
283 11 X 205 226
282 11 X 205 218
289 11 X 208 220
386 10 X 282 289
417 9 X 283 386
71 15 X 14 1
149 13 X 71 1
213 12 X 149 1
119 14 X 71 69
178 13 X 119 1
241 12 X 178 1
294 11 X 213 241
341 10 X 1 294
98 14 X 1 69
159 13 X 98 1
222 12 X 159 1
293 11 X 213 222
340 10 X 1 293
428 9 X 341 340
482 8 X 417 428
556 7 X 523 482
413 9 X 264 262
478 8 X 413 1
528 7 X 478 1
583 6 X 556 528
18 18 X 1 11
39 17 X 17 18
68 16 X 38 39
80 15 X 38 68
128 14 X 80 70
185 13 X 128 1
248 12 X 185 1
323 11 X 244 248
409 10 X 323 302
99 14 X 1 70
160 13 X 99 1
223 12 X 160 1
319 11 X 244 223
405 10 X 319 309
475 9 X 409 405
525 8 X 475 430
558 7 X 525 482
586 6 X 558 1
601 5 X 583 586
301 11 X 228 218
395 10 X 301 309
419 9 X 302 395
486 8 X 419 430
78 15 X 38 1
126 14 X 78 71
183 13 X 126 1
246 12 X 183 1
125 14 X 78 69
182 13 X 125 1
245 12 X 182 1
327 11 X 246 245
351 10 X 1 327
326 11 X 246 222
350 10 X 1 326
438 9 X 351 350
483 8 X 417 438
530 7 X 486 483
55 16 X 27 1
116 14 X 55 27
141 13 X 27 116
263 11 X 1 141
414 9 X 265 263
479 8 X 414 1
529 7 X 479 1
561 6 X 530 529
310 11 X 235 220
347 10 X 1 310
431 9 X 344 347
492 8 X 431 430
286 11 X 206 226
334 10 X 1 286
291 11 X 210 220
338 10 X 1 291
423 9 X 334 338
488 8 X 423 438
532 7 X 492 488
412 9 X 260 263
477 8 X 412 1
527 7 X 477 1
565 6 X 532 527
590 5 X 561 565
609 4 X 601 590
615 3 X 611 609
584 6 X 557 1
587 6 X 559 1
602 5 X 584 587
562 6 X 531 1
566 6 X 533 1
591 5 X 562 566
610 4 X 602 591
582 6 X 556 1
600 5 X 582 586
560 6 X 530 1
564 6 X 532 1
589 5 X 560 564
608 4 X 600 589
614 3 X 610 608
617 2 X 615 614
317 11 X 244 1
401 10 X 317 228
402 10 X 317 233
471 9 X 401 402
4 20 X 1 3
12 19 X 4 1
19 18 X 1 12
15 18 X 1 4
40 17 X 19 15
51 16 X 1 40
44 16 X 1 15
114 14 X 51 44
174 13 X 114 1
236 12 X 174 1
37 17 X 12 4
49 16 X 1 37
42 16 X 1 4
112 14 X 49 42
172 13 X 112 1
234 12 X 172 1
312 11 X 236 234
349 10 X 1 312
435 9 X 349 345
521 8 X 471 435
8 19 X 2 3
22 18 X 3 8
33 17 X 3 22
65 16 X 33 22
76 15 X 33 65
57 16 X 29 16
73 15 X 29 57
152 13 X 76 73
215 12 X 152 73
296 11 X 215 73
389 10 X 296 205
64 16 X 33 3
123 14 X 76 64
56 16 X 29 1
120 14 X 73 56
180 13 X 123 120
243 12 X 180 120
315 11 X 243 120
399 10 X 315 208
465 9 X 389 399
147 13 X 44 1
211 12 X 147 1
145 13 X 42 1
209 12 X 145 1
292 11 X 211 209
359 10 X 73 292
357 10 X 56 287
444 9 X 359 357
515 8 X 465 444
552 7 X 521 515
104 14 X 29 56
261 11 X 1 104
372 10 X 261 1
449 9 X 366 372
259 11 X 1 56
370 10 X 259 1
448 9 X 366 370
499 8 X 449 448
358 10 X 73 1
361 10 X 120 1
443 9 X 358 361
356 10 X 56 1
442 9 X 358 356
496 8 X 443 442
538 7 X 499 496
576 6 X 552 538
203 12 X 120 1
316 11 X 243 203
400 10 X 316 208
466 9 X 389 400
201 12 X 56 1
269 11 X 56 201
375 10 X 269 287
445 9 X 359 375
516 8 X 466 445
553 7 X 521 516
270 11 X 73 1
376 10 X 270 1
271 11 X 120 1
377 10 X 271 1
456 9 X 376 377
268 11 X 56 1
374 10 X 268 1
455 9 X 376 374
505 8 X 456 455
539 7 X 499 505
577 6 X 553 539
597 5 X 576 577
300 11 X 228 1
392 10 X 300 228
393 10 X 300 233
468 9 X 392 393
518 8 X 468 435
281 11 X 205 1
383 10 X 281 205
384 10 X 281 208
462 9 X 383 384
88 15 X 51 44
134 14 X 88 44
191 13 X 134 1
254 12 X 191 1
86 15 X 49 42
132 14 X 86 42
189 13 X 132 1
252 12 X 189 1
331 11 X 254 252
355 10 X 1 331
441 9 X 355 352
511 8 X 462 441
549 7 X 518 511
498 8 X 449 1
537 7 X 498 1
573 6 X 549 537
437 9 X 349 348
495 8 X 437 435
339 10 X 1 292
426 9 X 339 337
490 8 X 426 441
535 7 X 495 490
451 9 X 367 261
501 8 X 451 1
541 7 X 501 1
571 6 X 535 541
594 5 X 573 571
605 4 X 597 594
403 10 X 317 309
472 9 X 401 403
434 9 X 349 343
522 8 X 472 434
100 14 X 3 33
161 13 X 100 1
224 12 X 161 1
156 13 X 95 1
219 12 X 156 1
298 11 X 224 219
390 10 X 298 205
101 14 X 3 64
162 13 X 101 1
225 12 X 162 1
97 14 X 1 56
158 13 X 97 1
221 12 X 158 1
299 11 X 225 221
391 10 X 299 289
467 9 X 390 391
82 15 X 44 1
154 13 X 82 1
217 12 X 154 1
81 15 X 42 1
153 13 X 81 1
216 12 X 153 1
297 11 X 217 216
342 10 X 1 297
429 9 X 342 340
517 8 X 467 429
555 7 X 522 517
25 17 X 1 3
72 15 X 25 1
196 12 X 1 72
207 12 X 142 1
278 11 X 196 207
194 12 X 1 25
103 14 X 25 1
197 12 X 1 103
273 11 X 194 197
381 10 X 278 273
164 13 X 104 1
227 12 X 164 1
267 11 X 1 227
373 10 X 267 1
460 9 X 381 373
28 17 X 1 15
46 16 X 1 28
195 12 X 1 46
26 17 X 1 4
45 16 X 1 26
109 14 X 45 1
198 12 X 1 109
276 11 X 195 198
333 10 X 1 276
422 9 X 333 1
509 8 X 460 422
117 14 X 56 29
176 13 X 117 1
239 12 X 176 25
238 12 X 176 1
313 11 X 239 238
397 10 X 313 273
148 13 X 56 1
212 12 X 148 1
363 10 X 212 1
470 9 X 397 363
520 8 X 470 422
547 7 X 509 520
581 6 X 555 547
385 10 X 281 289
463 9 X 383 385
512 8 X 463 429
554 7 X 522 512
277 11 X 196 1
272 11 X 194 1
379 10 X 277 272
458 9 X 379 1
274 11 X 195 1
332 10 X 1 274
421 9 X 332 1
507 8 X 458 421
415 9 X 272 1
480 8 X 415 421
545 7 X 507 480
578 6 X 554 545
599 5 X 581 578
394 10 X 300 309
469 9 X 392 394
519 8 X 469 434
87 15 X 51 1
133 14 X 87 82
190 13 X 133 1
253 12 X 190 1
85 15 X 49 1
131 14 X 85 81
188 13 X 131 1
251 12 X 188 1
330 11 X 253 251
354 10 X 1 330
440 9 X 354 350
513 8 X 463 440
550 7 X 519 513
378 10 X 272 273
457 9 X 378 1
506 8 X 457 422
574 6 X 550 506
436 9 X 349 347
494 8 X 436 434
427 9 X 339 338
491 8 X 427 440
534 7 X 494 491
275 11 X 195 95
371 10 X 260 275
165 13 X 104 56
266 11 X 1 165
454 9 X 371 266
504 8 X 454 421
544 7 X 504 421
569 6 X 534 544
596 5 X 574 569
607 4 X 599 596
613 3 X 605 607
21 18 X 2 8
32 17 X 3 21
61 16 X 32 21
75 15 X 32 61
20 18 X 2 7
30 17 X 1 20
58 16 X 30 20
74 15 X 30 58
151 13 X 75 74
214 12 X 151 74
295 11 X 214 74
388 10 X 295 205
10 19 X 3 2
24 18 X 10 3
34 17 X 3 24
63 16 X 32 34
62 16 X 32 24
91 15 X 63 62
122 14 X 75 91
6 19 X 1 2
23 18 X 6 1
31 17 X 1 23
60 16 X 30 31
59 16 X 30 23
90 15 X 60 59
121 14 X 74 90
179 13 X 122 121
242 12 X 179 120
204 12 X 121 120
314 11 X 242 204
398 10 X 314 208
464 9 X 388 398
360 10 X 74 292
202 12 X 90 56
362 10 X 202 287
446 9 X 360 362
514 8 X 464 446
551 7 X 521 514
575 6 X 551 538
572 6 X 549 1
570 6 X 535 1
593 5 X 572 570
604 4 X 575 593
380 10 X 277 273
459 9 X 380 1
508 8 X 459 422
546 7 X 508 506
579 6 X 554 546
54 16 X 25 26
89 15 X 54 1
150 13 X 72 89
200 12 X 1 150
280 11 X 200 1
139 13 X 25 54
199 12 X 1 139
279 11 X 199 1
382 10 X 280 279
461 9 X 382 1
510 8 X 461 421
416 9 X 279 1
481 8 X 416 421
548 7 X 510 481
580 6 X 554 548
598 5 X 579 580
568 6 X 534 421
595 5 X 574 568
606 4 X 598 595
612 3 X 604 606
616 2 X 613 612
618 1 X 617 616
