438
wpugtk rfqghw zaelhf cmwqem qgtxxp hldody dhgmoy dllssp alhdkw gimrrq tgdzxp kdtamv sbhmyp ogjgkg boykpz puorai ernruc lgpvif xyzbaf kyoatm
9 7 6 12 10 4 5 8 19 3 20 16 11 14 2 13 17 15 18 1
4 21 2 -1 -1
3 21 1 -1 -1
230 11 X 3 4
302 10 X 4 230
1 21 -1 -1 -1
46 16 X 4 1
181 12 X 4 46
241 11 X 4 181
232 11 X 3 181
307 10 X 241 232
369 8 X 302 307
385 7 X 369 307
2 21 0 -1 -1
7 20 X 2 4
14 19 X 4 7
13 19 X 4 2
33 17 X 14 13
63 16 X 33 4
79 15 X 4 63
140 14 X 79 4
32 17 X 14 4
62 16 X 32 4
78 15 X 4 62
139 14 X 78 4
177 13 X 140 139
283 11 X 177 181
10 19 X 3 2
52 16 X 10 3
70 15 X 3 52
133 14 X 70 3
171 13 X 133 3
278 11 X 171 181
340 10 X 283 278
364 9 X 340 307
386 7 X 369 364
413 5 X 386 385
424 4 X 385 413
92 15 X 46 4
182 12 X 4 92
242 11 X 4 182
233 11 X 3 182
308 10 X 242 233
370 8 X 302 308
388 7 X 370 308
24 18 X 4 14
57 16 X 24 4
77 15 X 4 57
138 14 X 77 4
175 13 X 138 4
281 11 X 175 182
6 20 X 2 3
11 19 X 3 6
21 18 X 3 11
56 16 X 21 3
71 15 X 3 56
134 14 X 71 3
172 13 X 134 3
280 11 X 172 182
338 10 X 281 280
362 9 X 338 308
371 8 X 302 362
176 13 X 140 4
282 11 X 176 182
279 11 X 171 182
339 10 X 282 279
363 9 X 339 308
374 8 X 308 363
390 7 X 371 374
417 5 X 390 388
425 4 X 388 417
432 3 X 424 425
18 19 X 7 4
37 17 X 18 4
49 16 X 4 37
100 15 X 49 4
120 14 X 4 100
240 11 X 4 120
305 10 X 240 230
208 12 X 120 4
237 11 X 3 208
306 10 X 240 237
346 9 X 305 306
5 20 X 2 1
16 19 X 5 1
35 17 X 16 1
48 16 X 4 35
98 15 X 48 46
195 12 X 100 98
243 11 X 4 195
309 10 X 243 232
123 14 X 46 98
211 12 X 120 123
246 11 X 4 211
209 12 X 120 46
238 11 X 3 209
313 10 X 246 238
348 9 X 309 313
380 8 X 346 348
25 18 X 4 18
42 17 X 25 4
51 16 X 4 42
76 15 X 4 51
119 14 X 4 76
20 18 X 1 16
38 17 X 20 1
50 16 X 4 38
95 15 X 46 50
122 14 X 46 95
206 12 X 119 122
244 11 X 4 206
310 10 X 244 232
204 12 X 119 46
235 11 X 3 204
311 10 X 244 235
349 9 X 310 311
396 7 X 380 349
402 6 X 385 396
412 5 X 385 402
9 20 X 4 2
15 19 X 4 9
34 17 X 14 15
64 16 X 34 4
80 15 X 4 64
141 14 X 80 4
179 13 X 141 139
229 12 X 177 179
301 11 X 229 181
8 20 X 3 2
12 19 X 3 8
30 17 X 10 12
60 16 X 30 3
72 15 X 3 60
135 14 X 72 3
173 13 X 135 3
225 12 X 171 173
296 11 X 225 181
344 10 X 301 296
368 9 X 344 307
387 7 X 369 368
401 6 X 385 387
418 5 X 401 385
426 4 X 412 418
96 15 X 46 51
152 14 X 92 96
207 12 X 119 152
245 11 X 4 207
205 12 X 119 92
236 11 X 3 205
312 10 X 245 236
347 9 X 308 312
389 7 X 370 347
403 6 X 388 389
414 5 X 388 403
41 17 X 24 4
66 16 X 41 4
81 15 X 4 66
142 14 X 81 4
180 13 X 142 4
227 12 X 175 180
299 11 X 227 182
39 17 X 21 3
65 16 X 39 3
73 15 X 3 65
136 14 X 73 3
174 13 X 136 3
226 12 X 172 174
298 11 X 226 182
342 10 X 299 298
366 9 X 342 308
372 8 X 302 366
178 13 X 141 4
228 12 X 176 178
300 11 X 228 182
297 11 X 225 182
343 10 X 300 297
367 9 X 343 308
375 8 X 308 367
391 7 X 372 375
404 6 X 388 391
419 5 X 404 388
427 4 X 414 419
433 3 X 426 427
436 2 X 432 433
17 19 X 6 3
36 17 X 17 3
44 16 X 3 36
22 18 X 3 17
40 17 X 22 3
45 16 X 3 40
121 14 X 45 3
183 12 X 44 121
124 14 X 51 4
185 12 X 49 124
284 11 X 183 185
303 10 X 49 284
117 14 X 4 49
114 14 X 3 44
197 12 X 114 3
200 12 X 117 4
289 11 X 197 200
304 10 X 117 289
345 9 X 303 304
99 15 X 48 49
184 12 X 49 99
247 11 X 49 184
102 15 X 50 51
157 14 X 102 92
186 12 X 49 157
285 11 X 183 186
314 10 X 247 285
154 14 X 92 99
202 12 X 117 154
258 11 X 117 202
201 12 X 117 92
290 11 X 197 201
323 10 X 258 290
350 9 X 314 323
379 8 X 345 350
47 16 X 4 18
74 15 X 4 47
75 15 X 4 49
137 14 X 74 75
93 15 X 46 47
94 15 X 46 49
155 14 X 93 94
213 12 X 137 155
267 11 X 137 213
43 16 X 3 17
67 15 X 3 43
68 15 X 3 44
131 14 X 67 68
265 11 X 131 213
328 10 X 267 265
118 14 X 4 75
151 14 X 92 94
203 12 X 118 151
259 11 X 118 203
115 14 X 3 68
256 11 X 115 203
324 10 X 259 256
356 9 X 328 324
395 7 X 379 356
408 6 X 388 395
416 5 X 388 408
129 14 X 62 4
263 11 X 129 4
31 17 X 11 3
61 16 X 31 3
128 14 X 61 3
261 11 X 128 4
326 10 X 263 261
354 9 X 326 302
264 11 X 129 182
262 11 X 128 182
327 10 X 264 262
355 9 X 327 308
382 8 X 354 355
130 14 X 63 4
55 16 X 14 4
127 14 X 55 4
170 13 X 130 127
277 11 X 170 182
125 14 X 52 3
53 16 X 11 3
126 14 X 53 3
168 13 X 125 126
275 11 X 168 182
336 10 X 277 275
360 9 X 336 308
103 15 X 53 52
158 14 X 103 3
169 13 X 125 158
276 11 X 169 182
337 10 X 277 276
361 9 X 337 308
384 8 X 360 361
400 7 X 382 384
268 11 X 140 182
54 16 X 12 3
104 15 X 54 52
159 14 X 104 3
274 11 X 159 182
329 10 X 268 274
357 9 X 329 308
398 7 X 382 357
411 6 X 400 398
423 5 X 411 388
429 4 X 416 423
28 17 X 4 3
82 15 X 28 4
23 18 X 4 3
29 17 X 4 23
86 15 X 29 4
248 11 X 82 86
231 11 X 3 82
315 10 X 248 231
19 18 X 1 3
27 17 X 1 19
59 16 X 29 27
110 15 X 59 4
191 12 X 86 110
250 11 X 82 191
26 17 X 1 3
58 16 X 28 26
106 15 X 58 4
188 12 X 82 106
234 11 X 3 188
317 10 X 250 234
376 8 X 315 317
249 11 X 82 188
316 10 X 249 234
377 8 X 317 316
393 7 X 376 377
406 6 X 388 393
84 15 X 28 49
88 15 X 29 49
253 11 X 84 88
69 15 X 3 45
132 14 X 69 3
187 12 X 68 132
85 15 X 28 51
146 14 X 85 82
189 12 X 84 146
286 11 X 187 189
320 10 X 253 286
143 14 X 82 84
147 14 X 86 88
269 11 X 143 147
198 12 X 115 3
215 12 X 143 82
291 11 X 198 215
330 10 X 269 291
351 9 X 320 330
112 15 X 59 49
192 12 X 88 112
254 11 X 84 192
109 15 X 58 51
164 14 X 109 106
190 12 X 84 164
287 11 X 187 190
321 10 X 254 287
165 14 X 110 112
221 12 X 147 165
271 11 X 143 221
216 12 X 143 106
292 11 X 198 216
333 10 X 271 292
352 9 X 321 333
381 8 X 351 352
83 15 X 28 47
145 14 X 83 84
87 15 X 29 47
149 14 X 87 88
111 15 X 59 47
167 14 X 111 112
223 12 X 149 167
273 11 X 145 223
107 15 X 58 47
108 15 X 58 49
163 14 X 107 108
220 12 X 145 163
266 11 X 131 220
335 10 X 273 266
161 14 X 106 108
217 12 X 143 161
257 11 X 115 217
332 10 X 271 257
359 9 X 335 332
272 11 X 145 220
334 10 X 272 266
270 11 X 143 217
331 10 X 270 257
358 9 X 334 331
383 8 X 359 358
397 7 X 381 383
409 6 X 388 397
421 5 X 406 409
431 4 X 421 406
435 3 X 429 431
97 15 X 48 4
194 12 X 100 97
255 11 X 100 194
90 15 X 44 3
91 15 X 45 3
150 14 X 91 3
193 12 X 90 150
101 15 X 50 4
156 14 X 101 92
196 12 X 100 156
288 11 X 193 196
322 10 X 255 288
153 14 X 92 97
212 12 X 120 153
260 11 X 120 212
116 14 X 3 90
199 12 X 116 3
210 12 X 120 92
293 11 X 199 210
325 10 X 260 293
353 9 X 322 325
373 8 X 306 353
392 7 X 373 312
405 6 X 388 392
415 5 X 388 405
214 12 X 140 141
294 11 X 214 182
105 15 X 54 60
160 14 X 105 3
224 12 X 159 160
295 11 X 224 182
341 10 X 294 295
365 9 X 341 308
399 7 X 382 365
410 6 X 388 399
422 5 X 410 388
428 4 X 415 422
89 15 X 29 51
148 14 X 86 89
113 15 X 59 51
166 14 X 110 113
222 12 X 148 166
252 11 X 82 222
144 14 X 82 85
218 12 X 144 106
239 11 X 3 218
319 10 X 252 239
162 14 X 106 109
219 12 X 144 162
251 11 X 82 219
318 10 X 251 239
378 8 X 319 318
394 7 X 376 378
407 6 X 388 394
420 5 X 406 407
430 4 X 420 406
434 3 X 428 430
437 2 X 435 434
438 1 X 436 437
