277
phazhx pdwcnd agpmoq eemkwn kxsfpf trvdhj cbxvgq xedyxp pooset dpccpa jnqrpg cphzyk ysutym cmqofd upywzr vbhycg
13 5 3 16 4 14 8 2 9 10 12 6 11 15 1 7
3 17 1 -1 -1
4 17 2 -1 -1
15 15 X 3 4
50 13 X 3 15
211 7 X 50 4
1 17 -1 -1 -1
89 11 X 4 1
147 9 X 1 89
229 6 X 1 147
29 14 X 3 1
30 14 X 3 4
98 11 X 30 29
156 9 X 29 98
8 16 X 3 1
21 15 X 8 3
45 14 X 21 1
130 10 X 29 45
10 16 X 3 4
24 15 X 10 3
48 14 X 24 4
107 11 X 48 45
172 9 X 130 107
196 8 X 156 172
230 6 X 29 196
251 5 X 229 230
264 4 X 211 251
150 9 X 4 50
216 7 X 150 4
240 6 X 216 4
16 15 X 4 1
38 14 X 4 16
101 11 X 38 4
14 15 X 3 1
42 14 X 15 14
51 13 X 3 42
2 17 0 -1 -1
9 16 X 3 2
32 14 X 3 9
11 16 X 4 2
23 15 X 9 11
43 14 X 15 23
59 13 X 32 43
77 12 X 50 59
112 11 X 51 77
165 9 X 101 112
37 14 X 4 11
64 12 X 4 37
102 11 X 38 64
161 9 X 101 102
92 11 X 4 64
151 9 X 4 92
204 8 X 161 151
220 7 X 165 204
244 6 X 220 204
260 5 X 240 244
5 16 X 1 2
31 14 X 3 5
69 12 X 29 31
96 11 X 29 69
155 9 X 29 96
186 8 X 29 155
34 14 X 3 16
100 11 X 34 29
158 9 X 29 100
105 11 X 45 29
131 10 X 29 105
109 11 X 48 69
173 9 X 131 109
199 8 X 158 173
234 6 X 186 199
252 5 X 229 234
268 4 X 260 252
272 3 X 264 268
25 15 X 10 4
68 12 X 25 50
213 7 X 68 4
250 5 X 211 213
128 10 X 1 4
136 10 X 89 4
169 9 X 128 136
231 6 X 128 169
20 15 X 8 1
44 14 X 20 1
71 12 X 44 29
187 8 X 71 29
214 7 X 71 187
49 14 X 25 4
75 12 X 49 30
113 11 X 75 71
159 9 X 71 113
72 12 X 44 45
134 10 X 71 72
76 12 X 49 48
114 11 X 76 72
176 9 X 134 114
202 8 X 159 176
200 8 X 159 172
227 7 X 202 200
238 6 X 214 227
253 5 X 231 238
266 4 X 250 253
7 16 X 2 4
17 15 X 4 7
55 13 X 17 4
81 12 X 55 4
121 11 X 81 4
166 9 X 121 50
221 7 X 166 4
245 6 X 221 4
111 11 X 51 50
164 9 X 101 111
190 8 X 101 4
219 7 X 164 190
243 6 X 219 190
261 5 X 245 243
6 16 X 2 1
13 15 X 1 6
28 14 X 1 13
58 13 X 28 1
84 12 X 58 1
124 11 X 84 1
39 14 X 4 17
61 13 X 39 4
86 12 X 61 4
126 11 X 86 4
144 10 X 124 126
54 13 X 13 1
80 12 X 54 1
120 11 X 80 1
141 10 X 120 121
181 9 X 144 141
52 13 X 6 1
78 12 X 52 1
116 11 X 78 1
53 13 X 7 4
79 12 X 53 4
118 11 X 79 4
138 10 X 116 118
180 9 X 144 138
209 8 X 181 180
117 11 X 79 1
139 10 X 117 118
170 9 X 128 139
205 8 X 169 170
237 6 X 209 205
258 5 X 237 234
269 4 X 261 258
274 3 X 266 269
276 2 X 272 274
210 7 X 15 4
12 15 X 1 4
184 8 X 1 12
90 11 X 4 12
152 9 X 12 90
193 8 X 147 152
232 6 X 184 193
33 14 X 3 12
185 8 X 29 33
46 14 X 21 12
132 10 X 33 46
108 11 X 48 46
174 9 X 132 108
197 8 X 156 174
233 6 X 185 197
254 5 X 232 233
263 4 X 210 254
149 9 X 4 15
215 7 X 149 4
239 6 X 215 4
66 12 X 15 43
104 11 X 42 66
163 9 X 101 104
218 7 X 163 151
242 6 X 218 151
259 5 X 239 242
95 11 X 29 33
18 15 X 5 11
35 14 X 3 18
70 12 X 33 35
97 11 X 29 70
160 9 X 95 97
195 8 X 155 160
26 14 X 1 5
63 12 X 1 26
88 11 X 1 63
146 9 X 1 88
40 14 X 12 18
65 12 X 12 40
94 11 X 12 65
154 9 X 12 94
192 8 X 146 154
225 7 X 195 192
99 11 X 30 69
157 9 X 29 99
106 11 X 46 33
133 10 X 33 106
110 11 X 48 70
175 9 X 133 110
198 8 X 157 175
91 11 X 4 63
148 9 X 1 91
93 11 X 4 65
153 9 X 12 93
194 8 X 148 153
226 7 X 198 194
248 6 X 225 226
255 5 X 232 248
267 4 X 259 255
271 3 X 263 267
67 12 X 25 15
212 7 X 67 4
249 5 X 210 212
129 10 X 12 4
191 8 X 128 129
137 10 X 90 4
171 9 X 129 137
206 8 X 169 171
235 6 X 191 206
22 15 X 8 4
47 14 X 22 12
73 12 X 47 33
189 8 X 71 73
188 8 X 71 33
224 7 X 189 188
74 12 X 47 46
135 10 X 73 74
115 11 X 76 74
177 9 X 135 115
203 8 X 159 177
201 8 X 159 174
228 7 X 203 201
247 6 X 224 228
256 5 X 235 247
265 4 X 249 256
36 14 X 4 7
60 13 X 36 4
85 12 X 60 4
125 11 X 85 4
168 9 X 125 15
223 7 X 168 4
167 9 X 125 4
222 7 X 167 4
246 6 X 223 222
103 11 X 42 15
162 9 X 101 103
217 7 X 162 4
241 6 X 217 4
262 5 X 246 241
27 14 X 1 6
57 13 X 27 1
83 12 X 57 1
123 11 X 83 1
143 10 X 123 125
178 9 X 143 138
19 15 X 6 7
41 14 X 12 19
62 13 X 41 12
87 12 X 62 12
127 11 X 87 12
145 10 X 127 125
56 13 X 19 12
82 12 X 56 12
122 11 X 82 12
142 10 X 122 118
183 9 X 145 142
207 8 X 178 183
179 9 X 143 139
119 11 X 79 12
140 10 X 119 118
182 9 X 145 140
208 8 X 179 182
236 6 X 207 208
257 5 X 236 248
270 4 X 262 257
273 3 X 265 270
275 2 X 271 273
277 1 X 276 275
