109
ahbcjo lsefig khijwt jehcbh woqgwl cnycrr ldioxx babhis uhwddy hkiymx mvphlx vyzvwv uvemwc bduyjf
12 2 14 9 10 5 13 8 6 4 11 7 1 3
1 15 -1 -1 -1
2 15 0 -1 -1
3 14 X 1 2
6 13 X 1 3
10 12 X 1 6
17 11 X 1 10
30 9 X 1 17
50 8 X 30 1
70 7 X 50 1
81 6 X 70 1
92 5 X 81 1
9 12 X 1 3
16 11 X 1 9
28 10 X 17 16
36 9 X 1 28
26 10 X 17 1
34 9 X 1 26
53 8 X 36 34
79 6 X 50 53
43 9 X 16 1
59 8 X 43 1
90 5 X 79 59
102 4 X 92 90
4 14 X 2 1
7 13 X 1 4
5 13 X 1 2
13 12 X 7 5
18 11 X 13 10
29 10 X 17 18
37 9 X 1 29
27 10 X 17 10
35 9 X 1 27
54 8 X 37 35
67 7 X 30 54
80 6 X 67 1
91 5 X 80 1
23 10 X 6 5
32 9 X 1 23
52 8 X 32 1
72 7 X 50 52
83 6 X 72 1
94 5 X 83 59
101 4 X 91 94
106 3 X 102 101
97 4 X 1 92
71 7 X 50 32
19 10 X 1 7
31 9 X 1 19
65 7 X 1 31
82 6 X 71 65
93 5 X 82 1
100 4 X 91 93
105 3 X 97 100
108 2 X 106 105
44 9 X 16 28
62 8 X 44 1
88 5 X 62 59
96 4 X 1 88
15 11 X 1 6
25 10 X 15 6
33 9 X 1 25
66 7 X 30 33
78 6 X 1 66
87 5 X 1 78
21 10 X 5 2
47 9 X 21 1
64 8 X 44 47
22 10 X 6 2
39 9 X 2 22
57 8 X 39 47
77 7 X 64 57
61 8 X 43 47
38 9 X 2 1
56 8 X 38 47
75 7 X 61 56
86 6 X 77 75
11 12 X 6 1
41 9 X 11 1
63 8 X 44 41
8 13 X 2 3
14 12 X 8 3
24 10 X 6 14
40 9 X 2 24
58 8 X 40 41
76 7 X 63 58
60 8 X 43 41
55 8 X 38 41
74 7 X 60 55
85 6 X 76 74
95 5 X 86 85
99 4 X 87 95
104 3 X 96 99
12 12 X 7 1
20 10 X 1 12
45 9 X 20 1
49 8 X 1 45
46 9 X 20 19
69 7 X 49 46
51 8 X 30 41
42 9 X 11 6
73 7 X 51 42
48 8 X 1 41
68 7 X 48 42
84 6 X 73 68
89 5 X 69 84
98 4 X 87 89
103 3 X 1 98
107 2 X 104 103
109 1 X 108 107
