155
eelhig rgejme ynceqs hojmtc bzboip mbmzdx kicqii zqhirv xiyhsw sadgst tfgodt juhkqz yuezgh eezuxg qatciv khjmyq
16 12 9 14 7 11 3 15 1 4 6 10 13 5 8 2
1 17 -1 -1 -1
2 17 0 -1 -1
3 16 X 1 2
6 15 X 3 1
12 14 X 6 1
20 13 X 12 1
35 11 X 1 20
58 10 X 35 1
84 9 X 58 1
104 8 X 84 1
28 12 X 1 20
38 11 X 1 28
61 10 X 38 1
87 9 X 61 1
107 8 X 87 1
122 7 X 104 107
135 6 X 122 1
4 16 X 2 1
7 15 X 4 1
11 14 X 1 7
17 13 X 1 11
25 12 X 1 17
37 11 X 1 25
60 10 X 37 1
86 9 X 60 1
97 8 X 1 86
124 6 X 1 97
142 5 X 124 1
145 4 X 135 142
150 3 X 145 1
153 2 X 150 1
31 11 X 1 12
54 10 X 31 1
80 9 X 54 1
101 8 X 80 1
21 12 X 1 12
36 11 X 1 21
59 10 X 36 1
85 9 X 59 1
105 8 X 85 1
119 7 X 101 105
8 14 X 1 3
14 13 X 1 8
32 11 X 1 14
55 10 X 32 1
77 9 X 1 55
95 8 X 1 77
116 7 X 95 1
133 6 X 119 116
18 13 X 1 12
34 11 X 1 18
57 10 X 34 1
81 9 X 57 1
102 8 X 80 81
30 12 X 18 12
40 11 X 1 30
63 10 X 40 1
88 9 X 63 1
108 8 X 88 81
120 7 X 102 108
41 11 X 14 18
82 9 X 57 41
13 14 X 6 3
19 13 X 1 13
42 11 X 14 19
64 10 X 42 1
83 9 X 57 64
103 8 X 82 83
121 7 X 103 81
134 6 X 120 121
144 5 X 133 134
9 14 X 1 4
15 13 X 1 9
23 12 X 1 15
26 12 X 1 18
47 11 X 23 26
67 10 X 47 1
91 9 X 67 1
106 8 X 85 91
50 11 X 25 26
69 10 X 50 1
22 12 X 1 14
44 11 X 22 26
94 9 X 69 44
27 12 X 1 19
45 11 X 22 27
65 10 X 45 1
92 9 X 67 65
110 8 X 94 92
123 7 X 110 91
128 6 X 106 123
137 5 X 1 128
149 4 X 144 137
5 15 X 1 3
10 14 X 1 5
16 13 X 1 10
29 12 X 16 1
39 11 X 1 29
62 10 X 39 1
79 9 X 1 62
96 8 X 1 79
117 7 X 96 1
125 6 X 1 117
51 11 X 29 1
74 9 X 1 51
53 10 X 29 1
76 9 X 1 53
100 8 X 74 76
118 7 X 100 1
126 6 X 1 118
143 5 X 125 126
46 11 X 23 1
66 10 X 46 1
89 9 X 66 1
98 8 X 1 89
49 11 X 25 1
68 10 X 49 1
93 9 X 68 1
109 8 X 93 89
127 6 X 98 109
136 5 X 1 127
148 4 X 143 136
152 3 X 149 148
33 11 X 1 16
72 9 X 1 33
71 9 X 1 32
113 7 X 72 71
70 9 X 1 14
112 7 X 72 70
130 6 X 112 1
140 5 X 113 130
43 11 X 22 1
73 9 X 1 43
90 9 X 66 43
99 8 X 73 90
111 7 X 1 99
129 6 X 111 1
138 5 X 1 129
146 4 X 140 138
56 10 X 33 16
78 9 X 1 56
115 7 X 78 70
132 6 X 115 1
141 5 X 113 132
24 12 X 1 16
48 11 X 24 1
52 10 X 1 48
75 9 X 1 52
114 7 X 75 99
131 6 X 114 1
139 5 X 1 131
147 4 X 141 139
151 3 X 146 147
154 2 X 152 151
155 1 X 153 154
