48
xuhygg opypbs oprjtm rcljbb rdbsoq vwoffk zyoddh tqhmei cyhuaa hdhlvl usdfwp jgxfus
4 1 2 8 3 7 6 5 11 12 10 9
3 13 1 -1 -1
1 13 -1 -1 -1
4 12 X 1 3
12 10 X 4 3
19 8 X 12 3
23 7 X 19 3
28 6 X 23 19
31 5 X 3 28
39 4 X 31 3
2 13 0 -1 -1
5 12 X 2 3
8 11 X 3 5
14 10 X 8 3
13 10 X 5 3
18 9 X 13 14
20 8 X 14 18
24 7 X 20 14
29 6 X 24 3
37 5 X 29 28
11 10 X 3 8
17 9 X 3 11
25 6 X 17 3
34 5 X 25 3
43 4 X 37 34
44 3 X 39 43
30 5 X 1 28
38 4 X 30 3
47 2 X 44 38
6 11 X 3 2
9 10 X 3 6
16 9 X 3 9
21 8 X 17 16
26 6 X 17 21
35 5 X 25 26
40 4 X 31 35
15 9 X 3 1
33 5 X 15 28
7 11 X 3 4
10 10 X 3 7
22 7 X 3 10
27 6 X 22 10
36 5 X 27 3
42 4 X 33 36
32 5 X 10 3
41 4 X 33 32
45 3 X 42 41
46 2 X 40 45
48 1 X 47 46
