339
zyhmje uuqqyk kbqums ypbcjc oliooe mlxxpy kgyojq vxkbux takccb ccgmuz ztopvo sbaetg nbfshp tmqney kumdjn ehfgbg qyuoye mgpler dtceyr lxmzmj
2 6 8 1 19 9 5 11 13 20 12 16 4 14 17 3 18 10 15 7
3 21 1 -1 -1
1 21 -1 -1 -1
6 20 X 3 1
2 21 0 -1 -1
4 20 X 2 1
13 18 X 4 6
34 16 X 13 6
58 15 X 6 34
79 14 X 6 58
136 12 X 79 6
165 11 X 136 6
24 17 X 6 13
43 16 X 24 6
64 15 X 6 43
83 14 X 6 64
138 12 X 83 6
167 11 X 138 6
205 10 X 165 167
76 14 X 6 34
108 13 X 79 76
146 12 X 108 6
175 11 X 146 6
214 10 X 175 167
244 9 X 205 214
9 19 X 6 3
97 13 X 6 9
274 8 X 244 97
5 20 X 2 3
20 17 X 5 3
38 16 X 20 3
53 15 X 3 38
72 14 X 3 53
121 12 X 3 72
155 11 X 121 3
199 10 X 155 3
7 19 X 3 2
28 17 X 7 3
47 16 X 28 3
54 15 X 3 47
73 14 X 3 54
122 12 X 3 73
156 11 X 122 3
200 10 X 156 3
241 9 X 199 200
271 8 X 241 3
298 7 X 274 271
10 19 X 6 4
16 18 X 10 6
27 17 X 6 16
46 16 X 27 6
67 15 X 6 46
94 14 X 67 6
71 15 X 46 6
96 14 X 71 6
120 13 X 94 96
119 13 X 94 6
150 12 X 120 119
179 11 X 150 6
105 13 X 67 6
149 12 X 119 105
178 11 X 149 6
215 10 X 179 178
245 9 X 205 215
22 17 X 6 10
40 16 X 22 6
61 15 X 6 40
91 14 X 61 6
116 13 X 91 9
140 12 X 97 116
169 11 X 140 97
208 10 X 169 97
234 9 X 97 208
275 8 X 245 234
17 17 X 3 7
35 16 X 17 3
51 15 X 3 35
88 14 X 51 3
113 13 X 88 3
125 12 X 3 113
159 11 X 125 3
103 13 X 51 3
123 12 X 3 103
157 11 X 123 3
203 10 X 159 157
221 9 X 3 203
202 10 X 159 3
220 9 X 3 202
259 8 X 221 220
299 7 X 275 259
316 6 X 298 299
255 8 X 205 97
184 10 X 121 3
185 10 X 122 3
238 9 X 184 185
268 8 X 238 3
285 7 X 255 268
135 12 X 6 119
154 11 X 119 135
198 10 X 154 178
243 9 X 205 198
194 10 X 140 97
231 9 X 97 194
273 8 X 243 231
188 10 X 125 157
218 9 X 3 188
187 10 X 125 3
217 9 X 3 187
257 8 X 218 217
297 7 X 273 257
310 6 X 285 297
328 5 X 316 310
11 18 X 2 6
33 16 X 11 6
75 14 X 6 33
98 13 X 6 75
142 12 X 98 6
171 11 X 142 6
210 10 X 171 6
226 9 X 6 210
264 8 X 226 97
12 18 X 3 7
31 17 X 12 3
50 16 X 31 3
55 15 X 3 50
74 14 X 3 55
106 13 X 74 73
124 12 X 3 106
158 11 X 124 3
201 10 X 158 3
219 9 X 3 201
258 8 X 219 3
291 7 X 264 258
8 19 X 6 2
15 18 X 8 6
26 17 X 6 15
45 16 X 26 6
70 15 X 45 6
95 14 X 70 6
101 13 X 6 95
145 12 X 101 6
174 11 X 145 6
213 10 X 174 6
229 9 X 6 213
14 18 X 6 8
25 17 X 6 14
44 16 X 25 6
65 15 X 6 44
92 14 X 65 6
117 13 X 92 9
141 12 X 97 117
170 11 X 141 97
209 10 X 170 97
235 9 X 97 209
267 8 X 229 235
32 16 X 3 6
102 13 X 32 3
151 11 X 102 3
18 17 X 3 12
36 16 X 18 3
52 15 X 3 36
89 14 X 52 3
114 13 X 89 3
126 12 X 3 114
160 11 X 126 3
204 10 X 160 3
237 9 X 151 204
295 7 X 267 237
312 6 X 291 295
57 15 X 6 33
78 14 X 6 57
99 13 X 6 78
143 12 X 99 6
172 11 X 143 6
211 10 X 172 6
227 9 X 6 211
265 8 X 227 97
186 10 X 124 3
216 9 X 3 186
256 8 X 216 3
292 7 X 265 256
195 10 X 141 97
232 9 X 97 195
251 8 X 6 232
189 10 X 126 3
236 9 X 151 189
280 7 X 251 236
313 6 X 292 280
326 5 X 312 313
331 4 X 328 326
250 8 X 6 97
19 17 X 4 6
37 16 X 19 6
59 15 X 6 37
80 14 X 6 59
127 12 X 6 80
190 10 X 127 6
30 17 X 10 6
49 16 X 30 6
69 15 X 6 49
87 14 X 6 69
129 12 X 6 87
192 10 X 129 6
240 9 X 190 192
270 8 X 240 97
286 7 X 255 270
85 14 X 6 67
112 13 X 85 6
133 12 X 6 112
164 11 X 133 6
183 10 X 6 164
242 9 X 205 183
272 8 X 242 97
21 17 X 6 8
41 16 X 22 21
62 15 X 6 41
81 14 X 6 62
109 13 X 81 6
131 12 X 6 109
162 11 X 131 6
181 10 X 6 162
223 9 X 6 181
261 8 X 223 97
296 7 X 272 261
311 6 X 286 296
323 5 X 250 311
335 3 X 331 323
206 10 X 167 6
23 17 X 6 11
42 16 X 23 6
63 15 X 6 42
82 14 X 6 63
137 12 X 82 6
166 11 X 137 6
246 9 X 206 166
276 8 X 246 97
300 7 X 276 3
66 15 X 6 45
93 14 X 66 6
118 13 X 93 6
152 11 X 118 6
104 13 X 66 6
148 12 X 118 104
177 11 X 148 6
196 10 X 152 177
248 9 X 206 196
39 16 X 21 6
60 15 X 6 39
90 14 X 60 6
115 13 X 90 9
139 12 X 97 115
168 11 X 139 97
207 10 X 168 97
233 9 X 97 207
278 8 X 248 233
305 7 X 278 259
318 6 X 300 305
302 7 X 276 268
134 12 X 6 118
153 11 X 118 134
197 10 X 153 177
249 9 X 206 197
193 10 X 139 97
230 9 X 97 193
279 8 X 249 230
306 7 X 279 257
320 6 X 302 306
329 5 X 318 320
100 13 X 6 82
144 12 X 100 6
173 11 X 144 6
212 10 X 173 6
228 9 X 6 212
266 8 X 228 97
293 7 X 266 3
252 8 X 6 235
281 7 X 252 237
314 6 X 293 281
294 7 X 266 256
315 6 X 294 280
327 5 X 314 315
332 4 X 329 327
29 17 X 8 6
48 16 X 29 6
68 15 X 6 48
86 14 X 6 68
128 12 X 6 86
191 10 X 128 6
239 9 X 190 191
269 8 X 239 97
303 7 X 276 269
84 14 X 6 66
111 13 X 84 6
132 12 X 6 111
163 11 X 132 6
182 10 X 6 163
247 9 X 206 182
277 8 X 247 97
56 15 X 6 21
77 14 X 6 56
107 13 X 77 6
130 12 X 6 107
161 11 X 130 6
180 10 X 6 161
222 9 X 6 180
260 8 X 222 97
304 7 X 277 260
321 6 X 303 304
325 5 X 250 321
336 3 X 332 325
338 2 X 335 336
110 13 X 83 82
147 12 X 110 6
176 11 X 147 6
254 8 X 176 97
283 7 X 254 3
225 9 X 6 183
263 8 X 225 97
289 7 X 263 3
308 6 X 283 289
253 8 X 166 97
282 7 X 253 3
224 9 X 6 182
262 8 X 224 97
287 7 X 262 3
307 6 X 282 287
330 4 X 308 307
284 7 X 254 250
290 7 X 263 250
309 6 X 284 290
322 5 X 250 309
334 3 X 330 322
317 6 X 300 287
301 7 X 276 250
288 7 X 262 250
319 6 X 301 288
324 5 X 250 319
333 3 X 317 324
337 2 X 334 333
339 1 X 338 337
