294
rbzphv jlwdxt wtnczn bnomra ydejft utsrif bpnfly chbuqm hanqlh thxqrh htrzsm twcxzi insubu zagrkg oututm jjehuf njgmpx kzanal
13 3 17 6 1 18 14 12 2 9 10 15 8 5 4 16 11 7
2 19 0 -1 -1
3 19 1 -1 -1
7 17 X 2 3
31 15 X 7 3
51 14 X 31 3
81 13 X 51 3
25 16 X 7 3
42 15 X 25 3
63 14 X 42 3
92 13 X 63 3
113 12 X 81 92
5 18 X 2 3
13 17 X 5 3
28 16 X 13 3
45 15 X 28 3
64 14 X 45 3
93 13 X 64 3
114 12 X 81 93
157 10 X 113 114
192 9 X 157 3
226 8 X 192 3
6 18 X 3 2
30 15 X 6 3
50 14 X 30 3
80 13 X 50 3
112 12 X 80 3
153 10 X 80 112
190 9 X 153 3
18 16 X 3 6
36 15 X 18 3
56 14 X 36 3
87 13 X 56 3
96 12 X 3 87
171 9 X 87 96
224 8 X 190 171
252 7 X 226 224
15 17 X 6 3
66 13 X 15 3
29 16 X 15 3
72 13 X 29 3
101 12 X 66 72
100 12 X 66 3
156 10 X 101 100
191 9 X 156 3
225 8 X 191 3
65 13 X 6 3
99 12 X 65 3
152 10 X 65 99
189 9 X 152 3
68 13 X 18 3
103 12 X 68 3
174 9 X 103 3
222 8 X 189 174
250 7 X 225 222
268 6 X 252 250
138 11 X 92 113
129 11 X 3 114
161 10 X 138 129
196 9 X 161 3
228 8 X 196 3
254 7 X 228 3
22 16 X 3 15
39 15 X 22 3
75 13 X 39 3
108 12 X 75 3
128 11 X 3 108
181 9 X 128 3
220 8 X 181 3
247 7 X 220 3
270 6 X 254 247
282 5 X 268 270
177 9 X 114 3
217 8 X 177 3
176 9 X 112 3
216 8 X 176 171
245 7 X 217 216
173 9 X 100 3
215 8 X 173 3
172 9 X 99 3
213 8 X 172 174
243 7 X 215 213
266 6 X 245 243
124 12 X 92 93
151 11 X 124 114
33 15 X 15 3
53 14 X 33 3
83 13 X 53 3
115 12 X 83 3
130 11 X 3 115
168 10 X 151 130
204 9 X 168 3
233 8 X 204 3
257 7 X 233 3
273 6 X 257 247
280 5 X 266 273
286 4 X 282 280
46 14 X 3 18
77 13 X 46 3
137 11 X 77 68
125 11 X 3 87
160 10 X 137 125
94 12 X 3 68
154 10 X 94 96
195 9 X 160 154
208 8 X 3 195
237 7 X 3 208
109 12 X 77 3
144 11 X 109 103
186 9 X 144 3
206 8 X 3 186
235 7 X 3 206
262 6 X 237 235
277 5 X 262 3
290 3 X 286 277
1 19 -1 -1 -1
8 17 X 3 1
132 11 X 8 3
258 6 X 3 132
274 5 X 3 258
32 15 X 8 3
4 18 X 1 3
10 17 X 3 4
26 16 X 8 10
43 15 X 26 3
52 14 X 32 43
82 13 X 52 3
73 13 X 32 3
170 9 X 82 73
134 11 X 8 82
133 11 X 8 73
182 9 X 134 133
261 6 X 170 182
275 5 X 170 261
284 4 X 274 275
288 3 X 274 284
292 2 X 290 288
23 16 X 6 2
40 15 X 23 3
61 14 X 40 3
90 13 X 61 3
121 12 X 90 80
120 12 X 90 3
158 10 X 121 120
193 9 X 158 3
16 16 X 3 2
34 15 X 16 3
54 14 X 34 3
11 17 X 3 5
20 16 X 3 11
38 15 X 20 3
59 14 X 38 3
85 13 X 54 59
117 12 X 85 87
9 17 X 3 2
19 16 X 3 9
37 15 X 19 3
58 14 X 37 3
84 13 X 54 58
116 12 X 84 87
147 11 X 117 116
188 9 X 147 96
227 8 X 193 188
253 7 X 226 227
12 17 X 3 6
21 16 X 3 12
47 14 X 3 21
70 13 X 18 47
105 12 X 70 3
69 13 X 18 21
104 12 X 69 3
143 11 X 105 104
185 9 X 143 3
223 8 X 189 185
251 7 X 225 223
269 6 X 253 251
24 16 X 6 3
41 15 X 24 3
62 14 X 41 3
91 13 X 62 3
123 12 X 91 80
150 11 X 123 121
131 11 X 3 120
166 10 X 150 131
202 9 X 166 3
141 11 X 96 116
183 9 X 141 96
231 8 X 202 183
255 7 X 228 231
74 13 X 36 3
95 12 X 3 74
140 11 X 95 74
107 12 X 74 3
127 11 X 3 107
163 10 X 140 127
199 9 X 163 3
126 11 X 3 104
179 9 X 126 3
229 8 X 199 179
249 7 X 220 229
271 6 X 255 249
283 5 X 269 271
178 9 X 120 3
218 8 X 178 188
246 7 X 217 218
214 8 X 172 185
244 7 X 215 214
267 6 X 246 244
167 10 X 151 129
203 9 X 167 3
232 8 X 203 3
122 12 X 91 3
149 11 X 122 120
165 10 X 149 131
201 9 X 165 3
230 8 X 201 183
256 7 X 232 230
180 9 X 127 3
219 8 X 180 179
248 7 X 220 219
272 6 X 256 248
281 5 X 267 272
287 4 X 283 281
17 16 X 3 5
48 14 X 17 16
49 14 X 20 19
79 13 X 48 49
111 12 X 79 77
67 13 X 16 19
102 12 X 67 68
146 11 X 111 102
35 15 X 17 3
55 14 X 35 3
86 13 X 55 59
118 12 X 86 3
148 11 X 118 116
164 10 X 146 148
200 9 X 164 154
211 8 X 3 200
240 7 X 3 211
78 13 X 46 47
110 12 X 78 3
145 11 X 110 104
187 9 X 145 3
207 8 X 3 187
236 7 X 3 207
265 6 X 240 236
139 11 X 94 102
162 10 X 139 141
197 9 X 162 154
209 8 X 3 197
238 7 X 3 209
205 8 X 3 179
234 7 X 3 205
263 6 X 238 234
278 5 X 265 263
57 14 X 36 18
88 13 X 57 3
97 12 X 3 88
155 10 X 97 96
198 9 X 162 155
210 8 X 3 198
239 7 X 3 210
264 6 X 239 234
279 5 X 265 264
285 4 X 278 279
291 3 X 287 285
169 9 X 66 3
71 13 X 22 3
106 12 X 71 3
175 9 X 106 3
212 8 X 169 175
241 7 X 3 212
259 6 X 3 241
14 17 X 6 1
27 16 X 8 14
44 15 X 27 8
76 13 X 44 8
98 12 X 8 76
142 11 X 98 75
184 9 X 142 132
135 11 X 8 106
60 14 X 39 22
89 13 X 60 3
119 12 X 89 3
136 11 X 8 119
159 10 X 135 136
194 9 X 159 132
221 8 X 184 194
242 7 X 132 221
260 6 X 3 242
276 5 X 259 260
289 3 X 276 284
293 2 X 291 289
294 1 X 292 293
