154
owzifc rhhxla mxnjvq cggbqv ylgyql fmhzeb secswa sqfetd wfawft xzcfup obwijc kemqev bqcfdw vbeamw rxylgr fbxjpo
6 14 13 2 5 11 7 10 16 4 1 3 12 15 8 9
1 17 -1 -1 -1
2 17 0 -1 -1
3 16 X 2 1
7 14 X 1 3
13 13 X 1 7
31 12 X 13 1
36 11 X 1 31
58 10 X 1 36
6 14 X 1 2
12 13 X 1 6
18 12 X 1 12
40 11 X 18 31
62 10 X 1 40
86 9 X 58 62
109 7 X 1 86
125 6 X 1 109
39 11 X 13 1
61 10 X 1 39
74 9 X 1 61
105 7 X 1 74
122 6 X 1 105
38 11 X 12 31
60 10 X 1 38
85 9 X 58 60
99 8 X 85 74
114 7 X 1 99
128 6 X 1 114
137 5 X 122 128
143 4 X 125 137
148 3 X 1 143
102 7 X 1 58
120 6 X 1 102
140 5 X 125 120
30 12 X 12 1
52 11 X 30 31
70 10 X 1 52
87 9 X 58 70
53 11 X 31 1
71 10 X 1 53
75 9 X 1 71
100 8 X 87 75
115 7 X 1 100
129 6 X 1 115
138 5 X 122 129
146 4 X 140 138
150 3 X 1 146
152 2 X 148 150
4 15 X 1 3
8 14 X 1 4
16 13 X 8 1
20 12 X 1 16
42 11 X 20 8
64 10 X 1 42
103 7 X 1 64
23 12 X 7 1
35 11 X 1 23
57 10 X 1 35
14 13 X 6 1
19 12 X 1 14
41 11 X 19 23
63 10 X 1 41
84 9 X 57 63
108 7 X 1 84
130 6 X 103 108
11 14 X 4 1
34 11 X 1 11
76 9 X 34 1
94 8 X 1 76
26 12 X 8 16
48 11 X 26 8
68 10 X 1 48
54 10 X 1 8
90 9 X 68 54
47 11 X 26 4
72 10 X 34 47
92 9 X 72 54
101 8 X 90 92
118 7 X 94 101
10 14 X 3 1
17 13 X 10 1
29 12 X 10 17
28 12 X 10 1
51 11 X 29 28
81 9 X 51 1
95 8 X 1 81
55 10 X 1 23
24 12 X 7 6
45 11 X 24 23
66 10 X 1 45
82 9 X 55 66
22 12 X 3 17
21 12 X 3 1
43 11 X 22 21
73 10 X 51 43
93 9 X 73 66
97 8 X 82 93
119 7 X 95 97
133 6 X 118 119
141 5 X 130 133
5 15 X 3 1
9 14 X 1 5
27 12 X 9 1
77 9 X 48 27
33 12 X 16 1
49 11 X 26 33
69 10 X 1 49
80 9 X 49 69
116 7 X 77 80
15 13 X 7 1
32 12 X 15 1
44 11 X 23 32
65 10 X 1 44
25 12 X 7 15
46 11 X 25 32
67 10 X 1 46
89 9 X 65 67
111 7 X 1 89
131 6 X 116 111
50 11 X 27 1
78 9 X 48 50
79 9 X 48 54
117 7 X 78 79
37 11 X 7 32
59 10 X 1 37
88 9 X 65 59
96 8 X 82 88
112 7 X 1 96
132 6 X 117 112
142 5 X 131 132
147 4 X 141 142
56 10 X 1 31
83 9 X 56 60
107 7 X 1 83
124 6 X 1 107
134 5 X 120 124
104 7 X 1 71
121 6 X 1 104
91 9 X 71 61
98 8 X 83 91
113 7 X 1 98
127 6 X 1 113
136 5 X 121 127
144 4 X 134 136
151 3 X 147 144
110 7 X 1 87
126 6 X 1 110
135 5 X 120 126
106 7 X 1 75
123 6 X 1 106
139 5 X 123 129
145 4 X 135 139
149 3 X 1 145
153 2 X 151 149
154 1 X 152 153
