99
zmukgq ldtsmy kfjtes auttbr reknyb njewfu gkcunh haspbi zqjnhi ijsxsb pythfx pjacqa ridkmc gjtnim
4 13 8 10 7 11 3 6 14 1 9 5 12 2
1 15 -1 -1 -1
2 15 0 -1 -1
3 14 X 1 2
4 13 X 1 3
8 12 X 1 4
15 11 X 1 8
35 10 X 15 8
54 9 X 35 15
42 9 X 8 15
61 8 X 54 42
66 7 X 54 61
79 6 X 66 1
84 5 X 1 79
92 4 X 84 1
19 11 X 8 1
37 10 X 15 19
7 12 X 1 3
14 11 X 1 7
18 11 X 7 1
33 10 X 14 18
56 9 X 37 33
27 10 X 8 19
24 10 X 7 18
50 9 X 27 24
68 7 X 56 50
72 6 X 1 68
31 10 X 14 7
55 9 X 35 31
41 9 X 8 7
67 7 X 55 41
80 6 X 66 67
88 5 X 72 80
34 10 X 15 4
30 10 X 14 3
52 9 X 34 30
20 11 X 8 4
6 13 X 3 1
11 12 X 6 3
21 11 X 11 3
44 9 X 20 21
39 9 X 4 3
59 8 X 44 39
63 7 X 52 59
71 6 X 1 63
13 11 X 1 4
36 10 X 15 13
53 9 X 34 36
43 9 X 20 13
40 9 X 4 13
58 8 X 43 40
65 7 X 53 58
78 6 X 65 63
87 5 X 71 78
94 4 X 88 87
96 3 X 92 94
64 7 X 53 40
77 6 X 64 1
83 5 X 1 77
91 4 X 83 1
98 2 X 96 91
23 10 X 7 14
46 9 X 23 14
57 8 X 14 46
75 6 X 57 1
82 5 X 1 75
90 4 X 82 1
22 10 X 7 1
29 10 X 14 1
45 9 X 22 29
69 6 X 1 45
62 7 X 46 57
76 6 X 62 46
85 5 X 69 76
26 10 X 8 15
48 9 X 26 14
25 10 X 8 13
12 11 X 1 3
32 10 X 14 12
47 9 X 25 32
60 8 X 48 47
70 6 X 1 60
49 9 X 26 15
73 6 X 49 48
86 5 X 70 73
93 4 X 85 86
95 3 X 90 93
10 12 X 1 6
5 13 X 2 1
9 12 X 1 5
16 11 X 1 9
28 10 X 10 16
17 11 X 1 10
38 10 X 17 16
51 9 X 28 38
74 6 X 51 1
81 5 X 1 74
89 4 X 81 1
97 2 X 95 89
99 1 X 98 97
