298
wisnay gxhhzx wedrxx pkoskv vmgydi pdtsmx skmyuv grxcvh smiroh soazju ivsnfl ygwzdm idxftt zosfcj mimwjx gnirfq
8 11 10 9 16 4 15 12 6 7 13 14 1 5 3 2
1 17 -1 -1 -1
2 17 0 -1 -1
6 16 X 2 1
18 15 X 6 1
37 14 X 18 1
55 13 X 37 1
91 11 X 55 1
124 10 X 1 91
3 17 1 -1 -1
5 16 X 1 3
24 14 X 3 5
90 11 X 3 24
8 16 X 3 1
27 14 X 8 5
52 13 X 27 24
86 11 X 1 52
135 10 X 90 86
173 9 X 124 135
14 15 X 2 1
32 14 X 14 1
41 13 X 1 32
71 12 X 41 1
57 13 X 37 32
126 10 X 71 57
15 15 X 2 3
35 14 X 15 3
45 13 X 3 35
76 12 X 45 3
114 11 X 76 71
153 10 X 114 71
177 9 X 126 153
219 8 X 173 177
84 11 X 1 3
26 14 X 8 3
51 13 X 26 3
92 11 X 55 51
131 10 X 84 92
182 9 X 131 135
225 8 X 182 177
251 7 X 219 225
10 15 X 1 3
12 15 X 1 5
29 14 X 10 12
65 12 X 1 29
87 11 X 1 65
13 15 X 1 8
31 14 X 13 12
54 13 X 31 29
67 12 X 1 54
88 11 X 1 67
132 10 X 87 88
172 9 X 124 132
176 9 X 126 71
218 8 X 172 176
93 11 X 55 67
133 10 X 87 93
185 9 X 133 132
229 8 X 185 176
250 7 X 218 229
268 6 X 251 250
63 12 X 1 3
94 11 X 63 1
136 10 X 94 1
163 9 X 1 136
203 8 X 1 163
85 11 X 1 51
130 10 X 84 85
180 9 X 130 1
223 8 X 180 163
243 7 X 203 223
161 9 X 1 132
212 8 X 161 1
207 8 X 132 1
246 7 X 212 207
264 6 X 243 246
283 5 X 268 264
171 9 X 124 1
217 8 X 171 176
275 5 X 217 1
290 4 X 283 275
169 9 X 91 135
167 9 X 57 153
216 8 X 169 167
181 9 X 130 135
224 8 X 181 167
249 7 X 216 224
166 9 X 57 71
208 8 X 132 166
267 6 X 249 208
263 6 X 243 207
282 5 X 267 263
168 9 X 91 1
215 8 X 168 166
122 10 X 1 57
123 10 X 1 71
170 9 X 122 123
205 8 X 1 170
248 7 X 215 205
204 8 X 1 166
244 7 X 204 205
266 6 X 248 244
281 5 X 266 1
289 4 X 282 281
295 3 X 290 289
162 9 X 1 135
213 8 X 162 167
247 7 X 213 224
265 6 X 247 208
280 5 X 265 263
277 5 X 244 1
288 4 X 280 277
294 3 X 290 288
297 2 X 295 294
9 16 X 3 2
17 15 X 3 9
25 14 X 3 17
44 13 X 3 25
75 12 X 44 3
112 11 X 75 3
4 16 X 1 2
16 15 X 2 4
22 14 X 1 16
49 13 X 18 22
21 14 X 1 14
48 13 X 18 21
78 12 X 49 48
117 11 X 78 51
150 10 X 112 117
113 11 X 75 24
40 13 X 1 22
70 12 X 40 1
104 11 X 70 52
152 10 X 113 104
196 9 X 150 152
36 14 X 15 17
46 13 X 3 36
77 12 X 46 3
11 15 X 1 4
33 14 X 14 11
42 13 X 1 33
72 12 X 42 1
115 11 X 77 72
34 14 X 14 16
50 13 X 18 34
47 13 X 18 14
79 12 X 50 47
155 10 X 115 79
43 13 X 1 34
74 12 X 43 1
154 10 X 115 74
198 9 X 155 154
239 8 X 196 198
20 14 X 1 11
39 13 X 1 20
68 12 X 39 1
99 11 X 68 65
118 11 X 78 67
143 10 X 99 118
106 11 X 70 67
142 10 X 99 106
191 9 X 143 142
128 10 X 72 79
127 10 X 72 74
178 9 X 128 127
234 8 X 191 178
262 6 X 239 234
95 11 X 68 1
103 11 X 70 1
137 10 X 95 103
195 9 X 150 137
23 14 X 3 1
73 12 X 42 23
109 11 X 73 72
147 10 X 109 74
197 9 X 155 147
238 8 X 195 197
125 10 X 3 85
175 9 X 125 137
89 11 X 3 1
134 10 X 89 1
187 9 X 134 147
222 8 X 175 187
258 7 X 238 222
28 14 X 10 1
64 12 X 1 28
98 11 X 68 64
30 14 X 13 1
53 13 X 30 28
66 12 X 1 53
105 11 X 70 66
140 10 X 98 105
190 9 X 143 140
233 8 X 190 178
184 9 X 132 140
160 9 X 1 127
228 8 X 184 160
255 7 X 233 228
271 6 X 258 255
279 5 X 262 271
116 11 X 78 1
138 10 X 95 116
188 9 X 138 137
230 8 X 188 178
164 9 X 1 137
214 8 X 164 160
252 7 X 230 214
276 5 X 230 252
287 4 X 279 276
7 16 X 2 3
19 15 X 7 3
38 14 X 19 3
60 13 X 38 25
59 13 X 38 3
82 12 X 60 59
120 11 X 82 3
157 10 X 120 117
200 9 X 157 152
62 13 X 38 36
61 13 X 38 35
83 12 X 62 61
58 13 X 37 33
81 12 X 58 57
121 11 X 83 81
158 10 X 121 79
202 9 X 158 154
241 8 X 200 202
96 11 X 68 51
149 10 X 112 96
97 11 X 68 52
151 10 X 113 97
194 9 X 149 151
237 8 X 194 202
260 7 X 241 237
101 11 X 68 67
141 10 X 99 101
129 10 X 81 79
179 9 X 129 127
209 8 X 141 179
273 6 X 260 209
193 9 X 149 95
111 11 X 75 1
148 10 X 111 95
69 12 X 39 23
102 11 X 69 1
144 10 X 102 95
192 9 X 148 144
235 8 X 193 192
174 9 X 125 95
108 11 X 73 1
110 11 X 74 1
146 10 X 108 110
186 9 X 134 146
220 8 X 174 186
256 7 X 235 220
100 11 X 68 66
139 10 X 98 100
189 9 X 141 139
231 8 X 189 95
183 9 X 132 139
107 11 X 72 1
145 10 X 107 110
165 9 X 1 145
227 8 X 183 165
253 7 X 231 227
269 6 X 256 253
285 5 X 273 269
56 13 X 37 20
80 12 X 56 55
119 11 X 80 1
156 10 X 119 116
199 9 X 156 137
240 8 X 199 179
206 8 X 95 179
259 7 X 240 206
272 6 X 259 206
159 9 X 1 95
211 8 X 159 165
242 7 X 95 211
284 5 X 272 242
291 4 X 285 284
293 3 X 287 291
261 6 X 237 209
201 9 X 158 147
236 8 X 193 201
221 8 X 174 187
257 7 X 236 221
232 8 X 189 179
226 8 X 183 160
254 7 X 232 226
270 6 X 257 254
278 5 X 261 270
210 8 X 159 160
245 7 X 206 210
274 5 X 206 245
286 4 X 278 274
292 3 X 287 286
296 2 X 293 292
298 1 X 297 296
