621
evfipx cggucd uhrvfk tdjtcz ihrlts rqpqbh kfljtn gmxrmt kbftuz jdoorx stwved lnutmm casbxo lcdcgu fnhihs enbkih qehqng uulfti izncco rpcqll
11 2 16 1 12 5 13 19 7 4 17 18 15 10 8 3 6 20 14 9
3 21 1 -1 -1
4 21 2 -1 -1
39 17 X 3 4
98 16 X 39 4
149 15 X 98 4
268 13 X 149 4
2 21 0 -1 -1
8 20 X 4 2
24 19 X 8 4
37 18 X 24 4
74 17 X 37 4
151 15 X 98 74
233 14 X 151 149
134 15 X 4 74
217 14 X 134 4
295 13 X 233 217
364 11 X 295 268
416 10 X 295 364
485 9 X 416 268
534 8 X 416 485
6 20 X 3 2
22 19 X 6 3
36 18 X 22 3
72 17 X 36 4
130 16 X 72 74
185 15 X 130 74
260 14 X 185 149
200 14 X 74 4
324 13 X 260 200
390 11 X 324 268
418 10 X 324 390
487 9 X 418 268
536 8 X 418 487
566 7 X 534 536
16 19 X 4 3
100 16 X 39 16
78 16 X 4 16
156 15 X 100 78
269 13 X 156 78
365 11 X 295 269
440 10 X 365 364
7 20 X 3 4
17 19 X 4 7
31 18 X 16 17
57 17 X 16 31
108 16 X 39 57
90 16 X 4 57
165 15 X 108 90
276 13 X 165 90
366 11 X 295 276
443 10 X 366 364
501 9 X 440 443
97 16 X 39 3
75 16 X 4 3
148 15 X 97 75
265 13 X 148 75
363 11 X 295 265
436 10 X 363 364
25 18 X 3 7
41 17 X 3 25
106 16 X 39 41
85 16 X 4 41
163 15 X 106 85
272 13 X 163 85
351 11 X 268 272
420 10 X 351 268
498 9 X 436 420
547 8 X 501 498
483 9 X 390 268
532 8 X 390 483
573 7 X 547 532
590 6 X 566 573
597 5 X 268 590
391 11 X 324 269
468 10 X 391 390
392 11 X 324 276
471 10 X 392 390
520 9 X 468 471
389 11 X 324 265
464 10 X 389 390
516 9 X 464 420
558 8 X 520 516
579 7 X 558 532
584 6 X 536 579
596 5 X 268 584
610 4 X 597 596
1 21 -1 -1 -1
38 17 X 3 1
96 16 X 38 1
143 15 X 96 1
9 19 X 1 4
264 13 X 143 9
263 13 X 143 4
326 12 X 264 263
415 10 X 268 326
5 20 X 1 2
19 19 X 5 1
33 18 X 19 1
69 17 X 33 1
146 15 X 96 69
228 14 X 146 143
20 19 X 5 4
34 18 X 20 9
70 17 X 34 9
139 15 X 9 70
222 14 X 139 9
290 13 X 228 222
289 13 X 228 217
337 12 X 290 289
399 11 X 337 326
417 10 X 295 399
486 9 X 417 415
535 8 X 417 486
71 17 X 36 1
129 16 X 71 69
184 15 X 129 69
259 14 X 184 143
199 14 X 70 9
322 13 X 259 199
323 13 X 259 200
350 12 X 322 323
412 11 X 350 326
419 10 X 324 412
488 9 X 419 415
537 8 X 419 488
567 7 X 535 537
441 10 X 365 399
444 10 X 366 399
503 9 X 441 444
437 10 X 363 399
421 10 X 351 326
499 9 X 437 421
549 8 X 503 499
467 10 X 390 412
518 9 X 467 415
540 8 X 467 518
575 7 X 549 540
591 6 X 567 575
600 5 X 415 591
469 10 X 391 412
472 10 X 392 412
522 9 X 469 472
465 10 X 389 412
517 9 X 465 421
560 8 X 522 517
581 7 X 560 540
585 6 X 537 581
599 5 X 415 585
613 4 X 600 599
618 3 X 610 613
56 17 X 16 4
89 16 X 4 56
208 14 X 89 78
271 13 X 156 208
187 14 X 4 78
270 13 X 156 187
329 12 X 271 270
353 11 X 268 329
425 10 X 353 268
209 14 X 89 90
278 13 X 165 209
188 14 X 4 90
277 13 X 165 188
332 12 X 278 277
355 11 X 268 332
429 10 X 355 268
492 9 X 425 429
14 19 X 3 4
40 17 X 3 14
84 16 X 4 40
205 14 X 84 75
267 13 X 148 205
77 16 X 4 14
202 14 X 77 75
266 13 X 148 202
327 12 X 267 266
352 11 X 268 327
423 10 X 352 268
23 19 X 7 4
30 18 X 14 23
42 17 X 3 30
86 16 X 4 42
206 14 X 86 85
273 13 X 163 206
53 17 X 14 30
88 16 X 4 53
207 14 X 88 85
274 13 X 163 207
330 12 X 273 274
354 11 X 268 330
427 10 X 354 268
490 9 X 423 427
544 8 X 492 490
570 7 X 544 268
582 6 X 268 570
595 5 X 268 582
13 19 X 2 4
52 17 X 13 4
107 16 X 39 52
87 16 X 4 52
164 15 X 107 87
230 14 X 149 164
292 13 X 230 4
328 12 X 268 292
393 11 X 328 268
473 10 X 393 268
359 11 X 292 268
431 10 X 359 268
493 9 X 431 268
541 8 X 473 493
64 17 X 24 4
92 16 X 4 64
211 14 X 92 4
275 13 X 164 211
110 16 X 39 64
167 15 X 110 92
279 13 X 167 211
331 12 X 275 279
394 11 X 331 268
12 19 X 2 3
51 17 X 12 4
120 16 X 51 52
175 15 X 120 52
198 14 X 64 4
283 13 X 175 198
61 17 X 22 4
124 16 X 61 64
179 15 X 124 64
285 13 X 179 198
335 12 X 283 285
397 11 X 335 268
475 10 X 394 397
523 9 X 475 268
542 8 X 475 523
568 7 X 541 542
245 14 X 167 149
307 13 X 245 211
372 11 X 307 268
254 14 X 179 149
316 13 X 254 198
384 11 X 316 268
451 10 X 372 384
506 9 X 451 268
539 8 X 451 506
374 11 X 307 329
453 10 X 374 384
375 11 X 307 332
455 10 X 375 384
508 9 X 453 455
373 11 X 307 327
452 10 X 373 384
507 9 X 452 427
550 8 X 508 507
576 7 X 550 539
586 6 X 539 576
605 5 X 568 586
609 4 X 595 605
262 13 X 143 1
413 10 X 268 262
424 10 X 353 262
428 10 X 355 262
491 9 X 424 428
422 10 X 352 262
426 10 X 354 262
489 9 X 422 426
543 8 X 491 489
569 7 X 543 413
583 6 X 413 569
598 5 X 413 583
29 18 X 13 4
67 17 X 29 4
111 16 X 39 67
93 16 X 4 67
168 15 X 111 93
231 14 X 149 168
293 13 X 231 4
360 11 X 293 268
432 10 X 360 262
430 10 X 359 262
495 9 X 432 430
494 9 X 432 413
545 8 X 495 494
95 16 X 4 74
213 14 X 95 4
280 13 X 168 213
112 16 X 39 74
169 15 X 112 95
281 13 X 169 213
333 12 X 280 281
395 11 X 333 268
50 17 X 12 1
11 19 X 2 1
49 17 X 11 1
119 16 X 50 49
174 15 X 119 49
59 17 X 19 1
197 14 X 59 1
282 13 X 174 197
60 17 X 22 1
123 16 X 60 59
178 15 X 123 59
284 13 X 178 197
334 12 X 282 284
396 11 X 334 262
476 10 X 395 396
474 10 X 394 396
525 9 X 476 474
524 9 X 476 413
561 8 X 525 524
571 7 X 545 561
246 14 X 169 149
308 13 X 246 213
376 11 X 308 268
253 14 X 178 143
315 13 X 253 197
383 11 X 315 262
456 10 X 376 383
450 10 X 372 383
510 9 X 456 450
509 9 X 456 413
552 8 X 510 509
378 11 X 308 329
458 10 X 378 383
454 10 X 375 383
512 9 X 458 454
377 11 X 308 327
457 10 X 377 383
511 9 X 457 426
555 8 X 512 511
578 7 X 555 552
588 6 X 552 578
606 5 X 571 588
612 4 X 598 606
617 3 X 609 612
620 2 X 618 617
28 18 X 8 4
150 15 X 98 28
232 14 X 150 149
133 15 X 4 28
216 14 X 133 4
294 13 X 232 216
362 11 X 294 268
529 8 X 364 362
27 18 X 6 3
66 17 X 27 28
128 16 X 66 28
183 15 X 128 28
258 14 X 183 149
194 14 X 28 4
321 13 X 258 194
387 11 X 321 268
530 8 X 390 387
563 7 X 529 530
593 5 X 268 563
73 17 X 36 37
131 16 X 73 37
186 15 X 131 37
261 14 X 186 149
196 14 X 37 4
325 13 X 261 196
349 12 X 321 325
411 11 X 349 268
531 8 X 390 411
564 7 X 531 530
594 5 X 268 564
608 4 X 593 594
414 10 X 268 263
484 9 X 415 414
439 10 X 364 399
357 11 X 289 263
438 10 X 364 357
500 9 X 439 438
26 18 X 5 1
145 15 X 96 26
227 14 X 145 143
21 19 X 5 8
35 18 X 21 9
138 15 X 9 35
221 14 X 138 9
288 13 X 227 221
287 13 X 227 216
336 12 X 288 287
398 11 X 336 326
435 10 X 362 398
356 11 X 287 263
434 10 X 362 356
497 9 X 435 434
546 8 X 500 497
388 11 X 323 263
466 10 X 390 388
519 9 X 467 466
65 17 X 27 26
127 16 X 65 26
182 15 X 127 26
257 14 X 182 143
195 14 X 35 9
320 13 X 257 195
319 13 X 257 194
348 12 X 320 319
410 11 X 348 326
463 10 X 387 410
385 11 X 319 263
462 10 X 387 385
515 9 X 463 462
557 8 X 519 515
572 7 X 546 557
442 10 X 366 357
502 9 X 441 442
361 11 X 294 265
433 10 X 361 398
48 17 X 8 28
118 16 X 48 28
154 15 X 98 118
236 14 X 154 149
137 15 X 4 118
220 14 X 137 4
298 13 X 236 220
367 11 X 298 272
43 17 X 5 26
113 16 X 43 26
147 15 X 96 113
229 14 X 147 143
291 13 X 229 220
358 11 X 291 263
445 10 X 367 358
496 9 X 433 445
548 8 X 502 496
47 17 X 6 28
117 16 X 47 28
173 15 X 117 118
250 14 X 173 149
214 14 X 118 4
312 13 X 250 214
381 11 X 312 268
46 17 X 6 26
116 16 X 46 26
172 15 X 116 113
249 14 X 172 143
311 13 X 249 214
380 11 X 311 263
459 10 X 381 380
514 9 X 463 459
556 8 X 519 514
574 7 X 548 556
592 6 X 572 574
602 5 X 484 592
470 10 X 392 388
521 9 X 469 470
386 11 X 321 265
461 10 X 386 410
382 11 X 312 272
460 10 X 382 380
513 9 X 461 460
559 8 X 521 513
580 7 X 559 556
589 6 X 557 580
601 5 X 484 589
614 4 X 602 601
616 3 X 608 614
18 19 X 4 8
58 17 X 18 4
109 16 X 39 58
91 16 X 4 58
166 15 X 109 91
244 14 X 166 149
210 14 X 91 4
306 13 X 244 210
343 12 X 306 268
405 11 X 343 268
15 19 X 3 6
55 17 X 15 18
122 16 X 55 18
177 15 X 122 18
252 14 X 177 149
192 14 X 18 4
314 13 X 252 192
347 12 X 314 268
409 11 X 347 268
482 10 X 405 409
528 8 X 268 482
99 16 X 39 8
76 16 X 4 8
155 15 X 99 76
237 14 X 155 149
201 14 X 76 4
299 13 X 237 201
102 16 X 39 24
80 16 X 4 24
159 15 X 102 80
240 14 X 159 149
203 14 X 80 4
302 13 X 240 203
339 12 X 299 302
401 11 X 339 268
45 17 X 6 8
115 16 X 45 8
171 15 X 115 8
248 14 X 171 149
190 14 X 8 4
310 13 X 248 190
63 17 X 22 24
126 16 X 63 24
181 15 X 126 24
256 14 X 181 149
193 14 X 24 4
318 13 X 256 193
345 12 X 310 318
407 11 X 345 268
478 10 X 401 407
538 8 X 451 478
562 7 X 528 538
603 5 X 562 538
607 4 X 268 603
32 18 X 18 4
104 16 X 39 32
82 16 X 4 32
161 15 X 104 82
242 14 X 161 149
68 17 X 32 4
94 16 X 4 68
212 14 X 94 4
304 13 X 242 212
153 15 X 98 82
235 14 X 153 149
136 15 X 4 82
219 14 X 136 4
297 13 X 235 219
342 12 X 304 297
404 11 X 342 268
10 19 X 1 5
54 17 X 15 10
121 16 X 54 10
176 15 X 121 10
251 14 X 176 143
191 14 X 10 1
313 13 X 251 191
144 15 X 96 10
226 14 X 144 143
132 15 X 1 10
215 14 X 132 1
286 13 X 226 215
346 12 X 313 286
408 11 X 346 262
481 10 X 404 408
101 16 X 39 18
79 16 X 4 18
157 15 X 101 79
238 14 X 157 149
300 13 X 238 210
152 15 X 98 79
234 14 X 152 149
135 15 X 4 79
218 14 X 135 4
296 13 X 234 218
340 12 X 300 296
402 11 X 340 268
479 10 X 402 408
527 9 X 481 479
533 8 X 413 527
103 16 X 39 28
81 16 X 4 28
160 15 X 103 81
241 14 X 160 149
204 14 X 81 4
303 13 X 241 204
105 16 X 39 37
162 15 X 105 81
243 14 X 162 149
83 16 X 4 37
142 15 X 83 81
225 14 X 142 4
305 13 X 243 225
341 12 X 303 305
403 11 X 341 268
44 17 X 6 5
114 16 X 44 5
170 15 X 114 5
247 14 X 170 143
189 14 X 5 1
309 13 X 247 189
62 17 X 22 19
125 16 X 62 19
180 15 X 125 5
255 14 X 180 143
140 15 X 19 5
223 14 X 140 1
317 13 X 255 223
344 12 X 309 317
406 11 X 344 262
480 10 X 403 406
158 15 X 102 76
239 14 X 158 149
141 15 X 80 76
224 14 X 141 4
301 13 X 239 224
338 12 X 299 301
400 11 X 338 268
477 10 X 400 406
526 9 X 480 477
553 8 X 510 526
565 7 X 533 553
370 11 X 303 268
379 11 X 309 262
448 10 X 370 379
368 11 X 299 268
446 10 X 368 379
504 9 X 448 446
551 8 X 510 504
371 11 X 303 327
449 10 X 371 379
369 11 X 299 330
447 10 X 369 379
505 9 X 449 447
554 8 X 512 505
577 7 X 554 551
587 6 X 551 577
604 5 X 565 587
611 4 X 598 604
615 3 X 607 611
619 2 X 616 615
621 1 X 620 619
