224
lycdsg eavzxx satzdp xzpxtz vgegyv ncskqe cawesu ieooag nacehc hvzntv pjfbis nyrsgo udbvzn yagnbx jicfup datupj
5 13 2 6 1 14 12 7 10 8 16 9 15 4 11 3
3 17 1 -1 -1
1 17 -1 -1 -1
10 15 X 3 1
64 12 X 10 3
30 14 X 10 3
56 13 X 30 3
85 12 X 56 3
95 11 X 64 85
2 17 0 -1 -1
11 15 X 3 2
5 16 X 2 1
13 15 X 3 5
34 14 X 11 13
59 13 X 34 10
88 12 X 59 3
119 11 X 88 85
125 10 X 95 119
31 14 X 10 13
60 13 X 34 31
7 16 X 3 2
15 15 X 3 7
37 14 X 15 3
62 13 X 37 3
92 12 X 60 62
123 11 X 92 85
127 10 X 95 123
165 8 X 125 127
151 9 X 125 95
4 16 X 1 2
12 15 X 3 4
36 14 X 12 10
61 13 X 36 10
93 12 X 61 62
124 11 X 93 85
128 10 X 95 124
153 9 X 127 128
170 8 X 151 153
185 7 X 165 170
198 6 X 95 185
208 5 X 198 95
39 13 X 2 10
6 16 X 2 3
20 14 X 2 6
44 13 X 20 3
69 12 X 39 44
8 15 X 2 1
9 15 X 2 3
24 14 X 8 9
50 13 X 24 3
17 15 X 6 3
29 14 X 9 17
55 13 X 29 3
78 12 X 50 55
103 11 X 69 78
19 14 X 2 3
43 13 X 19 3
68 12 X 39 43
27 14 X 9 3
53 13 X 27 3
76 12 X 50 53
100 11 X 68 76
133 10 X 103 100
28 14 X 9 6
54 13 X 28 3
77 12 X 50 54
102 11 X 69 77
101 11 X 69 76
132 10 X 102 101
158 9 X 133 132
18 15 X 6 5
21 14 X 2 18
46 13 X 21 10
74 12 X 46 44
114 11 X 74 85
73 12 X 46 43
110 11 X 73 85
137 10 X 114 110
161 9 X 137 114
175 8 X 158 161
131 10 X 102 100
156 9 X 131 132
26 14 X 8 17
52 13 X 26 3
83 12 X 52 54
112 11 X 74 83
82 12 X 52 53
109 11 X 73 82
134 10 X 112 109
111 11 X 74 82
135 10 X 112 111
159 9 X 134 135
173 8 X 156 159
188 7 X 175 173
201 6 X 95 188
42 13 X 18 10
72 12 X 42 3
16 15 X 6 1
38 14 X 16 17
63 13 X 38 3
94 12 X 63 3
108 11 X 72 94
81 12 X 52 3
107 11 X 72 81
146 9 X 108 107
177 7 X 95 146
190 6 X 95 177
211 5 X 201 190
216 4 X 208 211
147 9 X 109 111
25 14 X 8 16
51 13 X 25 10
79 12 X 51 43
117 11 X 79 82
80 12 X 51 44
118 11 X 80 82
148 9 X 117 118
184 7 X 147 148
197 6 X 95 184
41 13 X 16 10
71 12 X 41 3
106 11 X 71 94
105 11 X 71 81
145 9 X 106 105
176 7 X 95 145
189 6 X 95 176
207 5 X 197 189
213 4 X 95 207
220 3 X 216 213
149 9 X 119 95
66 12 X 34 37
98 11 X 66 85
67 12 X 36 37
99 11 X 67 85
143 9 X 98 99
168 8 X 149 143
180 7 X 95 168
193 6 X 95 180
203 5 X 193 95
157 9 X 133 131
47 13 X 21 34
14 15 X 3 6
35 14 X 11 14
45 13 X 20 35
75 12 X 47 45
84 12 X 52 55
116 11 X 75 84
139 10 X 116 109
115 11 X 75 83
138 10 X 115 109
162 9 X 139 138
174 8 X 157 162
182 7 X 95 174
195 6 X 95 182
205 5 X 195 190
214 4 X 203 205
183 7 X 109 117
196 6 X 95 183
206 5 X 196 189
212 4 X 95 206
218 3 X 214 212
222 2 X 220 218
142 9 X 95 125
167 8 X 142 95
91 12 X 59 62
122 11 X 91 85
126 10 X 95 122
152 9 X 126 128
164 8 X 95 152
186 7 X 167 164
199 6 X 95 186
209 5 X 199 95
22 14 X 3 6
48 13 X 22 3
65 12 X 10 48
23 14 X 3 17
49 13 X 23 3
87 12 X 56 49
97 11 X 65 87
130 10 X 97 95
155 9 X 130 135
172 8 X 155 95
86 12 X 56 48
96 11 X 65 86
129 10 X 96 95
154 9 X 129 135
33 14 X 11 6
58 13 X 33 3
90 12 X 59 58
121 11 X 90 86
32 14 X 11 3
57 13 X 32 3
89 12 X 59 57
120 11 X 89 85
140 10 X 121 120
163 9 X 140 135
171 8 X 154 163
187 7 X 172 171
200 6 X 95 187
141 9 X 95 107
40 13 X 13 10
70 12 X 40 3
104 11 X 70 85
144 9 X 104 107
166 8 X 141 144
179 7 X 95 166
192 6 X 95 179
210 5 X 200 192
217 4 X 209 210
221 3 X 217 213
150 9 X 122 124
169 8 X 149 150
181 7 X 95 169
194 6 X 95 181
204 5 X 194 95
113 11 X 74 84
136 10 X 113 109
160 9 X 136 134
178 7 X 95 160
191 6 X 95 178
202 5 X 191 190
215 4 X 204 202
219 3 X 215 212
223 2 X 221 219
224 1 X 222 223
