350
nnutbn zdojek tcuxlq eyumee xctyoy bljjrs tzcrka jwugwg sgzggk aynylg oexdnw mhdnyk idxlwd pasjdh fqvrpp gutjyo
6 7 12 5 8 15 13 11 9 16 2 10 3 1 14 4
1 17 -1 -1 -1
2 17 0 -1 -1
3 16 X 1 2
9 14 X 1 3
30 13 X 1 9
96 11 X 30 1
6 15 X 1 3
12 14 X 1 6
32 13 X 1 12
99 11 X 32 1
160 10 X 96 99
4 16 X 2 1
10 14 X 1 4
8 14 X 1 2
46 13 X 10 8
16 14 X 4 2
47 13 X 10 16
88 12 X 46 47
151 11 X 88 1
7 15 X 1 4
5 15 X 1 2
24 14 X 7 5
45 13 X 7 24
13 14 X 1 7
50 13 X 13 24
86 12 X 45 50
146 11 X 86 1
194 10 X 151 146
214 9 X 160 194
29 13 X 1 8
42 13 X 4 16
64 12 X 29 42
123 11 X 64 1
39 13 X 1 24
79 12 X 39 45
136 11 X 79 1
175 10 X 123 136
224 9 X 175 1
65 12 X 29 47
124 11 X 65 1
80 12 X 39 50
137 11 X 80 1
176 10 X 124 137
225 9 X 176 194
271 8 X 224 225
286 7 X 214 271
23 14 X 7 4
57 13 X 23 16
66 12 X 29 57
125 11 X 66 1
177 10 X 125 136
226 9 X 177 1
272 8 X 226 225
287 7 X 214 272
317 6 X 286 287
15 14 X 4 1
17 14 X 4 3
51 13 X 15 17
68 12 X 30 51
127 11 X 68 1
25 14 X 7 6
40 13 X 1 25
22 14 X 7 1
56 13 X 22 25
81 12 X 40 56
138 11 X 81 1
180 10 X 127 138
230 9 X 180 1
35 13 X 1 17
67 12 X 30 35
126 11 X 67 1
103 11 X 40 1
178 10 X 126 103
227 9 X 178 1
273 8 X 230 227
288 7 X 214 273
55 13 X 22 17
69 12 X 30 55
128 11 X 69 1
182 10 X 128 138
233 9 X 182 1
274 8 X 233 227
289 7 X 214 274
318 6 X 288 289
331 5 X 317 318
339 4 X 331 1
62 12 X 10 1
121 11 X 62 1
60 12 X 4 1
119 11 X 60 1
172 10 X 121 119
245 8 X 1 172
26 13 X 1 3
152 11 X 88 26
83 12 X 42 47
141 11 X 83 26
195 10 X 152 141
249 8 X 1 195
293 7 X 245 249
61 12 X 7 1
120 11 X 61 1
173 10 X 121 120
246 8 X 1 173
248 8 X 1 194
294 7 X 246 248
320 6 X 293 294
332 5 X 320 1
63 12 X 13 1
122 11 X 63 1
174 10 X 122 120
223 9 X 174 1
250 8 X 1 223
11 14 X 1 5
49 13 X 13 11
91 12 X 49 50
155 11 X 91 1
198 10 X 155 146
244 9 X 198 1
254 8 X 1 244
296 7 X 250 254
309 6 X 1 296
325 5 X 309 1
340 4 X 332 325
345 3 X 339 340
87 12 X 46 42
149 11 X 87 1
111 11 X 45 1
192 10 X 149 111
240 9 X 192 1
277 8 X 240 192
279 7 X 192 277
89 12 X 46 57
153 11 X 89 1
196 10 X 153 111
242 9 X 196 192
241 9 X 196 1
278 8 X 241 242
292 7 X 242 278
314 6 X 279 292
116 11 X 56 1
179 10 X 127 116
229 9 X 179 192
228 9 X 179 1
290 7 X 229 228
181 10 X 128 116
232 9 X 181 192
231 9 X 181 1
291 7 X 232 231
319 6 X 290 291
330 5 X 314 319
338 4 X 330 1
97 11 X 30 26
150 11 X 87 26
106 11 X 42 26
193 10 X 150 106
256 8 X 97 193
28 13 X 1 6
100 11 X 32 28
208 9 X 97 100
263 8 X 208 193
299 7 X 256 263
258 8 X 160 242
213 9 X 160 99
268 8 X 213 242
301 7 X 258 268
321 6 X 299 301
203 9 X 1 160
200 9 X 1 99
283 7 X 203 200
308 6 X 1 283
333 5 X 321 308
59 12 X 1 32
117 11 X 59 1
211 9 X 117 1
90 12 X 49 45
154 11 X 90 1
197 10 X 154 111
243 9 X 197 1
266 8 X 211 243
306 6 X 1 266
324 5 X 306 1
341 4 X 333 324
344 3 X 338 341
348 2 X 345 344
202 9 X 1 141
41 13 X 4 8
82 12 X 41 46
139 11 X 82 30
187 10 X 141 139
207 9 X 1 187
260 8 X 202 207
140 11 X 83 1
44 13 X 7 11
85 12 X 44 49
144 11 X 85 1
186 10 X 140 144
206 9 X 1 186
262 8 X 203 206
303 7 X 260 262
209 9 X 97 141
161 10 X 97 30
215 9 X 161 187
264 8 X 209 215
34 13 X 1 16
72 12 X 34 42
14 14 X 3 1
33 13 X 1 14
71 12 X 33 1
130 11 X 72 71
18 14 X 4 5
36 13 X 1 18
75 12 X 36 45
133 11 X 75 71
183 10 X 130 133
234 9 X 183 160
73 12 X 34 47
131 11 X 73 71
31 13 X 1 11
70 12 X 31 49
129 11 X 70 1
184 10 X 131 129
235 9 X 184 186
275 8 X 234 235
304 7 X 264 275
323 6 X 303 304
282 7 X 202 1
74 12 X 35 51
132 11 X 74 71
19 14 X 4 6
37 13 X 1 19
77 12 X 37 56
135 11 X 77 71
185 10 X 132 135
236 9 X 185 1
102 11 X 35 71
76 12 X 37 40
134 11 X 76 71
163 10 X 102 134
217 9 X 163 1
276 8 X 236 217
284 7 X 209 276
316 6 X 282 284
335 5 X 323 316
343 4 X 335 1
247 8 X 1 187
142 11 X 83 71
20 14 X 4 7
53 13 X 20 11
94 12 X 53 49
158 11 X 94 1
188 10 X 142 158
237 9 X 188 186
251 8 X 1 237
295 7 X 247 251
312 6 X 247 295
328 5 X 312 1
27 13 X 1 5
147 11 X 86 27
145 11 X 85 31
190 10 X 147 145
238 9 X 190 1
252 8 X 1 238
21 14 X 5 1
38 13 X 1 21
78 12 X 38 1
148 11 X 86 78
191 10 X 148 144
43 13 X 7 1
48 13 X 13 1
84 12 X 43 48
143 11 X 84 1
189 10 X 143 1
239 9 X 191 189
253 8 X 1 239
297 7 X 252 253
310 6 X 1 297
326 5 X 310 1
336 4 X 328 326
347 3 X 343 336
201 9 X 1 106
104 11 X 41 30
165 10 X 106 104
205 9 X 1 165
259 8 X 201 205
105 11 X 42 1
109 11 X 44 1
164 10 X 105 109
204 9 X 1 164
261 8 X 203 204
302 7 X 259 261
257 8 X 106 165
107 11 X 42 71
54 13 X 20 18
95 12 X 54 45
159 11 X 95 71
167 10 X 107 159
219 9 X 167 160
93 12 X 53 44
157 11 X 93 1
166 10 X 107 157
218 9 X 166 164
270 8 X 219 218
300 7 X 257 270
322 6 X 302 300
281 7 X 201 1
114 11 X 51 26
210 9 X 114 106
115 11 X 51 71
52 13 X 15 19
92 12 X 52 56
156 11 X 92 71
171 10 X 115 156
222 9 X 171 1
285 7 X 210 222
315 6 X 281 285
334 5 X 322 315
342 4 X 334 1
255 8 X 97 165
98 11 X 30 71
101 11 X 32 71
162 10 X 98 101
216 9 X 162 160
269 8 X 216 218
298 7 X 255 269
313 6 X 255 298
199 9 X 1 97
280 7 X 199 200
307 6 X 1 280
329 5 X 313 307
58 12 X 1 28
118 11 X 59 58
212 9 X 118 1
112 11 X 45 27
110 11 X 44 31
169 10 X 112 110
220 9 X 169 1
267 8 X 212 220
113 11 X 45 78
170 10 X 113 109
108 11 X 43 1
168 10 X 108 1
221 9 X 170 168
265 8 X 211 221
305 7 X 267 265
311 6 X 1 305
327 5 X 311 1
337 4 X 329 327
346 3 X 342 337
349 2 X 347 346
350 1 X 348 349
