402
nkehii gukuic yacibb lknfhs jwiwov zvdbte mksfcf wzpsqu xjoigm erxvsy jmwysv krsztv nxpdly zrazqn jbmnpp selmjy raqkdd fvhcyq
4 11 1 10 14 6 13 2 15 12 8 16 5 3 9 17 7 18
1 19 -1 -1 -1
2 19 0 -1 -1
3 18 X 1 2
6 17 X 1 3
11 16 X 1 6
9 16 X 1 2
37 15 X 11 9
98 13 X 37 1
164 12 X 98 1
202 11 X 164 1
276 9 X 202 1
35 15 X 11 1
43 14 X 1 35
101 13 X 43 1
168 12 X 101 1
208 11 X 168 1
259 10 X 202 208
300 9 X 259 1
341 7 X 276 300
86 13 X 11 1
158 12 X 86 1
195 11 X 158 1
275 9 X 195 1
252 10 X 195 208
290 9 X 252 1
340 7 X 275 290
365 6 X 341 340
390 4 X 365 1
44 14 X 1 37
102 13 X 44 1
169 12 X 102 1
209 11 X 169 1
278 9 X 209 1
29 15 X 6 2
74 14 X 29 37
132 13 X 74 1
187 12 X 132 1
230 11 X 187 1
281 9 X 230 1
322 8 X 278 281
263 10 X 209 208
304 9 X 263 1
331 8 X 304 300
351 7 X 322 331
15 16 X 6 1
23 15 X 1 15
42 14 X 1 23
100 13 X 42 1
167 12 X 100 1
207 11 X 167 1
243 10 X 1 207
283 9 X 243 1
60 14 X 15 23
120 13 X 60 1
180 12 X 120 1
220 11 X 180 1
247 10 X 1 220
286 9 X 247 1
324 8 X 283 286
354 7 X 324 1
371 6 X 351 354
38 15 X 11 15
45 14 X 1 38
103 13 X 45 1
170 12 X 103 1
210 11 X 170 1
262 10 X 208 210
303 9 X 262 1
28 15 X 6 1
72 14 X 28 35
130 13 X 72 1
184 12 X 130 1
224 11 X 184 1
31 15 X 6 15
76 14 X 31 38
134 13 X 76 1
189 12 X 134 1
232 11 X 189 1
265 10 X 224 232
306 9 X 265 1
330 8 X 303 306
277 9 X 208 1
97 13 X 35 1
163 12 X 97 1
201 11 X 163 1
258 10 X 201 208
299 9 X 258 1
321 8 X 277 299
361 7 X 330 321
372 6 X 351 361
384 5 X 371 372
392 4 X 384 1
397 3 X 390 392
270 10 X 230 224
316 9 X 270 1
343 7 X 281 316
36 15 X 11 6
54 14 X 6 36
114 13 X 54 1
176 12 X 114 1
216 11 X 176 1
280 9 X 216 1
264 10 X 216 224
305 9 X 264 1
342 7 X 280 305
366 6 X 343 342
391 4 X 366 1
332 8 X 304 316
352 7 X 322 332
40 15 X 15 1
82 14 X 40 1
138 13 X 82 1
191 12 X 138 1
235 11 X 191 1
250 10 X 1 235
287 9 X 250 1
320 8 X 1 287
355 7 X 324 320
373 6 X 352 355
7 17 X 2 1
12 16 X 1 7
22 15 X 1 12
41 14 X 1 22
99 13 X 41 1
166 12 X 99 1
206 11 X 166 1
242 10 X 1 206
279 9 X 209 242
323 8 X 279 281
353 7 X 323 332
374 6 X 353 355
385 5 X 373 374
393 4 X 385 1
398 3 X 391 393
401 2 X 397 398
4 18 X 2 1
18 15 X 1 4
10 16 X 1 4
21 15 X 1 10
91 13 X 18 21
145 12 X 1 91
204 11 X 164 145
165 12 X 98 91
205 11 X 165 145
261 10 X 204 205
302 9 X 261 1
80 14 X 37 1
137 13 X 80 1
190 12 X 137 1
65 14 X 21 1
139 12 X 1 65
233 11 X 190 139
272 10 X 233 1
318 9 X 272 1
350 7 X 302 318
339 7 X 275 1
370 6 X 350 339
90 13 X 18 1
144 12 X 1 90
203 11 X 164 144
57 14 X 9 37
117 13 X 57 1
33 15 X 10 4
79 14 X 33 18
32 15 X 10 1
77 14 X 32 1
136 13 X 79 77
178 12 X 117 136
95 13 X 33 32
147 12 X 1 95
218 11 X 178 147
260 10 X 203 218
301 9 X 260 1
126 13 X 65 1
156 12 X 1 126
234 11 X 190 156
273 10 X 234 1
319 9 X 273 1
349 7 X 301 319
56 14 X 9 11
116 13 X 56 1
78 14 X 33 1
135 13 X 78 77
177 12 X 116 135
14 16 X 4 1
34 15 X 10 14
96 13 X 34 32
148 12 X 1 96
217 11 X 177 148
253 10 X 195 217
291 9 X 253 1
345 7 X 291 1
369 6 X 349 345
383 5 X 370 369
94 13 X 29 1
161 12 X 94 1
199 11 X 161 145
162 12 X 94 91
200 11 X 162 145
256 10 X 199 200
294 9 X 256 1
348 7 X 294 318
88 13 X 15 1
159 12 X 88 1
196 11 X 159 1
241 10 X 1 196
282 9 X 241 1
344 7 X 282 1
368 6 X 348 344
198 11 X 161 144
49 14 X 2 29
107 13 X 49 1
52 14 X 4 18
25 15 X 4 1
67 14 X 25 1
111 13 X 52 67
174 12 X 107 111
83 13 X 4 25
140 12 X 1 83
214 11 X 174 140
255 10 X 198 214
293 9 X 255 1
347 7 X 293 319
93 13 X 28 1
160 12 X 93 1
197 11 X 160 1
13 16 X 2 1
24 15 X 2 13
66 14 X 24 31
127 13 X 66 1
27 15 X 4 14
70 14 X 27 1
128 13 X 70 67
182 12 X 127 128
92 13 X 27 25
146 12 X 1 92
222 11 X 182 146
254 10 X 197 222
292 9 X 254 1
346 7 X 292 1
367 6 X 347 346
382 5 X 368 367
396 3 X 383 382
8 17 X 4 1
20 15 X 1 8
64 14 X 18 20
125 13 X 64 65
155 12 X 1 125
238 10 X 1 155
295 9 X 256 238
327 8 X 295 294
5 17 X 1 2
30 15 X 6 5
75 14 X 30 1
133 13 X 75 1
188 12 X 133 1
231 11 X 188 1
71 14 X 28 1
129 13 X 71 1
183 12 X 129 1
223 11 X 183 1
271 10 X 231 223
317 9 X 271 1
358 7 X 327 317
85 13 X 6 1
157 12 X 85 1
194 11 X 157 1
274 9 X 194 1
338 7 X 274 1
375 6 X 358 338
26 15 X 4 10
69 14 X 26 21
112 13 X 52 69
175 12 X 107 112
84 13 X 4 26
141 12 X 1 84
215 11 X 175 141
257 10 X 199 215
53 14 X 4 20
68 14 X 26 1
113 13 X 53 68
151 12 X 1 113
51 14 X 4 8
110 13 X 51 68
150 12 X 1 110
192 11 X 151 150
239 10 X 1 192
297 9 X 257 239
296 9 X 257 1
328 8 X 297 296
73 14 X 29 1
131 13 X 73 1
185 12 X 131 1
225 11 X 185 139
266 10 X 225 223
307 9 X 266 1
359 7 X 328 307
47 14 X 2 6
105 13 X 47 1
50 14 X 4 1
109 13 X 50 68
172 12 X 105 109
39 15 X 14 1
87 13 X 14 39
142 12 X 1 87
212 11 X 172 142
251 10 X 194 212
55 14 X 8 1
115 13 X 55 1
152 12 X 1 115
17 16 X 8 1
89 13 X 17 1
143 12 X 1 89
193 11 X 152 143
240 10 X 1 193
289 9 X 251 240
288 9 X 251 1
326 8 X 289 288
357 7 X 326 1
377 6 X 359 357
386 5 X 375 377
63 14 X 18 1
124 13 X 63 65
154 12 X 1 124
227 11 X 185 154
186 12 X 131 124
229 11 X 186 154
268 10 X 227 229
237 10 X 1 154
313 9 X 268 237
312 9 X 268 1
336 8 X 313 312
364 7 X 336 307
381 6 X 364 1
123 13 X 63 1
153 12 X 1 123
226 11 X 185 153
46 14 X 2 1
104 13 X 46 1
108 13 X 50 67
171 12 X 104 108
149 12 X 1 108
211 11 X 171 149
267 10 X 226 211
236 10 X 1 149
310 9 X 267 236
309 9 X 267 1
334 8 X 310 309
228 11 X 185 156
269 10 X 228 223
314 9 X 269 1
362 7 X 334 314
379 6 X 362 1
388 5 X 381 379
394 4 X 386 388
376 6 X 358 344
19 15 X 1 7
48 14 X 2 19
106 13 X 48 1
173 12 X 106 113
213 11 X 173 150
245 10 X 1 213
298 9 X 257 245
329 8 X 298 296
249 10 X 1 223
308 9 X 266 249
333 8 X 308 307
360 7 X 329 333
58 14 X 13 15
118 13 X 58 1
59 14 X 14 1
81 14 X 39 1
119 13 X 59 81
179 12 X 118 119
219 11 X 179 142
246 10 X 1 219
16 16 X 7 1
61 14 X 16 1
121 13 X 61 1
62 14 X 17 1
122 13 X 62 1
181 12 X 121 122
221 11 X 181 143
248 10 X 1 221
285 9 X 246 248
284 9 X 246 1
325 8 X 285 284
356 7 X 325 1
378 6 X 360 356
387 5 X 376 378
244 10 X 1 211
311 9 X 267 244
335 8 X 311 309
315 9 X 269 249
337 8 X 315 314
363 7 X 335 337
380 6 X 363 1
389 5 X 381 380
395 4 X 387 389
399 3 X 394 395
400 2 X 396 399
402 1 X 401 400
