144
ilsuqy cwvofv kixetn rfijsu xjsblb wmrxhp koohbj kdxcjt zjwerk stwdmm wmvsoz jvwjbn ykpyjg wfcyfb diuabe vakyiu
9 15 8 10 6 4 13 5 2 3 14 1 11 12 7 16
3 17 1 -1 -1
2 17 0 -1 -1
5 16 X 2 3
10 15 X 5 3
21 14 X 10 3
26 13 X 21 3
40 11 X 3 26
65 10 X 40 3
8 15 X 2 3
19 14 X 8 2
33 12 X 19 3
22 14 X 10 5
27 13 X 22 3
38 12 X 27 3
52 11 X 33 38
9 15 X 3 5
16 14 X 3 9
25 13 X 16 3
45 11 X 22 25
71 10 X 52 45
83 9 X 65 71
18 14 X 5 3
44 11 X 18 3
59 10 X 3 44
73 9 X 3 59
94 8 X 83 73
1 17 -1 -1 -1
6 16 X 3 1
7 16 X 3 2
12 15 X 7 6
24 14 X 12 7
36 12 X 24 6
55 11 X 36 6
72 10 X 55 6
77 9 X 6 72
89 8 X 77 6
110 7 X 94 89
37 12 X 26 3
41 11 X 3 37
66 10 X 41 3
42 11 X 3 38
29 12 X 3 22
48 11 X 29 3
68 10 X 42 48
85 9 X 66 68
28 12 X 3 18
47 11 X 28 3
61 10 X 3 47
74 9 X 3 61
96 8 X 85 74
112 7 X 96 6
118 6 X 110 112
98 7 X 3 6
13 14 X 1 3
56 10 X 1 13
14 14 X 1 6
57 10 X 1 14
102 7 X 56 57
120 5 X 98 102
132 4 X 118 120
46 11 X 26 3
64 10 X 37 46
82 9 X 65 64
93 8 X 82 3
109 7 X 93 1
30 12 X 3 26
49 11 X 30 3
67 10 X 41 49
84 9 X 66 67
95 8 X 84 3
111 7 X 95 1
117 6 X 109 111
97 7 X 3 1
101 7 X 56 1
119 5 X 97 101
131 4 X 117 119
138 3 X 132 131
60 10 X 3 46
39 11 X 3 25
58 10 X 3 39
80 9 X 60 58
91 8 X 80 3
107 7 X 91 1
62 10 X 3 49
81 9 X 62 3
92 8 X 81 3
108 7 X 92 1
116 6 X 107 108
129 5 X 116 97
130 5 X 116 101
137 4 X 129 130
79 9 X 60 3
90 8 X 79 3
106 7 X 90 1
115 6 X 106 108
127 5 X 115 97
128 5 X 115 101
136 4 X 127 128
141 3 X 137 136
142 2 X 138 141
43 11 X 6 3
4 16 X 2 1
11 15 X 6 4
23 14 X 11 6
35 12 X 23 6
54 11 X 35 3
69 10 X 43 54
78 9 X 43 69
87 8 X 43 78
104 7 X 87 6
100 7 X 43 6
113 6 X 104 100
15 14 X 3 8
31 12 X 15 3
50 11 X 31 3
17 14 X 3 10
32 12 X 17 3
51 11 X 32 3
70 10 X 50 51
76 9 X 3 70
20 14 X 9 3
34 12 X 20 3
53 11 X 34 3
63 10 X 3 53
75 9 X 3 63
88 8 X 76 75
105 7 X 88 6
114 6 X 105 98
126 5 X 113 114
123 5 X 100 102
135 4 X 126 123
86 8 X 43 3
103 7 X 86 1
124 5 X 103 97
125 5 X 103 101
134 4 X 124 125
140 3 X 135 134
99 7 X 43 1
121 5 X 99 97
122 5 X 99 101
133 4 X 121 122
139 3 X 133 134
143 2 X 140 139
144 1 X 142 143
