833
betmdk ozslgt zirkws msaasi ntqevi fvvkot dgvzpo izzdch swkbwm vgndlt wwkzld ojfyqj wiwwmj imbcbo elhnqr cvihgc nfpxcg bwvipg zcbwnf hzzcxh
19 18 17 11 9 20 15 4 5 6 16 7 1 3 10 8 13 14 2 12
4 21 2 -1 -1
2 21 0 -1 -1
8 20 X 4 2
16 19 X 4 8
27 18 X 16 4
57 16 X 27 4
207 13 X 57 4
45 17 X 27 4
69 16 X 45 4
147 14 X 69 4
260 13 X 147 4
325 12 X 207 260
366 11 X 4 325
555 9 X 4 366
355 11 X 4 207
553 9 X 4 355
670 8 X 555 553
324 12 X 207 4
365 11 X 4 324
511 10 X 366 365
560 9 X 4 511
672 8 X 560 553
743 7 X 670 672
90 15 X 57 4
216 13 X 90 4
100 15 X 69 4
193 14 X 100 4
281 13 X 193 4
332 12 X 216 281
552 9 X 4 332
77 15 X 16 4
209 13 X 77 4
550 9 X 4 209
669 8 X 552 550
15 19 X 4 2
26 18 X 15 4
56 16 X 26 4
205 13 X 56 4
44 17 X 26 4
68 16 X 44 4
146 14 X 68 4
258 13 X 146 4
321 12 X 205 258
440 11 X 321 325
320 12 X 205 4
438 11 X 320 324
543 10 X 440 438
562 9 X 4 543
203 13 X 16 4
549 9 X 4 203
674 8 X 562 549
741 7 X 669 674
790 6 X 743 741
1 21 -1 -1 -1
29 17 X 1 4
107 14 X 4 29
6 20 X 1 4
33 17 X 6 4
108 14 X 4 33
3 21 1 -1 -1
103 14 X 3 33
376 11 X 108 103
468 10 X 107 376
5 20 X 1 2
10 19 X 1 5
23 18 X 10 1
41 17 X 23 27
64 16 X 41 29
140 14 X 57 64
227 13 X 107 140
148 14 X 69 29
228 13 X 107 148
337 12 X 227 228
374 11 X 107 337
7 20 X 3 2
12 19 X 3 7
24 18 X 12 3
52 16 X 24 3
17 19 X 6 5
28 18 X 17 6
46 17 X 28 27
70 16 X 46 33
133 14 X 52 70
221 13 X 103 133
42 17 X 24 3
66 16 X 42 3
144 14 X 66 33
222 13 X 103 144
335 12 X 221 222
382 11 X 108 335
515 10 X 374 382
595 9 X 468 515
47 16 X 4 16
35 17 X 10 16
59 16 X 29 35
130 14 X 47 59
226 13 X 107 130
119 14 X 27 41
58 16 X 27 16
65 16 X 41 35
142 14 X 58 65
249 13 X 119 142
403 11 X 226 249
36 17 X 17 16
61 16 X 33 36
131 14 X 47 61
233 13 X 108 131
117 14 X 24 46
53 16 X 24 12
71 16 X 46 36
135 14 X 53 71
247 13 X 117 135
404 11 X 233 247
529 10 X 403 404
597 9 X 468 529
695 8 X 595 597
18 18 X 1 4
37 17 X 18 4
109 14 X 4 37
21 18 X 6 4
39 17 X 21 4
110 14 X 4 39
104 14 X 3 39
388 11 X 110 104
475 10 X 109 388
198 13 X 4 57
201 13 X 4 147
316 12 X 198 201
362 11 X 4 316
102 14 X 3 4
132 14 X 52 57
218 13 X 102 132
333 12 X 218 102
368 11 X 4 333
506 10 X 362 368
618 9 X 475 506
197 13 X 4 47
204 13 X 27 58
400 11 X 197 204
314 12 X 197 4
116 14 X 24 27
134 14 X 53 58
246 13 X 116 134
435 11 X 314 246
528 10 X 400 435
620 9 X 475 528
711 8 X 618 620
758 7 X 695 711
465 10 X 107 108
96 15 X 64 29
182 14 X 90 96
194 14 X 100 29
312 12 X 182 194
230 13 X 107 182
231 13 X 107 194
338 12 X 230 231
430 11 X 312 338
101 15 X 70 33
183 14 X 90 101
195 14 X 100 33
313 12 X 183 195
237 13 X 108 183
238 13 X 108 195
340 12 X 237 238
431 11 X 313 340
539 10 X 430 431
592 9 X 465 539
80 15 X 35 29
172 14 X 77 80
229 13 X 107 172
395 11 X 172 229
81 15 X 36 33
173 14 X 77 81
236 13 X 108 173
396 11 X 173 236
522 10 X 395 396
587 9 X 465 522
692 8 X 592 587
474 10 X 109 110
290 12 X 56 146
415 11 X 290 316
289 12 X 56 4
315 12 X 198 4
414 11 X 289 315
534 10 X 415 414
615 9 X 474 534
196 13 X 4 16
372 11 X 16 196
609 9 X 474 372
709 8 X 615 609
755 7 X 692 709
797 6 X 758 755
815 5 X 790 797
30 17 X 4 3
121 14 X 30 4
563 9 X 121 4
565 9 X 121 209
676 8 X 563 565
564 9 X 121 203
675 8 X 563 564
745 7 X 676 675
776 6 X 563 745
122 14 X 30 29
123 14 X 30 33
393 11 X 123 103
482 10 X 122 393
631 9 X 482 468
633 9 X 482 529
721 8 X 631 633
124 14 X 30 37
125 14 X 30 39
394 11 X 125 104
485 10 X 124 394
353 11 X 4 102
460 10 X 4 353
638 9 X 485 460
641 9 X 485 528
726 8 X 638 641
770 7 X 721 726
481 10 X 122 123
627 9 X 481 465
630 9 X 481 522
717 8 X 627 630
484 10 X 124 125
634 9 X 484 4
635 9 X 484 372
722 8 X 634 635
766 7 X 717 722
801 6 X 770 766
807 5 X 776 801
823 4 X 815 807
367 11 X 4 332
556 9 X 4 367
357 11 X 4 216
554 9 X 4 357
671 8 X 556 554
744 7 X 671 672
791 6 X 743 744
375 11 X 107 338
87 15 X 52 3
179 14 X 87 101
223 13 X 103 179
97 15 X 66 3
190 14 X 97 33
224 13 X 103 190
336 12 X 223 224
383 11 X 108 336
518 10 X 375 383
596 9 X 468 518
256 13 X 140 182
373 11 X 107 256
254 13 X 133 179
378 11 X 108 254
512 10 X 373 378
594 9 X 468 512
696 8 X 596 594
200 13 X 4 90
202 13 X 4 193
319 12 X 200 202
364 11 X 4 319
178 14 X 87 90
219 13 X 102 178
334 12 X 219 102
369 11 X 4 334
509 10 X 364 369
619 9 X 475 509
208 13 X 57 90
356 11 X 4 208
253 13 X 132 178
359 11 X 4 253
504 10 X 356 359
617 9 X 475 504
712 8 X 619 617
759 7 X 696 712
397 11 X 182 230
398 11 X 183 237
523 10 X 397 398
588 9 X 465 523
693 8 X 592 588
89 15 X 56 4
206 13 X 56 89
99 15 X 68 4
192 14 X 99 4
259 13 X 146 192
323 12 X 206 259
442 11 X 323 319
322 12 X 206 4
318 12 X 200 4
441 11 X 322 318
545 10 X 442 441
616 9 X 474 545
402 11 X 208 200
610 9 X 474 402
710 8 X 616 610
756 7 X 693 710
798 6 X 759 756
817 5 X 791 798
11 19 X 3 4
31 17 X 4 11
48 16 X 4 31
126 14 X 30 48
251 13 X 121 126
308 12 X 121 251
478 10 X 121 308
567 9 X 121 478
663 8 X 121 567
128 14 X 31 4
486 10 X 128 121
568 9 X 121 486
459 10 X 4 308
566 9 X 121 459
679 8 X 568 566
779 6 X 663 679
34 17 X 6 11
60 16 X 33 34
127 14 X 30 60
252 13 X 123 127
309 12 X 123 252
106 14 X 3 60
220 13 X 103 106
292 12 X 103 220
427 11 X 309 292
483 10 X 122 427
632 9 X 482 483
666 8 X 482 632
392 11 X 121 102
479 10 X 121 392
639 9 X 485 479
105 14 X 3 48
217 13 X 102 105
291 12 X 102 217
426 11 X 308 291
480 10 X 121 426
640 9 X 485 480
727 8 X 639 640
738 7 X 666 727
129 14 X 31 29
487 10 X 129 123
629 9 X 481 487
467 10 X 107 309
628 9 X 481 467
719 8 X 629 628
637 9 X 484 486
636 9 X 484 459
724 8 X 637 636
768 7 X 719 724
786 6 X 738 768
810 5 X 779 786
825 4 X 817 810
829 3 X 823 825
22 18 X 8 4
51 16 X 22 4
85 15 X 51 4
214 13 X 85 4
40 17 X 22 4
63 16 X 40 4
94 15 X 63 4
186 14 X 94 4
276 13 X 186 4
330 12 X 214 276
448 11 X 330 4
464 10 X 4 448
449 11 X 330 332
502 10 X 332 449
582 9 X 464 502
688 8 X 582 550
19 18 X 2 4
49 16 X 19 4
82 15 X 49 4
210 13 X 82 4
326 12 X 210 4
443 11 X 326 4
463 10 X 4 443
83 15 X 49 56
211 13 X 83 4
327 12 X 211 4
445 11 X 327 324
544 10 X 440 445
580 9 X 463 544
686 8 X 580 549
749 7 X 688 686
792 6 X 743 749
141 14 X 57 70
234 13 X 108 141
149 14 X 69 33
235 13 X 108 149
339 12 X 234 235
384 11 X 108 339
516 10 X 374 384
584 9 X 465 516
120 14 X 27 46
143 14 X 58 71
250 13 X 120 143
406 11 X 233 250
531 10 X 403 406
589 9 X 465 531
689 8 X 584 589
361 11 X 4 315
505 10 X 362 361
611 9 X 474 505
433 11 X 314 204
527 10 X 400 433
614 9 X 474 527
706 8 X 611 614
751 7 X 689 706
275 13 X 183 108
282 13 X 195 108
352 12 X 275 282
457 11 X 352 108
473 10 X 107 457
605 9 X 473 539
702 8 X 605 587
50 16 X 19 39
84 15 X 50 39
175 14 X 82 84
271 13 X 175 110
348 12 X 271 110
453 11 X 348 110
477 10 X 109 453
212 13 X 83 56
328 12 X 212 4
446 11 X 328 315
535 10 X 415 446
625 9 X 477 535
715 8 X 625 609
765 7 X 702 715
794 6 X 751 765
818 5 X 792 794
9 20 X 4 3
14 19 X 3 9
32 17 X 4 14
75 15 X 4 32
165 14 X 75 4
285 12 X 4 165
573 9 X 285 209
678 8 X 563 573
572 9 X 285 203
677 8 X 563 572
746 7 X 678 677
774 6 X 4 746
665 8 X 465 589
606 9 X 474 4
704 8 X 606 614
737 7 X 665 704
166 14 X 75 29
294 12 X 107 166
167 14 X 75 33
298 12 X 108 167
496 10 X 294 298
647 9 X 496 522
718 8 X 627 647
168 14 X 75 37
303 12 X 109 168
169 14 X 75 39
307 12 X 110 169
499 10 X 303 307
652 9 X 499 372
723 8 X 634 652
767 7 X 718 723
785 6 X 737 767
805 5 X 774 785
826 4 X 818 805
385 11 X 108 340
519 10 X 375 385
585 9 X 465 519
257 13 X 141 183
380 11 X 108 257
514 10 X 373 380
583 9 X 465 514
690 8 X 585 583
363 11 X 4 318
508 10 X 364 363
612 9 X 474 508
608 9 X 474 356
708 8 X 612 608
753 7 X 690 708
20 18 X 5 6
38 17 X 20 22
62 16 X 38 33
92 15 X 62 33
176 14 X 85 92
272 13 X 176 108
187 14 X 94 33
277 13 X 187 108
349 12 X 272 277
454 11 X 349 108
472 10 X 107 454
273 13 X 176 183
278 13 X 187 195
350 12 X 273 278
455 11 X 350 340
540 10 X 430 455
602 9 X 472 540
699 8 X 602 588
213 13 X 83 89
329 12 X 213 4
447 11 X 329 318
546 10 X 442 447
626 9 X 477 546
716 8 X 626 610
762 7 X 699 716
796 6 X 753 762
816 5 X 791 796
76 15 X 4 48
170 14 X 75 76
268 13 X 165 170
288 12 X 4 268
491 10 X 285 288
559 9 X 4 491
662 8 X 4 559
458 10 X 4 288
574 9 X 285 458
680 8 X 568 574
778 6 X 662 680
735 7 X 465 606
79 15 X 33 60
171 14 X 75 79
269 13 X 167 171
301 12 X 108 269
466 10 X 107 301
645 9 X 496 466
720 8 X 629 645
653 9 X 499 458
725 8 X 637 653
769 7 X 720 725
782 6 X 735 769
809 5 X 778 782
824 4 X 816 809
830 3 X 826 824
832 2 X 829 830
742 7 X 670 4
551 9 X 4 325
668 8 X 551 549
439 11 X 321 4
437 11 X 320 4
541 10 X 439 437
561 9 X 4 541
401 11 X 203 4
557 9 X 4 401
673 8 X 561 557
740 7 X 668 673
788 6 X 742 740
112 14 X 11 33
377 11 X 108 112
469 10 X 107 377
13 19 X 3 8
25 18 X 13 11
54 16 X 25 11
137 14 X 54 70
242 13 X 112 137
43 17 X 25 11
67 16 X 43 11
145 14 X 67 33
243 13 X 112 145
343 12 X 242 243
386 11 X 108 343
517 10 X 374 386
599 9 X 469 517
118 14 X 25 46
55 16 X 25 13
139 14 X 55 71
248 13 X 118 139
405 11 X 233 248
530 10 X 403 405
601 9 X 469 530
697 8 X 599 601
113 14 X 11 39
389 11 X 110 113
476 10 X 109 389
111 14 X 11 4
136 14 X 54 57
239 13 X 111 136
341 12 X 239 111
370 11 X 4 341
507 10 X 362 370
622 9 X 476 507
199 13 X 4 58
399 11 X 197 199
138 14 X 55 58
240 13 X 111 138
434 11 X 314 240
525 10 X 399 434
624 9 X 476 525
713 8 X 622 624
760 7 X 697 713
310 12 X 140 148
428 11 X 310 337
311 12 X 141 149
429 11 X 311 339
538 10 X 428 429
591 9 X 465 538
114 14 X 16 35
225 13 X 107 114
390 11 X 114 225
115 14 X 16 36
232 13 X 108 115
391 11 X 115 232
521 10 X 390 391
586 9 X 465 521
691 8 X 591 586
754 7 X 691 709
799 6 X 760 754
813 5 X 788 799
571 9 X 285 4
74 15 X 4 31
158 14 X 74 4
284 12 X 4 158
569 9 X 284 4
681 8 X 571 569
410 11 X 284 285
576 9 X 410 203
682 8 X 571 576
577 9 X 410 401
683 8 X 571 577
747 7 X 682 683
781 6 X 681 747
73 15 X 4 14
156 14 X 73 33
296 12 X 108 156
419 11 X 298 296
497 10 X 294 419
381 11 X 108 296
470 10 X 107 381
648 9 X 497 470
159 14 X 74 29
293 12 X 107 159
160 14 X 74 33
297 12 X 108 160
72 15 X 4 11
151 14 X 72 33
295 12 X 108 151
417 11 X 297 295
494 10 X 293 417
78 15 X 27 25
174 14 X 78 46
91 15 X 58 55
185 14 X 91 71
270 13 X 174 185
345 12 X 250 270
407 11 X 233 345
532 10 X 403 407
643 9 X 494 532
730 8 X 648 643
157 14 X 73 39
305 12 X 110 157
425 11 X 307 305
500 10 X 303 425
155 14 X 73 4
283 12 X 4 155
360 11 X 4 283
461 10 X 4 360
655 9 X 500 461
161 14 X 74 37
302 12 X 109 161
162 14 X 74 39
306 12 X 110 162
152 14 X 72 39
304 12 X 110 152
423 11 X 306 304
498 10 X 302 423
150 14 X 72 4
184 14 X 91 58
264 13 X 150 184
317 12 X 199 264
436 11 X 314 317
526 10 X 399 436
650 9 X 498 526
733 8 X 655 650
773 7 X 730 733
644 9 X 496 465
416 11 X 293 294
418 11 X 297 298
536 10 X 416 418
658 9 X 536 521
728 8 X 644 658
651 9 X 499 4
422 11 X 302 303
424 11 X 306 307
537 10 X 422 424
659 9 X 537 372
731 8 X 651 659
771 7 X 728 731
802 6 X 773 771
812 5 X 781 802
821 4 X 813 812
88 15 X 54 11
181 14 X 88 101
244 13 X 112 181
98 15 X 67 11
191 14 X 98 33
245 13 X 112 191
344 12 X 244 245
387 11 X 108 344
520 10 X 375 387
600 9 X 469 520
255 13 X 137 181
379 11 X 108 255
513 10 X 373 379
598 9 X 469 513
698 8 X 600 598
180 14 X 88 90
241 13 X 111 180
342 12 X 241 111
371 11 X 4 342
510 10 X 364 371
623 9 X 476 510
354 11 X 4 200
358 11 X 4 241
503 10 X 354 358
621 9 X 476 503
714 8 X 623 621
761 7 X 698 714
261 13 X 148 194
346 12 X 256 261
451 11 X 346 338
262 13 X 149 195
347 12 X 257 262
452 11 X 347 340
547 10 X 451 452
593 9 X 465 547
408 11 X 256 230
409 11 X 257 237
533 10 X 408 409
590 9 X 465 533
694 8 X 593 590
757 7 X 694 710
800 6 X 761 757
804 5 X 742 800
163 14 X 74 76
266 13 X 158 163
287 12 X 4 266
489 10 X 284 287
570 9 X 284 489
664 8 X 285 570
488 10 X 284 285
575 9 X 285 488
413 11 X 287 288
462 10 X 4 413
578 9 X 410 462
684 8 X 575 578
780 6 X 664 684
164 14 X 74 79
267 13 X 160 164
300 12 X 108 267
154 14 X 72 79
265 13 X 151 154
299 12 X 108 265
420 11 X 300 299
495 10 X 293 420
642 9 X 494 495
667 8 X 497 642
411 11 X 285 283
492 10 X 285 411
656 9 X 500 492
153 14 X 72 76
263 13 X 150 153
286 12 X 4 263
412 11 X 287 286
490 10 X 284 412
649 9 X 498 490
734 8 X 656 649
739 7 X 667 734
493 10 X 293 298
646 9 X 496 493
421 11 X 300 301
471 10 X 107 421
657 9 X 536 471
729 8 X 646 657
654 9 X 499 488
660 9 X 537 462
732 8 X 654 660
772 7 X 729 732
787 6 X 739 772
811 5 X 780 787
820 4 X 804 811
827 3 X 821 820
86 15 X 51 57
215 13 X 86 4
95 15 X 63 69
188 14 X 95 4
279 13 X 188 4
331 12 X 215 279
450 11 X 331 325
501 10 X 325 450
581 9 X 464 501
687 8 X 581 549
444 11 X 327 4
542 10 X 439 444
579 9 X 463 542
685 8 X 579 557
748 7 X 687 685
789 6 X 742 748
432 11 X 314 199
524 10 X 399 432
613 9 X 474 524
705 8 X 611 613
750 7 X 689 705
604 9 X 473 538
701 8 X 604 586
764 7 X 701 715
793 6 X 750 764
814 5 X 789 793
775 6 X 4 747
703 8 X 606 613
736 7 X 665 703
784 6 X 736 771
806 5 X 775 784
822 4 X 814 806
607 9 X 474 354
707 8 X 612 607
752 7 X 690 707
93 15 X 62 70
177 14 X 86 93
274 13 X 177 183
189 14 X 95 33
280 13 X 189 195
351 12 X 274 280
456 11 X 351 340
548 10 X 451 456
603 9 X 472 548
700 8 X 603 590
763 7 X 700 716
795 6 X 752 763
803 5 X 742 795
558 9 X 4 489
661 8 X 4 558
777 6 X 661 684
783 6 X 735 772
808 5 X 777 783
819 4 X 803 808
828 3 X 822 819
831 2 X 827 828
833 1 X 832 831
