226
upzpzl uksmfz yznrew lkntnf hsndvk bvpneu iegncx pnahlt mvejjv gkgtgm dtgymr ellzrf rzxrxc doexka jgvakv jqafdg hjpdfx mhqvgq lceokt jeuwxm
6 4 10 9 14 19 8 11 18 2 5 15 7 1 13 17 3 12 20 16
1 21 -1 -1 -1
3 21 1 -1 -1
13 18 X 1 3
22 17 X 1 13
41 16 X 22 1
107 12 X 22 41
172 8 X 1 107
65 14 X 41 22
108 12 X 22 65
173 8 X 1 108
198 6 X 172 173
208 5 X 1 198
21 17 X 1 3
39 16 X 21 1
105 12 X 21 39
185 8 X 21 105
62 14 X 39 21
106 12 X 21 62
186 8 X 21 106
204 6 X 185 186
214 5 X 185 204
220 3 X 208 214
10 19 X 3 1
14 18 X 1 10
23 17 X 1 14
54 14 X 22 23
53 14 X 22 1
96 13 X 54 53
43 16 X 23 1
67 14 X 41 43
64 14 X 41 1
100 13 X 67 64
133 12 X 96 100
168 9 X 133 107
176 8 X 1 168
42 16 X 22 23
68 14 X 42 23
101 13 X 68 64
66 14 X 41 23
99 13 X 66 64
134 12 X 101 99
169 9 X 134 108
177 8 X 1 169
201 6 X 176 177
211 5 X 1 201
217 4 X 208 211
81 13 X 21 1
91 13 X 39 1
123 12 X 81 91
190 8 X 81 123
4 20 X 1 3
18 18 X 4 1
35 17 X 18 3
40 16 X 21 35
93 13 X 40 1
15 18 X 3 1
32 17 X 15 3
87 13 X 32 1
135 11 X 93 87
149 10 X 135 87
131 12 X 93 91
49 16 X 32 1
95 13 X 49 1
129 12 X 87 95
147 11 X 131 129
160 10 X 147 129
192 8 X 149 160
206 6 X 190 192
82 13 X 21 22
92 13 X 39 41
124 12 X 82 92
191 8 X 81 124
94 13 X 40 22
63 14 X 39 40
98 13 X 63 65
132 12 X 94 98
88 13 X 32 22
72 14 X 49 32
102 13 X 72 65
130 12 X 88 102
148 11 X 132 130
161 10 X 148 130
193 8 X 149 161
207 6 X 191 193
216 5 X 206 207
222 3 X 217 216
224 2 X 220 222
2 21 0 -1 -1
5 20 X 2 1
7 19 X 1 5
20 18 X 7 1
37 17 X 20 13
6 19 X 1 2
19 18 X 6 1
36 17 X 19 13
50 16 X 37 36
73 14 X 50 22
115 12 X 73 65
140 11 X 108 115
60 14 X 36 22
113 12 X 60 65
154 10 X 140 113
27 17 X 7 13
26 17 X 6 13
46 16 X 27 26
69 14 X 46 22
114 12 X 69 65
139 11 X 108 114
56 14 X 26 22
110 12 X 56 65
153 10 X 139 110
170 9 X 154 153
178 8 X 1 170
85 13 X 22 73
127 12 X 85 65
143 11 X 108 127
157 10 X 143 108
83 13 X 22 69
125 12 X 83 65
142 11 X 108 125
156 10 X 142 108
171 9 X 157 156
179 8 X 1 171
195 7 X 178 179
200 6 X 172 195
210 5 X 1 200
25 17 X 2 13
12 18 X 1 2
31 17 X 12 13
45 16 X 25 31
52 15 X 25 45
75 14 X 52 22
116 12 X 75 65
141 11 X 108 116
55 14 X 25 22
109 12 X 55 65
144 11 X 109 116
155 10 X 141 144
166 9 X 108 155
174 8 X 1 166
8 19 X 2 1
28 17 X 8 13
47 16 X 28 22
70 14 X 47 22
84 13 X 22 70
126 12 X 84 65
86 13 X 22 75
128 12 X 86 65
146 11 X 126 128
159 10 X 146 108
167 9 X 108 159
175 8 X 1 167
194 7 X 174 175
199 6 X 172 194
209 5 X 1 199
218 4 X 210 209
38 16 X 3 1
103 12 X 3 38
180 8 X 3 103
61 14 X 38 3
104 12 X 3 61
11 19 X 3 2
17 18 X 3 11
34 17 X 17 3
59 14 X 34 3
112 12 X 59 61
137 11 X 104 112
151 10 X 137 112
163 9 X 104 151
182 8 X 3 163
30 17 X 11 3
57 14 X 30 3
78 13 X 3 57
120 12 X 78 61
138 11 X 104 120
152 10 X 138 104
164 9 X 104 152
183 8 X 3 164
197 7 X 182 183
203 6 X 180 197
213 5 X 180 203
16 18 X 3 2
33 17 X 16 3
58 14 X 33 3
111 12 X 58 61
136 11 X 104 111
150 10 X 136 111
162 9 X 104 150
181 8 X 3 162
9 19 X 2 3
29 17 X 9 3
48 16 X 29 3
71 14 X 48 3
79 13 X 3 71
121 12 X 79 61
24 17 X 2 3
44 16 X 24 33
51 15 X 24 44
74 14 X 51 3
80 13 X 3 74
122 12 X 80 61
145 11 X 121 122
158 10 X 145 104
165 9 X 104 158
184 8 X 3 165
196 7 X 181 184
202 6 X 180 196
212 5 X 180 202
219 4 X 213 212
223 3 X 218 219
76 13 X 3 1
89 13 X 38 1
117 12 X 76 89
187 8 X 76 117
77 13 X 3 22
90 13 X 38 41
118 12 X 77 90
188 8 X 76 118
97 13 X 61 65
119 12 X 77 97
189 8 X 76 119
205 6 X 188 189
215 5 X 187 205
221 3 X 217 215
225 2 X 223 221
226 1 X 224 225
