256
ksuqbg gkqfuy bgunkc ggpbqq budlph omzhmu gfznaz ktgxkm hhwzfe qmknyi rpnvjt riqzqd nxouqg ncclzo vyggyf sbubeo
16 2 10 8 5 11 15 1 9 6 7 12 14 13 3 4
1 17 -1 -1 -1
3 17 1 -1 -1
5 16 X 1 3
149 9 X 5 1
209 7 X 149 3
32 14 X 5 3
83 11 X 5 32
114 10 X 5 83
17 14 X 1 3
79 11 X 1 17
112 10 X 1 79
151 9 X 114 112
211 7 X 151 3
227 6 X 209 211
244 4 X 227 3
82 11 X 5 3
113 10 X 5 82
78 11 X 1 3
111 10 X 1 78
150 9 X 113 111
210 7 X 150 3
226 6 X 209 210
2 17 0 -1 -1
25 14 X 3 2
115 10 X 25 3
152 9 X 115 3
184 8 X 152 3
10 15 X 3 2
27 14 X 3 10
116 10 X 27 3
155 9 X 116 3
187 8 X 155 3
212 7 X 184 187
234 5 X 3 212
242 4 X 226 234
250 3 X 244 242
6 16 X 3 2
26 14 X 3 6
51 13 X 25 26
66 12 X 3 51
65 12 X 3 25
104 11 X 66 65
141 10 X 104 3
175 9 X 141 3
208 8 X 175 3
225 6 X 3 208
11 15 X 3 6
28 14 X 3 11
53 13 X 27 28
95 11 X 53 27
52 13 X 27 3
96 11 X 53 52
133 10 X 95 96
168 9 X 133 3
45 13 X 3 28
72 12 X 45 3
69 12 X 28 3
106 11 X 72 69
54 13 X 28 3
74 12 X 54 3
107 11 X 72 74
144 10 X 106 107
178 9 X 144 3
201 8 X 168 178
224 6 X 3 201
239 5 X 225 224
247 4 X 227 239
23 14 X 2 5
4 16 X 1 2
50 13 X 23 4
31 14 X 5 2
94 11 X 50 31
132 10 X 94 5
167 9 X 132 1
14 15 X 5 4
42 14 X 14 5
64 13 X 42 14
77 12 X 64 5
34 14 X 5 14
70 12 X 34 5
110 11 X 77 70
147 10 X 110 5
181 9 X 147 1
200 8 X 167 181
39 14 X 10 3
61 13 X 39 11
102 11 X 61 27
139 10 X 102 3
173 9 X 139 3
40 14 X 11 3
62 13 X 40 11
76 12 X 62 3
109 11 X 76 69
146 10 X 109 3
179 9 X 146 3
206 8 X 173 179
220 7 X 200 206
13 15 X 5 2
41 14 X 13 5
63 13 X 41 14
33 14 X 5 13
103 11 X 63 33
140 10 X 103 82
174 9 X 140 111
148 10 X 110 82
182 9 X 148 111
207 8 X 174 182
223 7 X 207 206
232 6 X 220 223
240 5 X 226 232
44 13 X 2 6
91 11 X 44 25
129 10 X 91 3
165 9 X 129 3
198 8 X 165 179
47 13 X 10 11
92 11 X 47 27
130 10 X 92 3
166 9 X 130 3
199 8 X 166 179
219 7 X 198 199
231 6 X 219 199
238 5 X 3 231
248 4 X 240 238
253 3 X 247 248
254 2 X 250 253
15 15 X 6 3
29 14 X 3 15
55 13 X 29 26
117 10 X 55 3
153 9 X 115 117
185 8 X 153 3
88 11 X 25 27
126 10 X 88 3
160 9 X 126 117
192 8 X 160 3
213 7 X 185 192
89 11 X 26 25
127 10 X 89 3
154 9 X 115 127
186 8 X 154 3
161 9 X 126 127
193 8 X 161 3
214 7 X 186 193
228 6 X 213 214
235 5 X 3 228
245 4 X 227 235
243 4 X 226 235
251 3 X 245 243
162 9 X 127 117
143 10 X 106 3
119 10 X 72 3
177 9 X 143 119
194 8 X 162 177
90 11 X 26 27
128 10 X 90 3
163 9 X 128 117
195 8 X 163 177
217 7 X 194 195
164 9 X 128 127
196 8 X 164 143
118 10 X 69 3
176 9 X 143 118
197 8 X 164 176
218 7 X 196 197
230 6 X 217 218
237 5 X 3 230
246 4 X 227 237
30 14 X 4 5
56 13 X 30 4
97 11 X 56 31
134 10 X 97 5
8 15 X 2 1
37 14 X 8 1
22 14 X 2 4
59 13 X 37 22
12 15 X 4 1
20 14 X 1 12
18 14 X 1 4
48 13 X 20 18
100 11 X 59 48
137 10 X 100 1
169 9 X 134 137
46 13 X 5 34
73 12 X 46 5
84 11 X 5 73
122 10 X 84 5
7 15 X 1 4
19 14 X 1 7
43 13 X 1 19
71 12 X 43 1
80 11 X 1 71
120 10 X 80 1
156 9 X 122 120
202 8 X 169 156
35 14 X 6 3
57 13 X 35 6
99 11 X 57 27
136 10 X 99 3
9 15 X 2 3
38 14 X 9 15
24 14 X 2 6
60 13 X 38 24
101 11 X 60 55
138 10 X 101 3
172 9 X 136 138
81 11 X 3 72
121 10 X 81 3
205 8 X 172 121
221 7 X 202 205
98 11 X 56 33
135 10 X 98 82
21 14 X 2 1
49 13 X 21 22
16 14 X 1 2
93 11 X 49 16
131 10 X 93 78
170 9 X 135 131
36 14 X 7 1
58 13 X 36 7
75 12 X 58 1
68 12 X 19 1
108 11 X 75 68
145 10 X 108 78
183 9 X 148 145
203 8 X 170 183
87 11 X 24 25
125 10 X 87 3
171 9 X 136 125
67 12 X 11 3
105 11 X 67 69
142 10 X 105 3
180 9 X 146 142
204 8 X 171 180
222 7 X 203 204
233 6 X 221 222
241 5 X 226 233
85 11 X 6 25
123 10 X 85 3
157 9 X 123 138
188 8 X 157 121
86 11 X 6 27
124 10 X 86 3
159 9 X 124 138
191 8 X 159 121
215 7 X 188 191
158 9 X 124 125
189 8 X 158 146
190 8 X 158 180
216 7 X 189 190
229 6 X 215 216
236 5 X 3 229
249 4 X 241 236
252 3 X 246 249
255 2 X 251 252
256 1 X 254 255
