208
zernan smcixp maulda ejoiad gnxbtl rhahpc qpvzyf bxiruz eaampw wwjblj clvvlh ghlyqr jzpoti fvuxyt huvjhb gelwwk haeyyn bjlunc
2 6 4 17 1 12 5 8 16 13 11 10 9 15 3 14 7 18
3 19 1 -1 -1
2 19 0 -1 -1
4 18 X 2 3
10 17 X 4 3
18 16 X 3 10
27 15 X 3 18
58 12 X 18 27
121 10 X 18 58
144 9 X 3 121
8 17 X 3 4
16 16 X 3 8
45 14 X 16 3
56 12 X 16 45
92 11 X 56 3
25 15 X 3 16
47 14 X 25 3
57 12 X 16 47
93 11 X 57 3
133 10 X 92 93
14 16 X 3 4
44 14 X 14 18
84 11 X 44 18
23 15 X 3 14
46 14 X 23 27
75 12 X 44 46
113 11 X 75 58
126 10 X 84 113
153 9 X 133 126
165 8 X 144 153
174 7 X 3 165
79 11 X 18 27
138 9 X 3 79
85 11 X 44 27
146 9 X 92 85
162 8 X 138 146
171 7 X 3 162
185 6 X 174 171
192 5 X 3 185
196 4 X 3 192
202 3 X 3 196
6 17 X 2 3
21 16 X 6 3
31 15 X 21 3
42 14 X 3 31
51 13 X 42 3
78 12 X 51 3
115 11 X 78 3
142 9 X 3 115
29 15 X 3 21
40 14 X 3 29
73 12 X 40 3
111 11 X 73 3
120 10 X 3 111
143 9 X 3 120
156 8 X 3 143
182 6 X 142 156
189 5 X 3 182
5 18 X 3 2
11 17 X 5 3
34 14 X 3 11
19 16 X 3 11
28 15 X 3 19
39 14 X 3 28
66 12 X 34 39
101 11 X 66 3
35 14 X 3 19
81 11 X 35 3
65 12 X 34 35
98 11 X 65 3
125 10 X 81 98
158 8 X 81 125
181 6 X 101 158
188 5 X 3 181
200 4 X 189 188
12 16 X 2 3
30 15 X 12 3
41 14 X 3 30
50 13 X 41 3
77 12 X 50 3
114 11 X 77 3
141 9 X 3 114
164 8 X 142 141
173 7 X 3 164
139 9 X 3 111
7 17 X 3 2
22 16 X 7 3
32 15 X 22 12
43 14 X 3 32
74 12 X 43 3
112 11 X 74 3
140 9 X 3 112
163 8 X 139 140
172 7 X 3 163
184 6 X 173 172
191 5 X 3 184
99 11 X 65 18
102 11 X 66 58
135 10 X 99 102
33 14 X 3 5
63 12 X 33 35
96 11 X 63 18
64 12 X 33 39
97 11 X 64 58
134 10 X 96 97
20 16 X 5 11
36 14 X 3 20
68 12 X 36 35
104 11 X 68 18
69 12 X 36 39
106 11 X 69 58
136 10 X 104 106
154 9 X 134 136
161 8 X 135 154
170 7 X 3 161
100 11 X 65 27
148 9 X 98 100
95 11 X 63 3
105 11 X 68 27
147 9 X 95 105
166 8 X 148 147
175 7 X 3 166
183 6 X 170 175
190 5 X 3 183
201 4 X 191 190
205 3 X 200 201
206 2 X 202 205
48 13 X 3 27
62 12 X 27 48
116 10 X 3 62
54 12 X 3 48
122 10 X 54 62
149 9 X 116 122
61 12 X 25 47
59 12 X 23 46
123 10 X 61 59
76 12 X 47 46
124 10 X 76 46
152 9 X 123 124
167 8 X 149 152
179 7 X 167 3
94 11 X 62 3
118 10 X 3 94
89 11 X 54 3
130 10 X 89 94
151 9 X 118 130
80 11 X 27 3
117 10 X 3 80
52 12 X 3 27
86 11 X 52 3
127 10 X 86 80
150 9 X 117 127
168 8 X 151 150
180 7 X 168 3
187 6 X 179 180
194 5 X 3 187
198 4 X 3 194
203 3 X 3 198
1 19 -1 -1 -1
13 16 X 3 1
145 9 X 13 1
157 8 X 3 145
169 7 X 3 157
67 12 X 35 3
103 11 X 67 3
119 10 X 3 103
176 7 X 119 157
195 5 X 169 176
199 4 X 3 195
49 13 X 3 39
55 12 X 3 49
91 11 X 55 54
72 12 X 39 49
110 11 X 72 62
132 10 X 91 110
9 17 X 3 5
17 16 X 3 9
26 15 X 3 17
38 14 X 3 26
71 12 X 38 39
60 12 X 25 46
108 11 X 71 60
15 16 X 3 5
24 15 X 3 15
37 14 X 3 24
70 12 X 37 39
107 11 X 70 59
137 10 X 108 107
53 12 X 3 39
88 11 X 53 76
83 11 X 39 46
129 10 X 88 83
155 9 X 137 129
160 8 X 132 155
178 7 X 160 3
90 11 X 55 3
109 11 X 72 3
131 10 X 90 109
87 11 X 53 3
82 11 X 39 3
128 10 X 87 82
159 8 X 131 128
177 7 X 159 3
186 6 X 178 177
193 5 X 3 186
197 4 X 3 193
204 3 X 199 197
207 2 X 203 204
208 1 X 206 207
