283
mcnvpd qvpany ldvgew xsuwrq scvdjr bwcbve vidscp terbqj zbtlmz ltuphz zlwojk ikzucl wdtocl kgkqjw pxzcbm rsrnny
5 3 15 10 1 8 14 4 11 16 12 2 9 13 6 7
1 17 -1 -1 -1
2 17 0 -1 -1
4 16 X 2 1
7 15 X 1 4
46 13 X 7 1
90 12 X 46 1
101 11 X 1 90
135 10 X 1 101
174 9 X 1 135
172 9 X 1 90
209 8 X 174 172
235 7 X 1 209
123 11 X 90 1
163 10 X 123 90
181 9 X 1 163
216 8 X 181 172
238 7 X 1 216
261 6 X 235 238
22 14 X 7 1
56 13 X 22 1
97 12 X 56 1
173 9 X 1 97
210 8 X 174 173
217 8 X 181 173
258 6 X 210 217
270 5 X 261 258
3 16 X 1 2
6 15 X 1 3
44 13 X 6 1
87 12 X 44 1
121 11 X 87 1
14 14 X 1 6
45 13 X 6 14
89 12 X 45 1
5 15 X 1 2
13 14 X 1 5
41 13 X 5 13
84 12 X 41 1
122 11 X 89 84
161 10 X 121 122
180 9 X 1 161
39 13 X 5 1
80 12 X 39 1
63 12 X 5 1
142 10 X 80 63
176 9 X 1 142
214 8 X 180 176
237 7 X 1 214
118 11 X 80 1
156 10 X 118 84
179 9 X 1 156
212 8 X 179 176
236 7 X 1 212
262 6 X 237 236
28 13 X 1 14
68 12 X 28 1
48 13 X 7 13
92 12 X 48 1
114 11 X 68 92
139 10 X 1 114
175 9 X 1 139
20 14 X 5 1
58 13 X 22 20
99 12 X 58 1
148 10 X 97 99
178 9 X 1 148
211 8 X 175 178
53 13 X 20 1
96 12 X 53 1
66 12 X 20 1
146 10 X 96 66
177 9 X 1 146
215 8 X 180 177
246 7 X 211 215
164 10 X 123 92
182 9 X 1 164
218 8 X 182 178
213 8 X 179 177
247 7 X 218 213
264 6 X 246 247
271 5 X 262 264
277 4 X 270 271
10 15 X 4 1
50 13 X 10 1
93 12 X 50 1
125 11 X 93 1
140 10 X 1 125
191 9 X 140 1
206 8 X 1 191
234 7 X 1 206
184 9 X 123 1
220 8 X 184 1
37 13 X 4 1
77 12 X 37 1
115 11 X 77 1
165 10 X 123 115
200 9 X 165 1
229 8 X 200 191
250 7 X 220 229
260 6 X 234 250
111 11 X 50 1
138 10 X 1 111
190 9 X 138 1
205 8 X 1 190
233 7 X 1 205
228 8 X 200 190
249 7 X 220 228
259 6 X 233 249
273 4 X 260 259
280 3 X 277 273
16 14 X 1 10
38 13 X 4 16
79 12 X 38 1
117 11 X 79 1
167 10 X 123 117
201 9 X 165 167
78 12 X 37 50
116 11 X 78 1
166 10 X 123 116
230 8 X 201 166
244 7 X 1 230
255 6 X 1 244
269 5 X 255 1
35 13 X 3 1
75 12 X 35 1
159 10 X 121 75
12 14 X 1 3
36 13 X 3 12
76 12 X 36 1
160 10 X 121 76
198 9 X 159 160
141 10 X 44 3
21 14 X 6 1
55 13 X 21 1
88 12 X 44 55
17 14 X 3 1
62 12 X 3 17
145 10 X 88 62
192 9 X 141 145
226 8 X 198 192
241 7 X 1 226
33 13 X 2 1
71 12 X 33 1
154 10 X 118 71
11 14 X 1 2
34 13 X 2 11
73 12 X 34 1
155 10 X 118 73
196 9 X 154 155
81 12 X 39 44
9 15 X 2 3
60 12 X 2 9
143 10 X 81 60
83 12 X 39 55
25 14 X 9 1
61 12 X 2 25
144 10 X 83 61
193 9 X 143 144
224 8 X 196 193
240 7 X 1 224
263 6 X 241 240
26 14 X 10 1
59 13 X 22 26
113 11 X 59 1
183 9 X 113 1
127 11 X 97 1
18 14 X 4 1
57 13 X 22 18
32 13 X 1 26
98 12 X 57 32
30 13 X 1 22
70 12 X 30 1
128 11 X 98 70
170 10 X 127 128
203 9 X 170 1
219 8 X 183 203
112 11 X 56 1
51 13 X 18 1
153 10 X 112 51
65 12 X 18 26
147 10 X 97 65
208 8 X 153 147
248 7 X 219 208
256 6 X 1 248
272 5 X 263 256
276 4 X 269 272
243 7 X 1 229
254 6 X 1 243
268 5 X 254 1
162 10 X 123 77
199 9 X 162 1
130 10 X 1 10
185 9 X 130 1
227 8 X 199 185
242 7 X 1 227
253 6 X 1 242
100 12 X 59 32
129 11 X 100 1
171 10 X 127 129
204 9 X 171 1
103 11 X 32 1
137 10 X 1 103
189 9 X 137 1
232 8 X 204 189
94 12 X 51 1
168 10 X 127 94
202 9 X 168 1
132 10 X 1 26
187 9 X 132 1
231 8 X 202 187
252 7 X 232 231
257 6 X 1 252
267 5 X 253 257
275 4 X 268 267
279 3 X 276 275
282 2 X 280 279
47 13 X 7 10
91 12 X 47 1
124 11 X 91 1
207 8 X 124 127
109 11 X 46 1
104 11 X 37 1
151 10 X 109 104
49 13 X 7 16
110 11 X 49 1
105 11 X 38 1
152 10 X 110 105
195 9 X 151 152
19 14 X 4 10
52 13 X 19 1
95 12 X 52 50
126 11 X 95 1
169 10 X 127 126
222 8 X 195 169
245 7 X 207 222
266 5 X 244 245
223 8 X 196 1
239 7 X 1 223
8 15 X 2 1
40 13 X 5 8
27 13 X 1 8
106 11 X 40 27
149 10 X 106 40
23 14 X 8 1
31 13 X 1 23
67 12 X 27 31
107 11 X 40 67
24 14 X 8 2
43 13 X 5 24
54 13 X 20 23
86 12 X 43 54
108 11 X 43 86
150 10 X 107 108
194 9 X 149 150
15 14 X 1 8
29 13 X 1 15
133 10 X 1 29
69 12 X 29 1
102 11 X 29 69
136 10 X 1 102
188 9 X 133 136
221 8 X 194 188
82 12 X 39 46
119 11 X 82 1
72 12 X 33 37
157 10 X 119 72
42 13 X 5 15
85 12 X 42 56
120 11 X 85 69
74 12 X 34 51
158 10 X 120 74
197 9 X 157 158
131 10 X 1 15
64 12 X 15 1
134 10 X 1 64
186 9 X 131 134
225 8 X 197 186
251 7 X 221 225
265 5 X 239 251
274 4 X 266 265
278 3 X 274 1
281 2 X 1 278
283 1 X 282 281
