269
qlfpvy gpuhyc wnkbie gmqmxe itcqhi fzweci qstcyr eihffu qdvlbm fegiuh duzcku qjejtc leclst arwpkg aeunea jtsdyi
3 16 14 2 12 11 9 8 1 10 5 6 4 15 13 7
3 17 1 -1 -1
2 17 0 -1 -1
5 16 X 2 3
9 15 X 2 5
32 13 X 9 3
24 14 X 9 5
44 13 X 24 3
60 12 X 32 44
11 15 X 3 5
25 14 X 9 11
46 13 X 25 3
88 11 X 60 46
120 10 X 88 3
129 9 X 3 120
165 8 X 129 3
199 7 X 3 165
1 17 -1 -1 -1
66 11 X 1 3
92 10 X 1 66
157 8 X 92 3
4 16 X 2 1
6 15 X 1 4
17 14 X 4 6
71 11 X 4 17
102 10 X 71 66
131 9 X 92 102
167 8 X 131 3
207 7 X 157 167
233 6 X 199 207
72 11 X 5 3
103 10 X 72 3
19 14 X 5 11
73 11 X 5 19
104 10 X 73 3
138 9 X 103 104
28 13 X 3 5
18 14 X 5 3
29 13 X 3 18
56 12 X 28 29
85 11 X 56 3
117 10 X 85 3
94 10 X 29 3
153 9 X 117 94
180 8 X 138 153
137 9 X 103 3
57 12 X 29 3
78 11 X 29 57
110 10 X 78 3
154 9 X 117 110
178 8 X 137 154
214 7 X 180 178
70 11 X 4 1
101 10 X 70 66
136 9 X 101 102
76 11 X 28 3
108 10 X 76 3
140 9 X 108 3
174 8 X 136 140
135 9 X 101 92
172 8 X 135 140
212 7 X 174 172
240 6 X 214 212
253 5 X 233 240
7 15 X 2 3
20 14 X 7 3
40 13 X 20 7
64 12 X 40 20
90 11 X 64 20
121 10 X 88 90
130 9 X 3 121
166 8 X 130 3
200 7 X 3 166
12 15 X 5 3
27 14 X 12 3
48 13 X 27 12
65 12 X 48 27
91 11 X 65 27
105 10 X 73 91
126 9 X 3 105
162 8 X 126 3
196 7 X 3 162
234 6 X 200 196
139 9 X 104 3
30 13 X 3 19
58 12 X 30 29
86 11 X 56 58
118 10 X 86 3
155 9 X 118 3
183 8 X 139 155
206 7 X 3 183
77 11 X 28 30
109 10 X 77 3
141 9 X 109 3
182 8 X 139 141
205 7 X 3 182
237 6 X 206 205
254 5 X 234 237
262 4 X 253 254
14 14 X 2 5
50 12 X 2 14
80 11 X 50 3
112 10 X 80 3
33 13 X 9 11
45 13 X 24 11
61 12 X 33 45
47 13 X 25 11
89 11 X 61 47
122 10 X 89 3
146 9 X 112 122
51 12 X 5 18
82 11 X 51 3
114 10 X 82 3
26 14 X 11 3
37 13 X 18 26
95 10 X 37 3
151 9 X 114 95
188 8 X 146 151
13 14 X 2 4
49 12 X 2 13
79 11 X 49 1
111 10 X 79 66
8 15 X 2 4
31 13 X 8 6
21 14 X 8 4
41 13 X 21 6
59 12 X 31 41
22 14 X 8 6
42 13 X 22 6
87 11 X 59 42
119 10 X 87 66
143 9 X 111 119
185 8 X 143 137
173 8 X 136 137
216 7 X 185 173
226 6 X 188 216
93 10 X 18 3
150 9 X 114 93
179 8 X 138 150
55 12 X 18 3
74 11 X 18 55
106 10 X 74 3
152 9 X 114 106
177 8 X 137 152
213 7 X 179 177
171 8 X 135 137
211 7 X 173 171
239 6 X 213 211
247 5 X 226 239
10 15 X 3 2
15 14 X 2 10
16 14 X 2 11
54 12 X 15 16
81 11 X 50 54
113 10 X 81 3
148 9 X 113 122
190 8 X 148 139
159 8 X 104 139
218 7 X 190 159
227 6 X 188 218
149 9 X 114 3
176 8 X 137 149
203 7 X 3 176
192 7 X 3 139
236 6 X 203 192
248 5 X 227 236
256 4 X 247 248
266 3 X 262 256
23 14 X 9 3
43 13 X 23 3
96 10 X 43 3
124 9 X 3 96
160 8 X 124 3
194 7 X 3 160
229 6 X 194 157
219 6 X 3 157
249 5 X 229 219
39 13 X 20 3
97 10 X 43 39
125 9 X 3 97
161 8 X 125 3
195 7 X 3 161
230 6 X 195 3
181 8 X 139 3
204 7 X 3 181
250 5 X 230 204
258 4 X 249 250
144 9 X 112 96
186 8 X 144 3
147 9 X 113 3
189 8 X 147 3
217 7 X 189 181
224 6 X 186 217
175 8 X 137 3
202 7 X 3 175
235 6 X 202 204
245 5 X 224 235
257 4 X 249 245
263 3 X 258 257
268 2 X 266 263
53 12 X 9 24
84 11 X 53 3
116 10 X 84 3
128 9 X 3 116
123 9 X 3 93
164 8 X 128 123
198 7 X 3 164
232 6 X 198 207
158 8 X 103 150
208 7 X 158 177
238 6 X 208 211
252 5 X 232 238
38 13 X 19 3
36 13 X 18 3
63 12 X 38 36
69 11 X 3 63
100 10 X 69 3
134 9 X 100 3
156 8 X 3 134
193 7 X 3 156
67 11 X 3 38
98 10 X 67 3
132 9 X 98 3
191 7 X 3 132
228 6 X 193 191
242 5 X 3 228
261 4 X 252 242
145 9 X 112 116
187 8 X 145 150
52 12 X 8 21
83 11 X 52 22
115 10 X 83 66
142 9 X 111 115
184 8 X 142 137
215 7 X 184 173
225 6 X 187 215
246 5 X 225 238
34 13 X 15 3
35 13 X 16 3
62 12 X 34 35
68 11 X 3 62
99 10 X 68 3
133 9 X 99 3
170 8 X 133 132
210 7 X 170 132
223 6 X 3 210
220 6 X 3 191
244 5 X 223 220
255 4 X 246 244
265 3 X 261 255
75 11 X 23 3
107 10 X 75 3
127 9 X 3 107
163 8 X 127 3
197 7 X 3 163
231 6 X 197 157
251 5 X 231 219
168 8 X 132 3
201 7 X 3 168
221 6 X 3 201
241 5 X 3 221
259 4 X 251 241
169 8 X 133 3
209 7 X 169 168
222 6 X 3 209
243 5 X 222 221
260 4 X 251 243
264 3 X 259 260
267 2 X 265 264
269 1 X 268 267
