320
yrflih kqazel dlrqgs qjqyej lpvrpy mkgtnu epinya cqiqff wyqlgt okerge yxggri rsbgxa gbetgl zmdori wmxxfw tqgdpe
15 10 5 16 4 13 9 11 7 14 6 3 12 2 8 1
3 17 1 -1 -1
4 17 2 -1 -1
48 13 X 3 4
10 16 X 4 3
49 13 X 3 10
113 11 X 48 49
8 16 X 3 4
35 14 X 8 4
63 13 X 35 4
182 9 X 113 63
15 15 X 4 3
41 14 X 15 3
17 15 X 4 10
42 14 X 17 10
67 13 X 41 42
102 12 X 67 49
114 11 X 48 102
183 9 X 114 4
233 8 X 182 183
141 10 X 63 49
202 9 X 141 63
115 11 X 49 102
139 10 X 4 115
198 9 X 139 4
245 8 X 202 198
265 7 X 233 245
1 17 -1 -1 -1
5 16 X 1 4
30 14 X 5 4
82 12 X 30 4
18 15 X 5 4
43 14 X 18 4
88 12 X 43 4
176 9 X 82 88
224 8 X 176 4
287 6 X 265 224
26 14 X 4 3
55 13 X 26 4
94 12 X 48 55
56 13 X 26 10
103 12 X 67 56
127 11 X 94 103
185 9 X 127 4
234 8 X 182 185
95 12 X 49 56
128 11 X 95 103
140 10 X 4 128
200 9 X 140 4
246 8 X 202 200
266 7 X 234 246
31 14 X 5 10
59 13 X 31 30
97 12 X 59 4
27 14 X 4 10
50 13 X 4 27
84 12 X 31 50
132 11 X 97 84
192 9 X 132 88
57 13 X 27 4
96 12 X 57 4
80 12 X 27 4
129 11 X 96 80
187 9 X 129 4
237 8 X 192 187
83 12 X 31 4
145 10 X 82 83
203 9 X 145 88
136 10 X 4 80
195 9 X 136 4
247 8 X 203 195
270 7 X 237 247
289 6 X 266 270
303 5 X 287 289
154 10 X 114 113
2 17 0 -1 -1
23 14 X 2 4
75 12 X 4 23
105 11 X 4 75
208 9 X 154 105
13 15 X 2 4
39 14 X 13 4
76 12 X 4 39
106 11 X 4 76
184 9 X 114 106
249 8 X 208 184
135 10 X 4 49
194 9 X 135 105
199 9 X 139 106
240 8 X 194 199
273 7 X 249 240
6 16 X 2 4
32 14 X 6 4
85 12 X 32 4
122 11 X 82 85
157 10 X 122 82
86 12 X 32 23
123 11 X 88 86
89 12 X 43 23
124 11 X 88 89
159 10 X 123 124
210 9 X 157 159
19 15 X 6 4
44 14 X 19 4
91 12 X 44 4
110 11 X 4 91
150 10 X 110 4
92 12 X 44 39
111 11 X 4 92
152 10 X 111 106
206 9 X 150 152
252 8 X 210 206
209 9 X 157 123
205 9 X 150 111
251 8 X 209 205
276 7 X 252 251
291 6 X 273 276
186 9 X 127 106
250 8 X 208 186
201 9 X 140 106
242 8 X 194 201
275 7 X 250 242
33 14 X 6 10
87 12 X 33 50
133 11 X 97 87
163 10 X 133 132
213 9 X 163 159
45 14 X 19 10
93 12 X 45 4
131 11 X 96 93
162 10 X 131 129
212 9 X 162 152
254 8 X 213 212
158 10 X 122 83
211 9 X 158 123
151 10 X 110 80
207 9 X 151 111
253 8 X 211 207
277 7 X 254 253
297 6 X 275 277
305 5 X 291 297
239 8 X 194 198
272 7 X 249 239
60 13 X 32 43
98 12 X 60 23
126 11 X 88 98
161 10 X 126 124
180 9 X 82 161
68 13 X 44 4
104 12 X 68 39
112 11 X 4 104
153 10 X 112 106
170 9 X 4 153
230 8 X 180 170
177 9 X 82 126
225 8 X 177 4
263 7 X 230 225
290 6 X 272 263
241 8 X 194 200
274 7 X 250 241
193 9 X 132 161
189 9 X 129 153
238 8 X 193 189
204 9 X 145 126
248 8 X 204 195
271 7 X 238 248
294 6 X 274 271
304 5 X 290 294
312 4 X 305 304
315 3 X 303 312
286 6 X 265 4
81 12 X 27 50
130 11 X 96 81
190 9 X 130 4
235 8 X 190 187
267 7 X 235 195
288 6 X 266 267
302 5 X 286 288
164 9 X 4 105
165 9 X 4 106
215 8 X 164 165
295 6 X 275 215
191 9 X 130 105
188 9 X 129 106
236 8 X 191 188
196 9 X 136 105
197 9 X 136 106
244 8 X 196 197
269 7 X 236 244
296 6 X 275 269
307 5 X 295 296
214 8 X 164 4
257 7 X 215 214
292 6 X 274 257
243 8 X 196 195
268 7 X 236 243
293 6 X 274 268
306 5 X 292 293
313 4 X 307 306
314 3 X 302 313
318 2 X 315 314
14 15 X 4 2
25 14 X 2 14
9 16 X 4 2
16 15 X 4 9
36 14 X 9 16
54 13 X 25 36
101 12 X 63 54
116 11 X 63 101
142 10 X 63 116
171 9 X 63 142
77 12 X 4 54
107 11 X 4 77
137 10 X 4 107
166 9 X 4 137
219 8 X 171 166
90 12 X 43 54
125 11 X 88 90
146 10 X 88 125
178 9 X 82 146
226 8 X 178 166
281 6 X 219 226
28 14 X 4 14
29 14 X 4 16
58 13 X 28 29
78 12 X 4 58
108 11 X 4 78
138 10 X 4 108
167 9 X 4 138
227 8 X 178 167
261 7 X 226 227
282 6 X 219 261
309 4 X 281 282
148 10 X 105 107
168 9 X 4 148
160 10 X 124 125
179 9 X 82 160
40 14 X 13 14
20 15 X 9 4
46 14 X 20 16
66 13 X 40 46
79 12 X 4 66
109 11 X 4 79
149 10 X 106 109
169 9 X 4 149
229 8 X 179 169
278 6 X 168 229
228 8 X 179 167
262 7 X 229 228
279 6 X 168 262
308 4 X 278 279
316 3 X 309 308
7 16 X 3 1
34 14 X 7 1
61 13 X 34 1
62 13 X 34 4
100 12 X 61 62
11 15 X 1 2
24 14 X 2 11
53 13 X 24 36
99 12 X 61 53
134 11 X 100 99
147 10 X 100 134
181 9 X 100 147
47 13 X 1 4
69 12 X 1 47
72 12 X 1 53
119 11 X 69 72
144 10 X 69 119
173 9 X 69 144
232 8 X 181 173
283 6 X 232 173
280 6 X 219 166
300 5 X 283 280
21 14 X 1 11
51 13 X 21 29
70 12 X 1 51
117 11 X 69 70
143 10 X 69 117
172 9 X 69 143
231 8 X 181 172
264 7 X 232 231
221 8 X 173 172
256 7 X 173 221
285 6 X 264 256
220 8 X 171 167
259 7 X 219 220
216 8 X 166 167
255 7 X 166 216
284 6 X 259 255
301 5 X 285 284
311 4 X 300 301
22 14 X 2 1
52 13 X 22 23
71 12 X 1 52
118 11 X 69 71
155 10 X 118 119
174 9 X 69 155
12 15 X 2 1
37 14 X 12 1
64 13 X 37 39
73 12 X 1 64
120 11 X 69 73
38 14 X 12 11
65 13 X 38 46
74 12 X 1 65
121 11 X 69 74
156 10 X 120 121
175 9 X 69 156
223 8 X 174 175
218 8 X 168 169
298 5 X 223 218
222 8 X 174 172
260 7 X 223 222
217 8 X 168 167
258 7 X 218 217
299 5 X 260 258
310 4 X 298 299
317 3 X 311 310
319 2 X 316 317
320 1 X 318 319
