438
uhjmln azkimx vufnzu hfhsib erhpvi jtvtvb neserq xvjdkz tqjxqk gvhiaz cnucvd cgqwnq pxapoc anffnq wetmkr baaqax vmfrdl ftqphc hdgcre feeusd
2 8 19 20 6 16 13 3 14 18 5 15 11 17 7 1 10 9 4 12
3 21 1 -1 -1
1 21 -1 -1 -1
5 20 X 1 3
64 16 X 5 1
91 15 X 3 64
177 13 X 91 64
287 10 X 3 177
381 7 X 3 287
400 6 X 381 287
2 21 0 -1 -1
7 20 X 3 2
14 19 X 7 2
29 18 X 14 7
19 18 X 3 7
110 14 X 29 19
109 14 X 29 3
183 13 X 110 109
218 12 X 3 183
258 11 X 3 218
15 19 X 7 3
35 17 X 15 3
112 14 X 35 3
157 13 X 3 112
39 17 X 19 3
113 14 X 35 39
185 13 X 113 112
266 11 X 157 185
306 10 X 258 266
330 9 X 3 306
22 18 X 3 15
169 13 X 22 3
212 12 X 3 169
252 11 X 3 212
43 17 X 22 3
170 13 X 43 3
241 11 X 3 170
300 10 X 252 241
325 9 X 3 300
359 8 X 330 325
388 7 X 359 287
405 6 X 388 287
418 5 X 405 400
425 4 X 400 418
413 5 X 400 3
49 17 X 29 3
89 16 X 49 3
73 16 X 39 3
141 14 X 89 73
6 20 X 2 3
9 19 X 3 6
27 18 X 9 3
50 17 X 29 27
115 14 X 50 3
200 13 X 141 115
222 12 X 3 200
262 11 X 3 222
71 16 X 35 3
127 14 X 71 73
191 13 X 127 112
267 11 X 157 191
310 10 X 262 267
334 9 X 3 310
78 16 X 43 3
176 13 X 78 3
216 12 X 3 176
256 11 X 3 216
244 11 X 3 176
304 10 X 256 244
328 9 X 3 304
363 8 X 334 328
392 7 X 363 287
18 18 X 3 6
13 19 X 6 3
21 18 X 3 13
38 17 X 18 21
72 16 X 38 3
107 14 X 18 3
175 13 X 72 107
215 12 X 3 175
255 11 X 3 215
4 20 X 1 2
12 19 X 4 5
24 18 X 5 12
45 17 X 24 5
11 19 X 4 1
17 18 X 1 11
37 17 X 17 1
84 16 X 45 37
134 14 X 84 64
180 13 X 91 134
82 16 X 45 1
98 15 X 78 82
23 18 X 5 4
44 17 X 23 5
80 16 X 44 1
97 15 X 73 80
147 14 X 98 97
207 13 X 147 134
276 11 X 180 207
303 10 X 255 276
352 9 X 287 303
181 13 X 98 64
270 11 X 177 181
288 10 X 3 270
343 9 X 287 288
377 8 X 352 343
397 7 X 377 287
409 6 X 392 397
422 5 X 409 3
429 4 X 413 422
433 3 X 425 429
8 19 X 3 2
10 19 X 3 7
26 18 X 8 10
47 17 X 26 3
87 16 X 47 29
20 18 X 3 10
40 17 X 20 3
75 16 X 40 19
138 14 X 87 75
137 14 X 87 3
198 13 X 138 137
221 12 X 3 198
261 11 X 3 221
58 16 X 3 35
120 14 X 58 3
160 13 X 3 120
227 12 X 157 160
59 16 X 3 39
121 14 X 58 59
189 13 X 121 120
234 12 X 185 189
283 11 X 227 234
309 10 X 261 283
333 9 X 3 309
53 16 X 3 22
171 13 X 53 3
213 12 X 3 171
253 11 X 3 213
62 16 X 3 43
172 13 X 62 3
232 12 X 170 172
263 11 X 3 232
301 10 X 253 263
326 9 X 3 301
362 8 X 333 326
391 7 X 362 287
408 6 X 391 287
421 5 X 408 400
427 4 X 400 421
41 17 X 21 3
28 18 X 13 3
34 17 X 13 28
77 16 X 41 34
103 14 X 3 77
152 13 X 3 103
210 12 X 3 152
278 11 X 210 3
316 10 X 278 3
338 9 X 3 316
42 17 X 21 28
61 16 X 3 42
57 16 X 3 34
95 15 X 61 57
105 14 X 3 95
154 13 X 3 105
225 12 X 154 152
281 11 X 225 3
319 10 X 281 3
341 9 X 3 319
369 8 X 338 341
385 7 X 3 369
100 14 X 3 41
149 13 X 3 100
209 12 X 3 149
277 11 X 209 3
315 10 X 277 3
337 9 X 3 315
60 16 X 3 41
101 14 X 3 60
150 13 X 3 101
223 12 X 150 149
279 11 X 223 3
317 10 X 279 3
339 9 X 3 317
367 8 X 337 339
383 7 X 3 367
402 6 X 385 383
415 5 X 400 402
140 14 X 89 3
90 16 X 49 50
142 14 X 90 3
199 13 X 140 142
25 18 X 8 7
46 17 X 25 3
85 16 X 46 3
135 14 X 85 3
86 16 X 46 50
136 14 X 86 3
197 13 X 135 136
236 12 X 199 197
265 11 X 3 236
79 16 X 43 35
132 14 X 79 3
165 13 X 3 132
228 12 X 157 165
126 14 X 71 3
190 13 X 126 112
131 14 X 78 3
195 13 X 131 132
235 12 X 190 195
284 11 X 228 235
312 10 X 265 284
335 9 X 3 312
128 14 X 73 3
192 13 X 128 3
247 11 X 3 192
194 13 X 131 3
249 11 X 3 194
296 10 X 247 249
323 9 X 3 296
364 8 X 335 323
264 11 X 3 235
31 17 X 12 5
30 17 X 11 1
69 16 X 31 30
124 14 X 69 64
178 13 X 91 124
83 16 X 45 30
133 14 X 83 64
179 13 X 91 133
233 12 X 178 179
68 16 X 31 1
96 15 X 71 68
145 14 X 96 91
203 13 X 145 124
146 14 X 98 91
205 13 X 146 133
237 12 X 203 205
286 11 X 233 237
311 10 X 264 286
353 9 X 287 311
204 13 X 146 64
273 11 X 177 204
298 10 X 249 273
350 9 X 287 298
378 8 X 353 350
393 7 X 364 378
243 11 X 3 175
206 13 X 146 134
275 11 X 180 206
295 10 X 243 275
349 9 X 287 295
289 10 X 3 273
344 9 X 287 289
375 8 X 349 344
65 16 X 21 3
108 14 X 21 3
173 13 X 65 108
242 11 X 3 173
294 10 X 242 275
348 9 X 287 294
374 8 X 348 344
395 7 X 375 374
410 6 X 393 395
32 17 X 13 3
111 14 X 32 3
156 13 X 3 111
76 16 X 41 32
130 14 X 76 3
164 13 X 3 130
226 12 X 156 164
48 17 X 28 3
114 14 X 48 3
158 13 X 3 114
63 16 X 3 48
122 14 X 63 3
161 13 X 3 122
229 12 X 158 161
282 11 X 226 229
320 10 X 282 3
33 17 X 13 21
70 16 X 33 13
125 14 X 70 3
163 13 X 3 125
66 16 X 21 13
123 14 X 66 3
162 13 X 3 123
230 12 X 163 162
88 16 X 48 28
139 14 X 88 3
166 13 X 3 139
54 16 X 3 28
118 14 X 54 3
159 13 X 3 118
231 12 X 166 159
285 11 X 230 231
321 10 X 285 3
355 9 X 320 321
380 8 X 355 3
342 9 X 3 321
370 8 X 342 3
399 7 X 380 370
155 13 X 3 108
290 10 X 155 3
322 9 X 3 290
356 8 X 322 3
412 6 X 399 356
423 5 X 410 412
431 4 X 415 423
435 3 X 427 431
437 2 X 433 435
106 14 X 15 3
182 13 X 110 106
217 12 X 3 182
257 11 X 3 217
184 13 X 113 3
245 11 X 3 184
305 10 X 257 245
329 9 X 3 305
67 16 X 22 3
174 13 X 67 3
214 12 X 3 174
254 11 X 3 214
302 10 X 254 244
327 9 X 3 302
358 8 X 329 327
387 7 X 358 287
404 6 X 387 287
417 5 X 404 400
424 4 X 400 417
116 14 X 50 39
186 13 X 116 112
219 12 X 3 186
259 11 X 3 219
307 10 X 259 245
331 9 X 3 307
360 8 X 331 328
389 7 X 360 287
167 13 X 18 108
211 12 X 3 167
251 11 X 3 211
93 15 X 43 84
16 18 X 1 4
36 17 X 16 1
81 16 X 44 36
92 15 X 39 81
144 14 X 93 92
202 13 X 144 64
272 11 X 177 202
299 10 X 251 272
351 9 X 287 299
376 8 X 351 343
396 7 X 376 287
406 6 X 389 396
419 5 X 406 3
428 4 X 413 419
432 3 X 424 428
55 16 X 3 29
52 16 X 3 19
119 14 X 55 52
51 16 X 3 15
117 14 X 51 3
187 13 X 119 117
220 12 X 3 187
260 11 X 3 220
188 13 X 121 3
246 11 X 3 188
308 10 X 260 246
332 9 X 3 308
361 8 X 332 3
390 7 X 361 287
407 6 X 390 287
420 5 X 407 400
426 4 X 400 420
56 16 X 3 32
94 15 X 60 56
104 14 X 3 94
153 13 X 3 104
102 14 X 3 76
151 13 X 3 102
224 12 X 153 151
280 11 X 224 3
318 10 X 280 3
340 9 X 3 318
368 8 X 338 340
384 7 X 3 368
366 8 X 337 3
382 7 X 3 366
401 6 X 384 382
414 5 X 400 401
74 16 X 39 50
129 14 X 74 3
193 13 X 129 132
248 11 X 3 193
196 13 X 132 3
250 11 X 3 196
297 10 X 248 250
324 9 X 3 297
357 8 X 324 323
238 11 X 3 132
99 15 X 79 83
148 14 X 99 91
208 13 X 148 64
274 11 X 177 208
291 10 X 238 274
345 9 X 287 291
371 8 X 345 350
386 7 X 357 371
239 11 X 3 167
143 14 X 93 91
201 13 X 143 64
271 11 X 177 201
292 10 X 239 271
346 9 X 287 292
372 8 X 346 344
168 13 X 21 108
240 11 X 3 168
293 10 X 240 271
347 9 X 287 293
373 8 X 347 344
394 7 X 372 373
403 6 X 386 394
269 11 X 164 161
314 10 X 269 3
268 11 X 162 159
313 10 X 268 3
354 9 X 314 313
379 8 X 354 3
336 9 X 3 313
365 8 X 336 3
398 7 X 379 365
411 6 X 398 356
416 5 X 403 411
430 4 X 414 416
434 3 X 426 430
436 2 X 432 434
438 1 X 437 436
