61
myhwct uimgiu jeilgs whbhup kbiksw aiiofo rlnorf tytxeu neeqmz pfynif erioqe ursiea
8 4 6 1 5 10 7 11 3 2 9 12
3 13 1 -1 -1
1 13 -1 -1 -1
10 10 X 1 3
6 11 X 1 3
14 10 X 6 3
23 9 X 10 14
28 8 X 23 10
29 7 X 3 28
46 5 X 29 28
2 13 0 -1 -1
4 12 X 2 3
12 10 X 3 4
18 9 X 4 12
32 7 X 18 28
41 6 X 32 29
49 5 X 41 28
55 3 X 46 49
22 9 X 10 1
45 5 X 29 22
53 4 X 45 46
44 5 X 29 1
52 4 X 44 46
58 3 X 53 52
59 2 X 55 58
17 9 X 3 12
31 7 X 17 3
40 6 X 31 3
48 5 X 40 3
5 12 X 3 2
9 11 X 3 5
21 9 X 9 3
8 11 X 2 4
7 11 X 2 3
15 10 X 8 7
26 9 X 15 3
36 7 X 21 26
19 9 X 5 3
11 10 X 2 7
24 9 X 11 3
34 7 X 19 24
43 6 X 36 34
20 9 X 7 3
35 7 X 21 20
33 7 X 19 20
42 6 X 35 33
50 5 X 43 42
54 4 X 48 50
57 3 X 46 54
13 10 X 3 9
16 10 X 9 3
27 9 X 16 9
30 7 X 13 27
38 6 X 3 30
25 9 X 13 3
37 7 X 25 3
39 6 X 3 37
47 5 X 38 39
51 4 X 3 47
56 3 X 46 51
60 2 X 57 56
61 1 X 59 60
