217
jmqpmf mknlyk dqmdda lppcrd petjdb lshrnu kzluxc cefxxf lzwyht ghkgqn ijnomd jbhghp giwzsh ucbetp pyvcxz kzsxgo
2 3 16 7 4 11 8 13 5 12 14 1 15 10 9 6
1 17 -1 -1 -1
2 17 0 -1 -1
4 16 X 2 1
12 15 X 4 1
27 14 X 12 1
36 13 X 1 27
50 12 X 1 36
86 11 X 50 1
81 11 X 36 1
106 10 X 86 81
133 9 X 106 1
17 14 X 4 1
46 12 X 1 17
84 11 X 46 1
80 11 X 17 1
105 10 X 84 80
6 15 X 1 4
19 14 X 6 1
41 13 X 17 19
82 11 X 41 1
132 9 X 105 82
159 8 X 133 132
3 16 X 1 2
9 15 X 3 1
24 14 X 9 1
35 13 X 1 24
109 9 X 1 35
15 14 X 2 1
10 15 X 3 2
25 14 X 10 1
40 13 X 15 25
110 9 X 1 40
145 8 X 109 110
181 7 X 159 145
7 15 X 2 1
20 14 X 7 1
33 13 X 1 20
73 11 X 1 33
112 9 X 1 73
70 11 X 1 15
111 9 X 1 70
147 8 X 112 111
165 7 X 1 147
196 6 X 181 165
49 12 X 1 35
77 11 X 1 49
74 11 X 1 35
104 10 X 77 74
131 9 X 104 73
157 8 X 131 1
146 8 X 112 1
179 7 X 157 146
189 6 X 1 179
204 5 X 196 189
208 4 X 1 204
213 3 X 208 1
158 8 X 133 1
144 8 X 109 1
180 7 X 158 144
68 12 X 36 1
99 11 X 68 1
101 10 X 1 99
129 9 X 101 99
155 8 X 129 1
65 12 X 33 1
96 11 X 65 33
113 9 X 1 96
149 8 X 113 1
178 7 X 155 149
195 6 X 180 178
31 13 X 1 9
64 12 X 31 1
100 10 X 1 64
30 13 X 1 7
63 12 X 30 1
93 11 X 63 30
128 9 X 100 93
154 8 X 128 1
177 7 X 154 149
188 6 X 1 177
203 5 X 195 188
207 4 X 1 203
164 7 X 1 144
167 7 X 1 149
191 6 X 164 167
118 9 X 64 93
151 8 X 118 1
175 7 X 151 149
186 6 X 1 175
199 5 X 191 186
205 4 X 1 199
212 3 X 207 205
216 2 X 213 212
124 9 X 80 82
141 8 X 1 124
8 15 X 2 4
22 14 X 8 1
11 15 X 3 4
26 14 X 11 1
43 13 X 22 26
42 13 X 20 24
83 11 X 43 42
115 9 X 15 83
142 8 X 35 115
172 7 X 141 142
13 15 X 4 2
28 14 X 13 1
72 11 X 1 28
71 11 X 1 20
119 9 X 72 71
148 8 X 112 119
166 7 X 1 148
193 6 X 172 166
182 6 X 1 148
201 5 X 193 182
206 4 X 1 201
211 3 X 206 1
5 15 X 1 2
14 14 X 1 5
45 12 X 1 14
76 11 X 1 45
121 9 X 76 1
138 8 X 1 121
163 7 X 1 138
183 6 X 1 163
39 13 X 14 1
52 12 X 1 39
79 11 X 1 52
123 9 X 79 1
140 8 X 1 123
171 7 X 140 138
185 6 X 1 171
197 5 X 183 185
102 10 X 31 35
57 12 X 15 22
117 9 X 57 83
143 8 X 102 117
173 7 X 141 143
114 9 X 1 99
59 12 X 17 1
91 11 X 59 1
150 8 X 114 91
95 11 X 64 1
21 14 X 7 9
34 13 X 1 21
66 12 X 34 1
67 12 X 34 30
97 11 X 66 67
127 9 X 95 97
16 14 X 2 10
58 12 X 16 1
29 14 X 13 5
62 12 X 29 4
90 11 X 58 62
53 12 X 2 1
55 12 X 13 4
87 11 X 53 55
107 10 X 90 87
23 14 X 8 11
61 12 X 23 1
60 12 X 21 7
92 11 X 61 60
134 9 X 107 92
153 8 X 127 134
174 7 X 150 153
194 6 X 173 174
126 9 X 95 93
37 13 X 4 1
56 12 X 13 37
88 11 X 53 56
54 12 X 8 1
89 11 X 54 7
125 9 X 88 89
152 8 X 126 125
176 7 X 152 153
187 6 X 1 176
202 5 X 194 187
209 4 X 197 202
18 14 X 5 1
47 12 X 1 18
48 12 X 1 19
85 11 X 48 1
116 9 X 47 85
136 8 X 1 116
161 7 X 1 136
44 12 X 1 5
75 11 X 1 44
120 9 X 75 1
137 8 X 1 120
162 7 X 1 137
190 6 X 161 162
38 13 X 5 1
51 12 X 1 38
78 11 X 1 51
122 9 X 78 1
139 8 X 1 122
170 7 X 139 137
184 6 X 1 170
198 5 X 190 184
103 10 X 34 33
130 9 X 103 102
156 8 X 130 117
168 7 X 1 156
32 13 X 1 12
69 12 X 36 32
98 11 X 66 69
94 11 X 63 32
108 10 X 98 94
135 9 X 108 97
160 8 X 135 134
169 7 X 1 160
192 6 X 168 169
200 5 X 192 187
210 4 X 198 200
214 3 X 209 210
215 2 X 211 214
217 1 X 216 215
