311
uxcaqa kthjvm crutzn mllcfi weabyb dmmngc xczogr wthvff idwstn weegim xcjnus fultgu fworlc midmmr uitsck adpaar
16 10 1 5 13 7 11 6 15 9 8 14 4 12 3 2
4 17 2 -1 -1
2 17 0 -1 -1
10 16 X 4 2
28 15 X 10 2
29 15 X 10 4
66 13 X 28 29
3 17 1 -1 -1
8 16 X 3 2
24 15 X 8 2
47 14 X 24 28
9 16 X 3 4
25 15 X 8 9
48 14 X 25 29
81 13 X 47 48
115 12 X 81 66
64 13 X 24 25
102 12 X 64 66
147 11 X 115 102
214 9 X 66 147
251 7 X 214 66
274 6 X 251 66
38 14 X 9 4
93 12 X 38 4
86 12 X 9 4
133 11 X 93 86
170 10 X 133 4
207 9 X 4 170
249 7 X 207 4
272 6 X 249 4
295 5 X 274 272
198 9 X 4 133
246 7 X 198 4
196 9 X 4 93
244 7 X 196 4
270 6 X 246 244
18 15 X 4 9
34 14 X 4 18
90 12 X 34 4
123 11 X 4 90
171 10 X 133 123
208 9 X 4 171
14 15 X 2 4
39 14 X 9 14
76 13 X 38 39
33 14 X 4 14
56 13 X 4 33
110 12 X 76 56
15 15 X 2 9
40 14 X 9 15
60 13 X 9 40
99 12 X 60 56
142 11 X 110 99
178 10 X 142 123
209 9 X 4 178
231 8 X 208 209
57 13 X 4 34
122 11 X 4 57
197 9 X 4 122
150 10 X 56 4
200 9 X 4 150
228 8 X 197 200
260 7 X 231 228
159 10 X 93 4
202 9 X 4 159
161 10 X 110 4
204 9 X 4 161
229 8 X 202 204
220 8 X 4 200
259 7 X 229 220
280 6 X 260 259
292 5 X 270 280
304 4 X 295 292
1 17 -1 -1 -1
5 16 X 1 2
21 15 X 5 2
20 15 X 5 1
62 13 X 21 20
46 14 X 24 21
23 15 X 8 1
45 14 X 23 20
80 13 X 46 45
114 12 X 80 62
63 13 X 24 23
101 12 X 63 62
146 11 X 114 101
213 9 X 62 146
250 7 X 213 62
273 6 X 250 62
7 16 X 3 1
36 14 X 7 1
22 15 X 7 1
43 14 X 22 1
72 13 X 36 43
107 12 X 72 1
88 12 X 22 1
137 11 X 107 88
173 10 X 137 1
191 9 X 1 173
243 7 X 191 1
269 6 X 243 1
294 5 X 273 269
182 9 X 1 137
238 7 X 182 1
91 12 X 36 1
157 10 X 91 1
185 9 X 1 157
240 7 X 185 1
267 6 X 238 240
44 14 X 22 20
73 13 X 36 44
30 14 X 1 20
53 13 X 1 30
109 12 X 73 53
140 11 X 109 88
176 10 X 140 1
194 9 X 1 176
226 8 X 191 194
124 11 X 53 1
164 10 X 124 1
187 9 X 1 164
219 8 X 1 187
257 7 X 226 219
37 14 X 7 20
71 13 X 36 37
106 12 X 71 53
136 11 X 106 91
172 10 X 136 1
190 9 X 1 172
224 8 X 185 190
256 7 X 224 219
278 6 X 257 256
290 5 X 267 278
303 4 X 294 290
308 3 X 304 303
54 13 X 2 14
285 5 X 54 4
26 15 X 9 4
49 14 X 26 4
77 13 X 38 49
111 12 X 77 4
97 12 X 49 4
143 11 X 111 97
199 9 X 4 143
74 13 X 38 4
112 12 X 77 74
82 13 X 49 4
98 12 X 49 82
144 11 X 112 98
180 10 X 144 4
211 9 X 4 180
247 7 X 199 211
94 12 X 38 74
160 10 X 94 4
203 9 X 4 160
245 7 X 196 203
271 6 X 247 245
179 10 X 143 4
210 9 X 4 179
50 14 X 26 14
78 13 X 38 50
113 12 X 78 56
84 13 X 49 50
116 12 X 84 56
145 11 X 113 116
181 10 X 145 4
212 9 X 4 181
232 8 X 210 212
130 11 X 74 82
168 10 X 130 4
205 9 X 4 168
75 13 X 38 33
83 13 X 49 33
131 11 X 75 83
169 10 X 131 4
206 9 X 4 169
230 8 X 205 206
261 7 X 232 230
156 10 X 74 4
201 9 X 4 156
248 7 X 202 201
281 6 X 261 248
293 5 X 271 281
298 4 X 285 293
55 13 X 2 20
286 5 X 55 1
95 12 X 43 1
138 11 X 107 95
183 9 X 1 138
69 13 X 36 1
108 12 X 72 69
79 13 X 43 1
96 12 X 43 79
139 11 X 108 96
175 10 X 139 1
193 9 X 1 175
239 7 X 183 193
92 12 X 36 69
158 10 X 92 1
186 9 X 1 158
242 7 X 185 186
268 6 X 239 242
174 10 X 138 1
192 9 X 1 174
141 11 X 109 95
177 10 X 141 1
195 9 X 1 177
227 8 X 192 195
128 11 X 69 79
166 10 X 128 1
188 9 X 1 166
70 13 X 36 30
129 11 X 70 79
167 10 X 129 1
189 9 X 1 167
225 8 X 188 189
258 7 X 227 225
155 10 X 69 1
184 9 X 1 155
241 7 X 185 184
279 6 X 258 241
291 5 X 268 279
300 4 X 286 291
306 3 X 298 300
310 2 X 308 306
51 14 X 28 21
52 14 X 29 20
85 13 X 51 52
117 12 X 85 66
148 11 X 117 66
154 10 X 66 148
236 7 X 66 154
11 16 X 4 3
19 15 X 4 11
35 14 X 4 19
58 13 X 4 35
31 14 X 4 1
6 16 X 1 3
13 15 X 1 6
32 14 X 4 13
67 13 X 31 32
104 12 X 67 58
134 11 X 104 58
152 10 X 58 134
89 12 X 31 4
132 11 X 89 4
149 10 X 4 132
221 8 X 152 149
235 7 X 4 221
266 6 X 235 4
288 5 X 236 266
234 7 X 4 149
17 15 X 4 3
42 14 X 19 17
59 13 X 4 42
12 15 X 1 3
41 14 X 19 12
68 13 X 31 41
105 12 X 68 59
135 11 X 105 59
153 10 X 59 135
151 10 X 56 132
215 9 X 149 151
222 8 X 153 215
255 7 X 220 222
277 6 X 255 4
287 5 X 234 277
301 4 X 288 287
126 11 X 62 66
27 15 X 10 1
65 13 X 28 27
103 12 X 65 62
127 11 X 62 103
237 7 X 126 127
263 6 X 126 237
118 11 X 1 4
16 15 X 4 1
61 13 X 16 4
119 11 X 1 61
162 10 X 118 119
100 12 X 61 4
121 11 X 1 100
163 10 X 118 121
216 9 X 162 163
254 7 X 216 163
87 12 X 16 1
120 11 X 1 87
253 7 X 216 120
276 6 X 254 253
289 5 X 263 276
252 7 X 216 1
275 6 X 254 252
125 11 X 53 4
165 10 X 125 121
217 9 X 162 165
233 8 X 216 217
218 9 X 163 165
223 8 X 163 218
262 7 X 233 223
282 6 X 262 252
296 5 X 275 282
302 4 X 289 296
307 3 X 301 302
265 6 X 220 4
284 5 X 4 265
297 4 X 285 284
264 6 X 219 1
283 5 X 1 264
299 4 X 286 283
305 3 X 297 299
309 2 X 307 305
311 1 X 310 309
