202
vgarts cdsdxg htbdxz yugfkh wfypmm xcgwkn oanzto hxapvy zfqhzz tmyclm stvmpj zartya ylrkwp dnzdgs wybrzz axjboc
10 13 12 8 4 15 2 9 11 7 3 16 14 6 1 5
4 17 2 -1 -1
3 17 1 -1 -1
8 16 X 4 3
110 9 X 8 4
12 15 X 4 8
22 14 X 8 12
72 11 X 12 22
115 9 X 72 4
139 8 X 110 115
162 6 X 110 139
177 5 X 162 8
2 17 0 -1 -1
6 16 X 2 4
20 14 X 6 4
52 12 X 4 20
84 11 X 52 4
120 9 X 84 4
153 8 X 120 4
173 6 X 153 4
15 15 X 8 4
23 14 X 8 15
74 11 X 23 8
61 12 X 23 8
89 11 X 61 8
117 9 X 74 89
184 5 X 173 117
189 4 X 177 184
38 13 X 8 12
79 11 X 38 12
136 8 X 79 8
178 5 X 162 136
59 12 X 20 4
88 11 X 59 4
122 9 X 88 4
155 8 X 122 4
1 17 -1 -1 -1
11 15 X 4 1
51 12 X 4 11
50 12 X 4 1
98 10 X 51 50
137 8 X 98 4
158 7 X 137 4
175 6 X 155 158
25 14 X 12 4
46 13 X 23 25
83 11 X 46 12
69 12 X 46 38
95 11 X 69 12
119 9 X 83 95
152 8 X 119 117
187 5 X 175 152
191 4 X 178 187
197 3 X 189 191
186 5 X 175 117
190 4 X 177 186
196 3 X 189 190
200 2 X 197 196
31 13 X 3 8
111 9 X 31 4
17 14 X 2 8
41 13 X 17 8
56 12 X 8 41
10 15 X 2 8
24 14 X 10 8
47 13 X 24 8
57 12 X 8 47
86 11 X 56 57
107 10 X 86 8
132 9 X 107 4
144 8 X 111 132
26 14 X 12 10
48 13 X 26 12
29 13 X 2 12
71 12 X 48 29
21 14 X 8 10
45 13 X 21 22
30 13 X 2 22
67 12 X 45 30
96 11 X 71 67
109 10 X 96 72
9 15 X 2 4
18 14 X 4 9
42 13 X 18 4
28 13 X 2 4
64 12 X 42 28
99 10 X 64 4
133 9 X 109 99
140 8 X 110 133
166 6 X 144 140
112 9 X 31 8
145 8 X 112 8
167 6 X 145 8
181 5 X 166 167
16 14 X 2 4
40 13 X 16 4
53 12 X 4 40
85 11 X 53 4
106 10 X 85 4
131 9 X 106 4
154 8 X 120 131
44 13 X 20 4
54 12 X 4 44
135 8 X 54 99
174 6 X 154 135
185 5 X 174 117
194 4 X 181 185
70 12 X 47 8
82 11 X 41 70
105 10 X 82 8
130 9 X 105 4
143 8 X 111 130
81 11 X 41 47
104 10 X 81 8
129 9 X 104 4
142 8 X 111 129
160 7 X 143 142
33 13 X 4 8
55 12 X 8 33
113 9 X 55 4
35 13 X 4 22
60 12 X 22 35
77 11 X 29 60
34 13 X 4 12
58 12 X 12 34
87 11 X 58 60
102 10 X 77 87
75 11 X 28 4
100 10 X 75 4
127 9 X 102 100
148 8 X 113 127
76 11 X 29 30
101 10 X 76 87
97 10 X 28 4
126 9 X 101 97
147 8 X 113 126
161 7 X 148 147
176 6 X 160 161
32 13 X 3 12
7 16 X 3 4
14 15 X 7 3
39 13 X 14 12
78 11 X 32 39
118 9 X 78 79
151 8 X 118 8
63 12 X 38 34
91 11 X 63 58
124 9 X 91 79
114 9 X 55 8
156 8 X 124 114
171 6 X 151 156
188 5 X 176 171
73 11 X 20 4
116 9 X 73 4
80 11 X 40 4
103 10 X 80 4
128 9 X 103 4
150 8 X 116 128
5 16 X 2 1
13 15 X 6 5
27 14 X 13 11
49 13 X 27 11
66 12 X 44 49
93 11 X 66 51
19 14 X 5 1
43 13 X 19 1
65 12 X 44 43
92 11 X 65 50
108 10 X 93 92
138 8 X 108 100
134 8 X 44 97
159 7 X 138 134
170 6 X 150 159
37 13 X 4 25
68 12 X 46 37
94 11 X 68 58
125 9 X 94 95
36 13 X 4 23
62 12 X 23 36
90 11 X 62 55
123 9 X 90 89
157 8 X 125 123
172 6 X 152 157
183 5 X 170 172
195 4 X 188 183
199 3 X 194 195
141 8 X 111 110
164 6 X 141 139
179 5 X 164 167
192 4 X 179 184
121 9 X 87 4
146 8 X 113 121
165 6 X 141 146
168 6 X 145 114
180 5 X 165 168
149 8 X 116 4
169 6 X 149 158
163 6 X 117 123
182 5 X 169 163
193 4 X 180 182
198 3 X 192 193
201 2 X 199 198
202 1 X 200 201
