870
yvljdq qtrydg brfkjp fnlfzc agstvv gofqfb xlfqin apukkb aqezlo yrgszk qdhheg ypfgqp zoiovh vcvflr exnidn neykgn nhaifv wvsdfk bwqujp spvuja
19 5 7 9 1 13 4 12 17 18 10 14 15 6 2 8 16 20 3 11
1 21 -1 -1 -1
3 21 1 -1 -1
10 19 X 1 3
33 18 X 10 1
110 16 X 33 1
7 20 X 3 1
21 19 X 7 3
46 18 X 21 1
127 16 X 46 1
384 13 X 127 110
450 12 X 110 384
610 11 X 450 110
2 21 0 -1 -1
5 20 X 2 1
36 18 X 10 5
24 18 X 1 5
56 17 X 1 24
117 16 X 36 56
195 15 X 110 117
287 14 X 195 110
116 16 X 36 24
194 15 X 110 116
286 14 X 194 110
416 13 X 287 286
612 11 X 450 416
92 17 X 36 33
164 16 X 92 1
214 15 X 110 164
300 14 X 214 110
77 17 X 24 1
165 16 X 92 77
215 15 X 110 165
301 14 X 215 110
426 13 X 300 301
520 12 X 416 426
629 11 X 450 520
694 10 X 612 629
731 9 X 610 694
583 11 X 384 110
363 13 X 110 286
585 11 X 384 363
369 13 X 110 301
467 12 X 363 369
591 11 X 384 467
679 10 X 585 591
729 9 X 583 679
788 8 X 731 729
769 8 X 610 583
818 7 X 788 769
6 20 X 2 3
20 19 X 5 6
45 18 X 20 5
126 16 X 45 56
197 15 X 110 126
289 14 X 197 110
98 17 X 45 33
172 16 X 98 5
218 15 X 110 172
304 14 X 218 110
418 13 X 289 304
13 19 X 1 6
12 19 X 1 5
40 18 X 13 12
99 17 X 45 40
26 18 X 1 12
58 17 X 1 26
175 16 X 99 58
221 15 X 110 175
307 14 X 221 110
71 17 X 5 12
174 16 X 98 71
220 15 X 110 174
306 14 X 220 110
429 13 X 307 306
523 12 X 418 429
632 11 X 450 523
171 16 X 98 1
217 15 X 110 171
303 14 X 217 110
70 17 X 5 1
173 16 X 98 70
219 15 X 110 173
305 14 X 219 110
428 13 X 303 305
522 12 X 418 428
631 11 X 450 522
704 10 X 632 631
125 16 X 45 5
196 15 X 110 125
288 14 X 196 110
417 13 X 289 288
521 12 X 418 417
630 11 X 450 521
703 10 X 630 631
760 9 X 704 703
370 13 X 110 304
372 13 X 110 306
473 12 X 370 372
597 11 X 384 473
371 13 X 110 305
472 12 X 370 371
596 11 X 384 472
685 10 X 597 596
364 13 X 110 288
471 12 X 370 364
595 11 X 384 471
684 10 X 595 596
750 9 X 685 684
799 8 X 760 750
824 7 X 799 769
839 6 X 818 824
854 5 X 839 769
34 18 X 10 2
22 18 X 1 2
54 17 X 1 22
115 16 X 34 54
193 15 X 110 115
91 17 X 34 36
162 16 X 91 56
212 15 X 110 162
285 14 X 193 212
414 13 X 285 194
544 11 X 110 414
90 17 X 34 33
160 16 X 90 1
210 15 X 110 160
389 13 X 210 215
518 12 X 414 389
568 11 X 110 518
660 10 X 544 568
718 9 X 110 660
766 8 X 110 718
805 7 X 766 110
97 17 X 45 2
170 16 X 97 54
216 15 X 110 170
302 14 X 216 110
427 13 X 302 304
527 12 X 427 110
573 11 X 110 527
726 9 X 573 110
81 17 X 33 2
150 16 X 81 54
206 15 X 110 150
49 17 X 1 2
149 16 X 81 49
205 15 X 110 149
296 14 X 206 205
51 17 X 1 5
111 16 X 33 51
190 15 X 110 111
422 13 X 296 190
9 19 X 1 2
82 17 X 33 9
25 18 X 1 9
57 17 X 1 25
152 16 X 82 57
208 15 X 110 152
52 17 X 1 9
151 16 X 82 52
207 15 X 110 151
297 14 X 208 207
53 17 X 1 12
112 16 X 33 53
191 15 X 110 112
424 13 X 297 191
526 12 X 422 424
572 11 X 110 526
524 12 X 422 110
570 11 X 110 524
673 10 X 572 570
89 17 X 33 45
159 16 X 89 51
209 15 X 110 159
423 13 X 296 209
525 12 X 422 423
571 11 X 110 525
672 10 X 571 570
747 9 X 673 672
785 8 X 726 747
815 7 X 785 110
832 6 X 805 815
847 5 X 832 110
863 4 X 854 847
105 16 X 10 1
107 16 X 21 1
355 13 X 107 105
449 12 X 105 355
609 11 X 449 105
581 11 X 355 105
768 8 X 609 581
841 5 X 768 769
39 18 X 13 10
93 17 X 39 10
166 16 X 93 1
184 15 X 105 166
276 14 X 184 105
350 13 X 105 276
453 12 X 276 350
32 18 X 9 10
94 17 X 39 32
167 16 X 94 1
185 15 X 105 167
277 14 X 185 105
407 13 X 277 276
509 12 X 407 350
636 11 X 453 509
734 9 X 636 350
73 17 X 10 32
140 16 X 73 1
180 15 X 105 140
272 14 X 180 105
405 13 X 272 105
535 11 X 105 405
508 12 X 405 105
541 11 X 105 508
655 10 X 535 541
791 8 X 734 655
821 7 X 791 105
828 6 X 105 821
844 5 X 828 110
856 4 X 841 844
867 3 X 863 856
19 19 X 5 3
18 19 X 5 1
44 18 X 19 18
29 18 X 1 18
61 17 X 1 29
123 16 X 44 61
223 15 X 123 110
309 14 X 223 110
431 13 X 309 110
96 17 X 44 46
169 16 X 96 1
250 15 X 169 127
335 14 X 250 127
444 13 X 335 110
529 12 X 431 444
262 14 X 125 110
358 13 X 110 262
252 15 X 173 125
337 14 X 252 110
382 13 X 110 337
465 12 X 358 382
641 11 X 529 465
269 14 X 173 110
360 13 X 110 269
464 12 X 358 360
615 11 X 450 464
706 10 X 641 615
224 15 X 123 127
310 14 X 224 127
432 13 X 310 110
530 12 X 432 444
644 11 X 530 465
588 11 X 384 464
709 10 X 644 588
774 8 X 706 709
616 11 X 450 465
696 10 X 616 615
124 16 X 45 1
261 14 X 124 110
357 13 X 110 261
251 15 X 171 124
336 14 X 251 110
381 13 X 110 336
463 12 X 357 381
614 11 X 450 463
268 14 X 171 110
359 13 X 110 268
462 12 X 357 359
613 11 X 450 462
695 10 X 614 613
755 9 X 696 695
589 11 X 384 465
681 10 X 589 588
587 11 X 384 463
586 11 X 384 462
680 10 X 587 586
748 9 X 681 680
794 8 X 755 748
808 7 X 774 794
226 15 X 125 172
312 14 X 226 110
374 13 X 110 312
253 15 X 173 172
338 14 X 253 110
383 13 X 110 338
478 12 X 374 383
643 11 X 529 478
476 12 X 374 360
619 11 X 450 476
708 10 X 643 619
477 12 X 374 382
642 11 X 529 477
707 10 X 642 619
762 9 X 708 707
646 11 X 530 478
600 11 X 384 476
711 10 X 646 600
645 11 X 530 477
710 10 X 645 600
763 9 X 711 710
801 8 X 762 763
620 11 X 450 478
698 10 X 620 619
225 15 X 124 171
311 14 X 225 110
373 13 X 110 311
475 12 X 373 381
618 11 X 450 475
474 12 X 373 359
617 11 X 450 474
697 10 X 618 617
756 9 X 698 697
601 11 X 384 478
687 10 X 601 600
599 11 X 384 475
598 11 X 384 474
686 10 X 599 598
751 9 X 687 686
795 8 X 756 751
826 7 X 801 795
834 6 X 808 826
849 5 X 834 769
104 16 X 2 54
258 14 X 104 110
393 13 X 258 262
488 12 X 393 110
553 11 X 110 488
721 9 X 553 110
69 17 X 2 45
138 16 X 69 51
259 14 X 104 138
395 13 X 259 125
4 20 X 1 2
8 20 X 3 2
17 19 X 4 8
43 18 X 17 4
68 17 X 2 43
23 18 X 1 4
55 17 X 1 23
136 16 X 68 55
232 15 X 136 104
67 17 X 2 33
130 16 X 67 1
229 15 X 130 138
315 14 X 232 229
435 13 X 315 252
491 12 X 395 435
556 11 X 110 491
386 13 X 130 173
490 12 X 395 386
555 11 X 110 490
666 10 X 556 555
777 8 X 721 666
102 16 X 2 1
137 16 X 69 1
256 14 X 102 137
391 13 X 256 124
134 16 X 68 1
230 15 X 134 102
228 15 X 130 137
314 14 X 230 228
434 13 X 314 251
485 12 X 391 434
550 11 X 110 485
385 13 X 130 171
484 12 X 391 385
549 11 X 110 484
664 10 X 550 549
742 9 X 666 664
778 8 X 721 742
811 7 X 777 778
227 15 X 126 170
313 14 X 227 110
433 13 X 313 312
531 12 X 433 110
574 11 X 110 531
727 9 X 574 110
546 11 X 110 422
662 10 X 546 570
740 9 X 662 672
786 8 X 727 740
394 13 X 258 312
489 12 X 394 110
554 11 X 110 489
722 9 X 554 110
103 16 X 2 49
257 14 X 104 103
392 13 X 257 226
50 17 X 1 4
135 16 X 68 50
231 15 X 135 103
316 14 X 232 231
436 13 X 316 253
487 12 X 392 436
552 11 X 110 487
486 12 X 392 386
551 11 X 110 486
665 10 X 552 551
343 13 X 102 225
390 13 X 230 251
455 12 X 343 390
548 11 X 110 455
454 12 X 343 385
547 11 X 110 454
663 10 X 548 547
741 9 X 665 663
779 8 X 722 741
816 7 X 786 779
836 6 X 811 816
851 5 X 836 110
860 4 X 849 851
341 13 X 21 10
447 12 X 10 341
607 11 X 447 10
691 10 X 609 607
578 11 X 341 10
772 8 X 691 578
842 5 X 768 772
267 14 X 166 105
344 13 X 105 267
451 12 X 267 344
108 16 X 32 1
260 14 X 108 105
396 13 X 260 267
492 12 X 396 344
633 11 X 451 492
732 9 X 633 344
14 19 X 1 8
42 18 X 14 10
80 17 X 32 42
148 16 X 80 1
239 15 X 148 108
323 14 X 239 105
439 13 X 323 267
494 12 X 396 439
576 11 X 267 494
79 17 X 32 10
145 16 X 79 1
263 14 X 145 105
397 13 X 263 267
493 12 X 396 397
575 11 X 267 493
674 10 X 576 575
789 8 X 732 674
819 7 X 789 674
118 16 X 39 1
222 15 X 118 167
308 14 X 222 105
430 13 X 308 267
528 12 X 430 344
634 11 X 451 528
733 9 X 634 344
790 8 X 733 655
820 7 X 790 674
840 6 X 819 820
72 17 X 10 3
106 16 X 10 72
653 10 X 105 106
770 8 X 653 106
74 17 X 10 42
142 16 X 74 1
121 16 X 42 1
235 15 X 142 121
319 14 X 235 105
437 13 X 319 105
536 11 X 105 437
144 16 X 74 72
122 16 X 42 72
238 15 X 144 122
322 14 X 238 106
438 13 X 322 106
95 17 X 42 10
168 16 X 95 72
186 15 X 106 168
278 14 X 186 106
408 13 X 278 106
532 12 X 438 408
542 11 X 106 532
656 10 X 536 542
735 9 X 653 656
792 8 X 735 106
807 7 X 770 792
855 5 X 840 807
858 4 X 842 855
864 3 X 860 858
869 2 X 867 864
284 14 X 193 110
114 16 X 34 22
192 15 X 110 114
282 14 X 192 110
413 13 X 284 282
611 11 X 450 413
298 14 X 210 110
75 17 X 22 1
161 16 X 90 75
211 15 X 110 161
299 14 X 211 110
425 13 X 298 299
517 12 X 413 425
628 11 X 450 517
693 10 X 611 628
730 9 X 610 693
362 13 X 110 282
584 11 X 384 362
368 13 X 110 299
466 12 X 362 368
590 11 X 384 466
678 10 X 584 590
728 9 X 583 678
787 8 X 730 728
817 7 X 787 769
189 15 X 110 104
280 14 X 189 110
131 16 X 67 2
201 15 X 110 131
293 14 X 201 110
410 13 X 280 293
66 17 X 2 9
129 16 X 66 57
199 15 X 110 129
290 14 X 199 110
133 16 X 67 66
203 15 X 110 133
295 14 X 203 110
419 13 X 290 295
512 12 X 410 419
626 11 X 450 512
200 15 X 110 130
292 14 X 200 110
64 17 X 2 1
132 16 X 67 64
202 15 X 110 132
294 14 X 202 110
421 13 X 292 294
513 12 X 410 421
627 11 X 450 513
702 10 X 626 627
187 15 X 110 2
279 14 X 187 110
409 13 X 280 279
511 12 X 410 409
625 11 X 450 511
701 10 X 625 627
759 9 X 702 701
365 13 X 110 293
367 13 X 110 295
470 12 X 365 367
594 11 X 384 470
366 13 X 110 294
469 12 X 365 366
593 11 X 384 469
683 10 X 594 593
361 13 X 110 279
468 12 X 365 361
592 11 X 384 468
682 10 X 592 593
749 9 X 683 682
798 8 X 759 749
823 7 X 798 769
838 6 X 817 823
853 5 X 838 769
76 17 X 22 24
163 16 X 91 76
213 15 X 110 163
283 14 X 192 213
415 13 X 285 283
545 11 X 110 415
388 13 X 210 211
519 12 X 415 388
569 11 X 110 519
661 10 X 545 569
719 9 X 110 661
767 8 X 110 719
806 7 X 767 110
510 12 X 410 110
564 11 X 110 510
725 9 X 564 110
188 15 X 110 103
281 14 X 189 188
412 13 X 281 201
128 16 X 66 52
198 15 X 110 128
291 14 X 199 198
420 13 X 291 203
516 12 X 412 420
567 11 X 110 516
387 13 X 200 202
514 12 X 412 387
565 11 X 110 514
671 10 X 567 565
411 13 X 281 187
515 12 X 412 411
566 11 X 110 515
670 10 X 566 565
746 9 X 671 670
784 8 X 725 746
814 7 X 784 110
833 6 X 806 814
848 5 X 833 110
862 4 X 853 848
178 15 X 105 108
270 14 X 178 105
181 15 X 105 145
273 14 X 181 105
403 13 X 270 273
347 13 X 105 273
504 12 X 403 347
31 18 X 9 1
146 16 X 79 31
182 15 X 105 146
274 14 X 182 105
404 13 X 270 274
348 13 X 105 274
505 12 X 404 348
639 11 X 504 505
78 17 X 31 1
147 16 X 79 78
183 15 X 105 147
275 14 X 183 105
349 13 X 105 275
506 12 X 404 349
640 11 X 504 506
705 10 X 639 640
345 13 X 105 270
109 16 X 32 31
179 15 X 105 109
271 14 X 179 105
346 13 X 105 271
580 11 X 345 346
456 12 X 345 347
457 12 X 346 349
637 11 X 456 457
676 10 X 580 637
761 9 X 705 676
606 11 X 403 404
503 12 X 403 273
406 13 X 273 275
507 12 X 404 406
638 11 X 503 507
690 10 X 606 638
402 13 X 270 271
577 11 X 270 402
452 12 X 270 273
502 12 X 402 406
635 11 X 452 502
675 10 X 577 635
754 9 X 690 675
800 8 X 761 754
825 7 X 800 105
829 6 X 105 825
41 18 X 14 1
87 17 X 33 41
156 16 X 87 1
119 16 X 41 1
244 15 X 156 119
330 14 X 244 110
377 13 X 110 330
11 19 X 1 4
38 18 X 11 1
63 17 X 1 38
157 16 X 87 63
120 16 X 41 38
245 15 X 157 120
331 14 X 245 110
378 13 X 110 331
582 11 X 377 378
677 10 X 582 110
720 9 X 110 677
776 8 X 720 110
810 7 X 776 110
830 6 X 110 810
845 5 X 829 830
857 4 X 841 845
866 3 X 862 857
15 19 X 2 1
37 18 X 10 15
86 17 X 33 37
27 18 X 1 15
59 17 X 1 27
155 16 X 86 59
243 15 X 155 110
329 14 X 243 110
443 13 X 329 110
16 19 X 4 1
48 18 X 21 16
101 17 X 46 48
28 18 X 1 16
60 17 X 1 28
177 16 X 101 60
255 15 X 177 127
340 14 X 255 127
446 13 X 340 110
533 12 X 443 446
240 15 X 149 2
324 14 X 240 110
375 13 X 110 324
88 17 X 33 43
158 16 X 88 50
246 15 X 158 2
332 14 X 246 110
379 13 X 110 332
480 12 X 375 379
647 11 X 533 480
479 12 X 375 366
621 11 X 450 479
712 10 X 647 621
47 18 X 21 15
100 17 X 46 47
176 16 X 100 59
254 15 X 176 127
339 14 X 254 127
445 13 X 339 110
534 12 X 445 446
650 11 X 534 480
602 11 X 384 479
715 10 X 650 602
775 8 X 712 715
622 11 X 450 480
699 10 X 622 621
757 9 X 699 610
603 11 X 384 480
688 10 X 603 602
752 9 X 688 583
796 8 X 757 752
809 7 X 775 796
241 15 X 149 131
326 14 X 241 110
376 13 X 110 326
247 15 X 158 131
334 14 X 247 110
380 13 X 110 334
483 12 X 376 380
649 11 X 533 483
481 12 X 376 366
623 11 X 450 481
714 10 X 649 623
482 12 X 376 379
648 11 X 533 482
713 10 X 648 623
764 9 X 714 713
652 11 X 534 483
604 11 X 384 481
717 10 X 652 604
651 11 X 534 482
716 10 X 651 604
765 9 X 717 716
802 8 X 764 765
624 11 X 450 483
700 10 X 624 623
758 9 X 700 610
605 11 X 384 483
689 10 X 605 604
753 9 X 689 583
797 8 X 758 753
827 7 X 802 797
835 6 X 809 827
850 5 X 835 769
84 17 X 33 34
153 16 X 84 54
264 14 X 153 110
398 13 X 264 324
495 12 X 398 110
557 11 X 110 495
723 9 X 557 110
266 14 X 153 159
65 17 X 2 5
139 16 X 69 65
249 15 X 159 139
325 14 X 240 249
401 13 X 266 325
35 18 X 10 4
85 17 X 33 35
154 16 X 85 55
242 15 X 154 153
327 14 X 242 209
204 15 X 110 139
333 14 X 246 204
440 13 X 327 333
501 12 X 401 440
563 11 X 110 501
356 13 X 110 202
500 12 X 401 356
562 11 X 110 500
669 10 X 563 562
780 8 X 723 669
745 9 X 669 110
781 8 X 723 745
812 7 X 780 781
399 13 X 264 326
496 12 X 399 110
558 11 X 110 496
724 9 X 558 110
265 14 X 153 149
400 13 X 265 241
248 15 X 158 149
328 14 X 242 248
442 13 X 328 247
499 12 X 400 442
561 11 X 110 499
497 12 X 400 356
559 11 X 110 497
668 10 X 561 559
441 13 X 328 246
498 12 X 400 441
560 11 X 110 498
667 10 X 560 559
744 9 X 668 667
783 8 X 724 744
743 9 X 668 110
782 8 X 724 743
813 7 X 783 782
837 6 X 812 813
852 5 X 837 110
861 4 X 850 852
342 13 X 46 33
448 12 X 33 342
608 11 X 448 33
692 10 X 610 608
579 11 X 342 33
773 8 X 692 579
843 5 X 768 773
62 17 X 1 31
141 16 X 73 62
233 15 X 141 109
317 14 X 233 105
351 13 X 105 317
143 16 X 74 63
236 15 X 143 109
320 14 X 236 105
353 13 X 105 320
459 12 X 351 353
538 11 X 105 459
458 12 X 351 349
537 11 X 105 458
657 10 X 538 537
737 9 X 657 105
803 7 X 657 737
234 15 X 141 146
318 14 X 234 105
352 13 X 105 318
237 15 X 143 146
321 14 X 237 105
354 13 X 105 321
461 12 X 352 354
540 11 X 105 461
460 12 X 352 349
539 11 X 105 460
658 10 X 540 539
739 9 X 658 657
738 9 X 658 105
804 7 X 739 738
831 6 X 803 804
30 18 X 3 1
83 17 X 33 30
113 16 X 33 83
654 10 X 110 113
543 11 X 110 378
659 10 X 543 113
736 9 X 654 659
793 8 X 736 113
771 8 X 654 113
822 7 X 793 771
846 5 X 831 822
859 4 X 843 846
865 3 X 861 859
868 2 X 866 865
870 1 X 869 868
