220
zczptu rttxrp jdxsdj tmiitm lipmsw tkktet veedox ovlegu bqqgoa dpgkfn xzdvzw jbunpf ixdhfd vmgpmt inxusb ibvpil
12 2 11 3 10 5 7 6 8 14 15 4 1 9 13 16
3 17 1 -1 -1
1 17 -1 -1 -1
91 10 X 1 3
119 9 X 1 91
180 6 X 3 119
198 5 X 3 180
8 15 X 1 3
30 13 X 3 8
61 12 X 30 3
98 10 X 1 61
132 9 X 98 91
166 7 X 132 91
53 12 X 8 3
96 10 X 1 53
128 9 X 96 91
163 7 X 128 91
188 6 X 166 163
95 10 X 1 30
127 9 X 95 91
162 7 X 127 91
186 6 X 162 119
205 5 X 188 186
210 4 X 198 205
2 17 0 -1 -1
29 13 X 2 3
50 12 X 3 29
68 11 X 3 50
101 10 X 1 68
129 9 X 96 101
157 8 X 128 129
176 7 X 157 91
195 6 X 176 119
92 10 X 1 8
122 9 X 92 91
123 9 X 92 101
152 8 X 122 123
171 7 X 152 91
189 6 X 171 119
206 5 X 195 189
209 4 X 180 206
215 3 X 210 209
218 2 X 215 1
6 16 X 3 2
12 15 X 3 6
25 14 X 12 3
72 11 X 25 3
111 10 X 3 72
144 9 X 111 3
182 6 X 3 144
179 6 X 3 1
202 5 X 182 179
7 15 X 1 2
21 14 X 7 8
32 13 X 3 21
11 15 X 3 2
24 14 X 11 3
33 13 X 3 24
62 12 X 32 33
87 11 X 62 61
107 10 X 1 87
140 9 X 107 91
159 8 X 132 140
63 12 X 33 3
88 11 X 63 3
108 10 X 1 88
142 9 X 108 91
148 8 X 91 142
178 7 X 159 148
58 12 X 21 24
85 11 X 58 53
105 10 X 1 85
138 9 X 105 91
71 11 X 24 3
103 10 X 1 71
137 9 X 103 91
168 7 X 138 137
197 6 X 178 168
185 6 X 162 1
208 5 X 197 185
213 4 X 202 208
4 16 X 1 2
9 15 X 1 4
23 14 X 9 1
20 14 X 7 1
59 12 X 23 20
86 11 X 59 1
106 10 X 1 86
44 12 X 1 20
74 11 X 44 1
139 9 X 106 74
181 6 X 3 139
5 16 X 3 1
120 9 X 3 5
160 7 X 3 120
183 6 X 160 74
201 5 X 181 183
34 13 X 8 21
64 12 X 34 33
18 14 X 3 11
31 13 X 3 18
54 12 X 8 31
89 11 X 64 54
109 10 X 1 89
15 14 X 2 1
39 13 X 15 20
48 12 X 1 39
79 11 X 48 1
16 14 X 2 3
40 13 X 16 24
51 12 X 3 40
17 14 X 3 2
41 13 X 17 18
52 12 X 3 41
82 11 X 51 52
116 10 X 79 82
143 9 X 109 116
158 8 X 128 143
121 9 X 91 1
141 9 X 108 1
151 8 X 121 141
177 7 X 158 151
14 14 X 1 7
43 12 X 1 14
70 11 X 20 43
102 10 X 1 70
135 9 X 102 74
75 11 X 44 43
113 10 X 74 75
136 9 X 102 113
167 7 X 135 136
196 6 X 177 167
28 13 X 1 20
45 12 X 1 28
76 11 X 45 1
55 12 X 8 34
22 14 X 8 7
35 13 X 8 22
56 12 X 8 35
83 11 X 55 56
114 10 X 76 83
146 9 X 114 116
153 8 X 122 146
172 7 X 153 121
145 9 X 113 74
169 7 X 145 113
190 6 X 172 169
207 5 X 196 190
212 4 X 201 207
217 3 X 213 212
26 13 X 1 5
93 10 X 1 26
13 14 X 1 3
69 11 X 13 1
19 14 X 5 3
36 13 X 13 19
73 11 X 36 26
112 10 X 69 73
124 9 X 93 112
161 7 X 124 112
66 11 X 1 26
99 10 X 1 66
154 8 X 124 99
57 12 X 13 1
84 11 X 57 1
65 12 X 36 1
90 11 X 65 26
118 10 X 84 90
150 8 X 112 118
173 7 X 154 150
191 6 X 173 1
199 5 X 161 191
10 15 X 1 5
27 13 X 1 10
60 12 X 27 26
97 10 X 1 60
104 10 X 1 73
130 9 X 97 104
164 7 X 130 104
94 10 X 1 27
125 9 X 94 104
67 11 X 1 27
100 10 X 1 67
133 9 X 100 99
155 8 X 125 133
110 10 X 1 90
149 8 X 104 110
174 7 X 155 149
193 6 X 174 1
200 5 X 164 193
211 4 X 199 200
184 6 X 161 1
42 13 X 20 1
49 12 X 1 42
80 11 X 49 1
192 6 X 173 80
203 5 X 184 192
131 9 X 97 112
165 7 X 131 112
187 6 X 165 1
126 9 X 94 112
38 13 X 15 1
47 12 X 1 38
77 11 X 47 1
78 11 X 47 26
115 10 X 77 78
134 9 X 100 115
156 8 X 126 134
175 7 X 156 150
37 13 X 14 1
46 12 X 1 37
81 11 X 49 46
117 10 X 80 81
147 9 X 117 80
170 7 X 147 117
194 6 X 175 170
204 5 X 187 194
214 4 X 203 204
216 3 X 211 214
219 2 X 217 216
220 1 X 218 219
