128
ecgcyn ofdvxy uzimnj hshxvk yjawhq joidvc cjlkcu roilyx imhhhe critis nvqmnq gqpwcv ipulwi ptpisx gqknoe wblxqj
13 10 4 14 2 7 5 3 16 9 12 8 11 1 6 15
3 17 1 -1 -1
1 17 -1 -1 -1
4 16 X 1 3
21 13 X 3 4
47 11 X 3 21
2 17 0 -1 -1
6 16 X 3 2
11 15 X 6 3
16 14 X 3 11
28 13 X 16 3
44 12 X 28 16
29 13 X 16 4
61 11 X 44 29
68 10 X 47 61
36 12 X 3 28
54 11 X 36 21
24 13 X 11 3
35 12 X 3 24
53 11 X 35 21
70 10 X 54 53
83 9 X 68 70
94 8 X 47 83
7 15 X 2 3
14 14 X 3 7
43 12 X 28 14
8 15 X 3 6
19 14 X 8 6
30 13 X 19 4
12 14 X 3 2
5 16 X 2 3
17 14 X 4 5
25 13 X 12 17
45 12 X 30 25
59 11 X 43 45
67 10 X 47 59
9 15 X 5 3
20 14 X 9 7
31 13 X 20 3
37 12 X 3 31
13 14 X 3 6
26 13 X 13 4
40 12 X 26 21
55 11 X 37 40
23 13 X 7 3
34 12 X 3 23
22 13 X 6 4
39 12 X 22 21
52 11 X 34 39
71 10 X 55 52
81 9 X 67 71
92 8 X 47 81
106 7 X 94 92
113 6 X 106 47
82 9 X 68 53
93 8 X 47 82
80 9 X 67 52
91 8 X 47 80
105 7 X 93 91
112 6 X 105 47
118 5 X 113 112
15 14 X 3 9
33 12 X 3 15
51 11 X 33 45
66 10 X 47 51
32 12 X 3 9
48 11 X 32 39
65 10 X 47 48
79 9 X 66 65
90 8 X 47 79
101 7 X 47 90
110 6 X 101 47
117 5 X 110 47
122 4 X 118 117
46 11 X 3 4
60 11 X 44 4
64 10 X 46 60
78 9 X 64 46
88 8 X 46 78
10 15 X 5 4
18 14 X 4 10
38 12 X 4 18
50 11 X 33 38
58 11 X 43 38
69 10 X 50 58
84 9 X 69 46
89 8 X 46 84
104 7 X 88 89
111 6 X 104 46
49 11 X 33 4
75 9 X 50 49
87 8 X 46 75
99 7 X 46 87
109 6 X 99 46
116 5 X 109 46
119 4 X 111 116
125 3 X 122 119
42 12 X 28 3
57 11 X 42 3
63 10 X 3 57
77 9 X 63 3
86 8 X 3 77
27 13 X 14 3
41 12 X 27 3
56 11 X 41 3
62 10 X 3 56
76 9 X 62 3
85 8 X 3 76
103 7 X 86 85
108 6 X 86 103
115 5 X 3 108
121 4 X 115 3
107 6 X 86 3
114 5 X 3 107
120 4 X 114 3
124 3 X 121 120
127 2 X 125 124
74 9 X 47 4
97 8 X 74 47
102 7 X 47 97
73 9 X 46 4
96 8 X 73 46
100 7 X 46 96
123 3 X 102 100
72 9 X 3 4
95 8 X 72 3
98 7 X 3 95
126 2 X 123 98
128 1 X 127 126
