142
zafkxh hzhdid ijajzv vhaltl okmjlq jxmgxs lfwane ocmvwb phmuzv macffr ppyvig opfcdi emidct ukglyh ybzkwi mprjob
8 16 2 13 10 11 15 5 1 14 7 12 3 4 6 9
3 17 1 -1 -1
1 17 -1 -1 -1
4 16 X 1 3
8 15 X 3 4
16 14 X 8 3
19 13 X 3 16
14 14 X 4 3
18 13 X 3 14
54 11 X 19 18
82 9 X 54 3
102 8 X 82 3
139 3 X 102 3
2 17 0 -1 -1
6 16 X 3 2
9 15 X 3 6
12 14 X 3 9
24 13 X 12 3
30 12 X 3 24
47 11 X 3 30
64 10 X 3 47
5 16 X 2 3
10 15 X 5 2
13 14 X 3 10
25 13 X 13 3
36 12 X 25 24
53 11 X 3 36
68 10 X 3 53
92 9 X 64 68
41 11 X 3 24
61 10 X 3 41
90 9 X 64 61
108 8 X 92 90
7 15 X 3 2
11 14 X 3 7
23 13 X 11 3
34 12 X 23 24
51 11 X 3 34
66 10 X 3 51
91 9 X 64 66
107 8 X 91 90
120 7 X 108 107
31 12 X 3 25
48 11 X 3 31
65 10 X 3 48
42 11 X 3 25
62 10 X 3 42
93 9 X 65 62
129 6 X 120 93
87 9 X 61 68
105 8 X 87 61
118 7 X 105 61
35 12 X 25 3
52 11 X 3 35
67 10 X 3 52
127 6 X 118 67
134 5 X 129 127
15 14 X 6 3
20 13 X 9 15
26 12 X 3 20
43 11 X 3 26
75 10 X 43 47
37 11 X 3 20
71 10 X 37 41
95 9 X 75 71
17 14 X 9 3
21 13 X 9 17
38 11 X 3 21
72 10 X 38 41
96 9 X 75 72
27 12 X 3 21
44 11 X 3 27
76 10 X 44 47
97 9 X 76 72
110 8 X 96 97
114 7 X 95 110
22 13 X 10 3
28 12 X 3 22
45 11 X 3 28
78 10 X 45 48
39 11 X 3 22
74 10 X 39 42
99 9 X 78 74
124 6 X 114 99
112 7 X 71 72
33 12 X 22 3
50 11 X 3 33
81 10 X 50 52
113 7 X 81 74
123 6 X 112 113
130 5 X 124 123
137 4 X 134 130
138 3 X 3 137
59 10 X 3 30
57 10 X 3 25
85 9 X 59 57
56 10 X 3 24
84 9 X 59 56
103 8 X 85 84
40 11 X 3 23
60 10 X 3 40
89 9 X 64 60
106 8 X 89 90
117 7 X 103 106
29 12 X 3 23
55 11 X 31 29
69 10 X 3 55
94 9 X 69 57
58 10 X 3 29
83 9 X 58 57
109 8 X 94 83
46 11 X 3 29
63 10 X 3 46
88 9 X 63 62
121 7 X 109 88
126 6 X 117 121
132 5 X 126 3
135 4 X 3 132
86 9 X 61 66
104 8 X 86 61
119 7 X 105 104
128 6 X 119 93
133 5 X 128 127
32 12 X 21 20
49 11 X 3 32
79 10 X 49 24
70 10 X 37 24
100 9 X 79 70
80 10 X 49 41
101 9 X 80 72
111 8 X 101 72
116 7 X 100 111
77 10 X 45 31
73 10 X 39 25
98 9 X 77 73
115 7 X 98 99
125 6 X 116 115
122 6 X 112 74
131 5 X 125 122
136 4 X 133 131
140 3 X 135 136
141 2 X 138 140
142 1 X 139 141
