83
qripca wspvmx uylccc tabuwd bhprhs lkrgyp yciaru psiuzs seukrh hcfase brxyfw ilzyzu mwotzf sbghhe
10 7 14 8 13 12 6 4 1 3 9 11 5 2
3 15 1 -1 -1
4 15 2 -1 -1
12 12 X 4 3
17 11 X 3 12
31 9 X 3 17
54 7 X 17 31
66 6 X 54 3
29 9 X 3 12
53 7 X 12 29
64 6 X 53 3
71 5 X 66 64
73 4 X 3 71
2 15 0 -1 -1
5 14 X 2 3
9 13 X 5 3
11 12 X 3 9
20 11 X 11 3
28 10 X 20 3
39 8 X 3 28
19 11 X 9 3
26 10 X 19 3
7 13 X 2 5
27 10 X 19 7
38 9 X 26 27
45 8 X 3 38
57 7 X 39 45
62 6 X 3 57
16 11 X 3 9
30 9 X 3 16
40 8 X 3 30
47 7 X 3 40
58 6 X 3 47
69 5 X 62 58
22 10 X 3 5
33 9 X 3 22
42 8 X 3 33
56 7 X 39 42
67 6 X 54 56
23 10 X 3 16
34 9 X 3 23
43 8 X 3 34
49 7 X 3 43
65 6 X 53 49
72 5 X 67 65
75 4 X 69 72
80 3 X 73 75
8 13 X 4 3
13 12 X 4 8
36 9 X 4 13
46 8 X 4 36
51 7 X 4 46
78 3 X 4 51
82 2 X 80 78
15 12 X 9 3
21 11 X 15 9
32 9 X 3 21
41 8 X 3 32
48 7 X 3 41
59 6 X 3 48
70 5 X 62 59
61 6 X 3 56
24 10 X 3 21
35 9 X 3 24
44 8 X 3 35
50 7 X 3 44
60 6 X 3 50
68 5 X 61 60
76 4 X 70 68
77 3 X 3 76
1 15 -1 -1 -1
6 14 X 4 1
10 13 X 6 3
14 12 X 6 10
37 9 X 6 14
52 7 X 6 37
18 11 X 6 4
25 10 X 6 18
55 7 X 25 37
63 6 X 52 55
74 4 X 52 63
79 3 X 6 74
81 2 X 77 79
83 1 X 82 81
