244
buypia yzjrwx jjgkvm nvgeul kyrjuz bdajio qpynbz skgksi oddzcg jfjtzm vbdipg vfqpas lwabxt tzcpcz idueuz oxknvv
6 12 5 8 9 14 1 10 13 7 3 16 4 11 2 15
3 17 1 -1 -1
2 17 0 -1 -1
11 15 X 2 3
25 14 X 3 11
47 13 X 25 3
8 16 X 3 2
16 15 X 8 3
30 14 X 3 16
53 13 X 30 3
83 11 X 47 53
115 10 X 83 3
137 9 X 3 115
1 17 -1 -1 -1
19 14 X 3 1
171 8 X 137 19
20 14 X 3 2
41 13 X 20 3
15 15 X 8 2
29 14 X 3 15
51 13 X 29 3
82 11 X 41 51
12 15 X 3 2
26 14 X 3 12
49 13 X 26 3
114 10 X 82 49
136 9 X 3 114
9 15 X 1 2
23 14 X 3 9
45 13 X 23 19
61 12 X 45 19
152 9 X 19 61
169 8 X 136 152
198 7 X 171 169
37 13 X 12 3
34 13 X 2 3
38 13 X 15 3
78 11 X 34 38
112 10 X 78 37
155 9 X 37 112
187 8 X 155 3
216 6 X 198 187
56 12 X 19 3
172 8 X 137 56
5 16 X 2 1
10 15 X 1 5
24 14 X 3 10
46 13 X 23 24
62 12 X 46 3
60 12 X 45 3
91 11 X 62 60
124 10 X 91 62
156 9 X 56 124
170 8 X 136 156
199 7 X 172 170
217 6 X 199 187
229 5 X 216 217
84 11 X 49 3
116 10 X 84 49
138 9 X 3 116
65 12 X 49 3
93 11 X 65 3
126 10 X 93 65
147 9 X 3 126
173 8 X 138 147
193 7 X 3 173
81 11 X 37 3
113 10 X 81 37
161 8 X 113 3
212 6 X 193 161
6 16 X 2 3
13 15 X 3 6
27 14 X 3 13
50 13 X 26 27
67 12 X 50 3
94 11 X 67 3
127 10 X 94 67
148 9 X 3 127
174 8 X 138 148
194 7 X 3 174
213 6 X 194 161
227 5 X 212 213
235 4 X 229 227
14 15 X 6 3
28 14 X 3 14
48 13 X 25 28
64 12 X 48 47
92 11 X 64 53
125 10 X 92 3
146 9 X 3 125
183 8 X 146 19
22 14 X 3 6
42 13 X 20 22
58 12 X 42 41
52 13 X 29 27
88 11 X 58 52
69 12 X 50 49
96 11 X 69 50
121 10 X 88 96
143 9 X 3 121
63 12 X 46 19
153 9 X 19 63
179 8 X 143 153
204 7 X 183 179
220 6 X 204 3
87 11 X 58 51
120 10 X 87 96
142 9 X 3 120
178 8 X 142 156
201 7 X 172 178
54 12 X 3 47
55 12 X 3 53
85 11 X 54 55
117 10 X 85 3
139 9 X 3 117
175 8 X 139 3
68 12 X 50 41
66 12 X 49 51
95 11 X 68 66
128 10 X 95 96
149 9 X 3 128
184 8 X 149 3
202 7 X 175 184
219 6 X 201 202
230 5 X 220 219
74 11 X 26 3
107 10 X 74 26
135 9 X 3 107
57 12 X 26 3
86 11 X 57 3
118 10 X 86 57
140 9 X 3 118
168 8 X 135 140
192 7 X 3 168
210 6 X 192 3
167 8 X 135 3
191 7 X 3 167
211 6 X 192 191
226 5 X 210 211
236 4 X 230 226
240 3 X 235 236
71 12 X 52 51
89 11 X 58 71
122 10 X 89 3
144 9 X 3 122
103 10 X 63 19
154 9 X 19 103
181 8 X 144 154
205 7 X 183 181
180 8 X 144 3
221 6 X 205 180
119 10 X 87 3
141 9 X 3 119
177 8 X 141 56
200 7 X 172 177
43 13 X 20 27
59 12 X 43 41
90 11 X 59 51
123 10 X 90 3
145 9 X 3 123
182 8 X 145 3
176 8 X 141 3
203 7 X 182 176
218 6 X 200 203
231 5 X 221 218
72 11 X 3 1
105 10 X 72 3
99 10 X 1 3
159 8 X 105 99
17 14 X 1 3
39 13 X 17 3
73 11 X 3 39
106 10 X 73 3
100 10 X 39 3
160 8 X 106 100
208 6 X 159 160
224 5 X 159 208
237 4 X 231 224
101 10 X 53 3
132 9 X 3 101
163 8 X 132 19
104 10 X 71 3
134 9 X 3 104
166 8 X 134 154
195 7 X 163 166
214 6 X 195 3
164 8 X 132 56
98 11 X 71 51
130 10 X 98 3
151 9 X 3 130
186 8 X 151 56
196 7 X 164 186
102 10 X 55 3
133 9 X 3 102
165 8 X 133 3
70 12 X 50 51
97 11 X 70 66
129 10 X 97 3
150 9 X 3 129
185 8 X 150 3
197 7 X 165 185
215 6 X 196 197
228 5 X 214 215
234 4 X 228 224
241 3 X 237 234
243 2 X 240 241
32 13 X 1 19
7 16 X 3 1
31 14 X 7 1
33 13 X 1 31
76 11 X 32 33
108 10 X 76 32
40 13 X 19 31
77 11 X 32 40
75 11 X 32 19
110 10 X 77 75
157 9 X 108 110
188 7 X 1 157
206 6 X 1 188
222 5 X 1 206
18 14 X 1 9
131 9 X 1 18
162 8 X 131 1
190 7 X 1 162
209 6 X 190 1
225 5 X 209 190
232 4 X 222 225
238 3 X 1 232
4 16 X 1 3
21 14 X 3 4
35 13 X 4 21
36 13 X 4 31
79 11 X 35 36
109 10 X 76 79
44 13 X 21 31
80 11 X 35 44
111 10 X 77 80
158 9 X 109 111
189 7 X 1 158
207 6 X 1 189
223 5 X 1 207
233 4 X 223 1
239 3 X 1 233
242 2 X 238 239
244 1 X 243 242
