124
baodmm ofcbol foafpr dmpgyq mbvcea fquiia nagqdn txivwj arperd hnfyhp ajswdn ygforc bualuc dgzgyw lkcymb qlypwy
1 16 10 13 15 5 7 11 2 9 14 4 12 6 8 3
3 17 1 -1 -1
1 17 -1 -1 -1
25 13 X 3 1
42 12 X 25 1
8 16 X 3 1
41 12 X 3 8
56 11 X 41 3
77 8 X 3 56
91 7 X 42 77
5 16 X 1 3
26 13 X 3 5
54 11 X 26 3
74 9 X 3 54
28 13 X 8 1
43 12 X 26 28
59 11 X 43 3
75 9 X 56 59
87 8 X 74 75
93 7 X 42 87
102 6 X 91 93
109 5 X 42 102
89 7 X 42 56
90 7 X 42 75
101 6 X 89 90
108 5 X 42 101
115 4 X 109 108
2 17 0 -1 -1
7 16 X 2 3
19 14 X 7 3
6 16 X 2 1
18 14 X 6 1
36 13 X 19 18
50 12 X 36 18
61 11 X 50 42
70 10 X 42 61
85 8 X 70 42
97 7 X 85 42
105 6 X 97 42
14 15 X 6 1
22 14 X 14 1
37 13 X 19 22
35 13 X 18 22
51 12 X 37 35
62 11 X 51 42
71 10 X 42 62
86 8 X 71 42
98 7 X 86 42
106 6 X 98 42
111 5 X 106 42
114 4 X 105 111
119 3 X 115 114
9 16 X 3 2
13 15 X 3 9
4 16 X 1 2
10 15 X 1 4
31 13 X 13 10
46 12 X 31 10
57 11 X 42 46
67 10 X 42 57
79 8 X 42 67
11 15 X 2 1
29 13 X 11 2
40 12 X 2 29
55 11 X 40 2
66 10 X 42 55
78 8 X 42 66
94 7 X 79 78
100 6 X 42 94
113 4 X 100 111
118 3 X 115 113
122 2 X 119 118
15 15 X 7 3
33 13 X 15 14
48 12 X 33 14
65 10 X 42 48
76 9 X 65 42
88 8 X 76 42
99 7 X 88 42
107 6 X 99 42
83 8 X 65 42
47 12 X 33 1
27 13 X 7 6
44 12 X 27 1
60 11 X 47 44
69 10 X 42 60
84 8 X 69 42
96 7 X 83 84
104 6 X 96 42
112 5 X 107 104
117 4 X 112 42
121 3 X 115 117
24 14 X 15 7
23 14 X 14 6
39 13 X 24 23
32 13 X 14 23
53 12 X 39 32
45 12 X 27 6
64 11 X 53 45
73 10 X 42 64
82 8 X 42 73
92 7 X 42 82
17 14 X 3 13
16 14 X 1 10
34 13 X 17 16
49 12 X 34 16
58 11 X 42 49
68 10 X 42 58
80 8 X 42 68
12 15 X 2 3
21 14 X 12 2
20 14 X 11 2
38 13 X 21 20
30 13 X 11 20
52 12 X 38 30
63 11 X 52 2
72 10 X 42 63
81 8 X 42 72
95 7 X 80 81
103 6 X 92 95
110 5 X 42 103
116 4 X 110 42
120 3 X 115 116
123 2 X 121 120
124 1 X 122 123
