616
oletqp ictgso cpkuoh vghnvz ntdxhq ntgcox azzbqq mciuhj wckkhn fyuddg khmpgp syuqvt vlglzx xwpsvg yigpoz xuhozi
2 15 5 14 7 3 4 1 11 6 13 9 16 10 8 12
1 17 -1 -1 -1
4 17 2 -1 -1
7 16 X 1 4
17 15 X 1 7
64 14 X 17 7
156 12 X 1 64
3 17 1 -1 -1
6 16 X 1 3
16 15 X 1 6
13 15 X 1 3
62 14 X 16 13
109 13 X 16 62
60 14 X 6 3
107 13 X 6 60
234 12 X 109 107
356 10 X 156 234
476 9 X 356 1
329 10 X 3 107
328 10 X 3 1
444 9 X 329 328
524 8 X 476 444
354 10 X 156 3
470 9 X 354 1
418 9 X 3 328
518 8 X 470 418
556 7 X 524 518
425 9 X 156 1
581 6 X 556 425
2 17 0 -1 -1
5 16 X 1 2
15 15 X 1 5
41 14 X 1 15
84 13 X 1 41
168 12 X 1 84
333 10 X 3 168
447 9 X 329 333
419 9 X 3 333
543 7 X 447 419
330 10 X 3 156
455 9 X 330 333
572 6 X 543 455
598 5 X 581 572
355 10 X 156 107
8 16 X 2 1
30 15 X 8 1
79 13 X 1 30
164 12 X 1 79
281 11 X 164 1
31 15 X 8 2
80 13 X 1 31
165 12 X 1 80
12 15 X 1 2
76 13 X 1 12
161 12 X 1 76
282 11 X 165 161
387 10 X 281 282
475 9 X 355 387
331 10 X 3 161
445 9 X 329 331
523 8 X 475 445
555 7 X 523 518
580 6 X 555 425
77 13 X 1 15
162 12 X 1 77
332 10 X 3 162
446 9 X 329 332
542 7 X 446 418
454 9 X 330 328
571 6 X 542 454
597 5 X 580 571
75 13 X 1 8
160 12 X 1 75
37 14 X 1 4
104 13 X 4 37
18 15 X 1 8
10 16 X 2 4
19 15 X 1 10
72 14 X 18 19
106 13 X 4 72
231 12 X 104 106
273 11 X 160 231
386 10 X 281 273
474 9 X 355 386
78 13 X 1 18
163 12 X 1 78
280 11 X 163 231
338 10 X 3 280
449 9 X 329 338
522 8 X 474 449
135 13 X 64 17
175 12 X 1 135
246 11 X 1 175
326 10 X 1 246
472 9 X 354 326
337 10 X 3 246
420 9 X 3 337
520 8 X 472 420
554 7 X 522 520
102 13 X 4 1
229 12 X 104 102
247 11 X 1 229
327 10 X 1 247
429 9 X 156 327
132 13 X 64 1
172 12 X 1 132
245 11 X 1 172
325 10 X 1 245
427 9 X 156 325
540 7 X 429 427
579 6 X 554 540
14 15 X 1 4
40 14 X 1 14
105 13 X 4 40
244 11 X 1 105
335 10 X 3 244
448 9 X 329 335
544 7 X 448 420
243 11 X 1 102
334 10 X 3 243
456 9 X 330 334
336 10 X 3 245
457 9 X 330 336
547 7 X 456 457
573 6 X 544 547
596 5 X 579 573
607 4 X 597 596
610 3 X 598 607
504 8 X 425 454
568 6 X 504 425
47 14 X 3 2
94 13 X 3 47
20 15 X 2 3
49 14 X 3 20
95 13 X 3 49
220 12 X 94 95
207 12 X 47 49
314 11 X 220 207
36 14 X 1 2
81 13 X 1 36
63 14 X 17 2
138 13 X 64 63
213 12 X 81 138
202 12 X 36 63
306 11 X 213 202
403 10 X 314 306
9 16 X 2 3
33 15 X 9 2
54 14 X 3 33
100 13 X 3 54
34 15 X 9 3
55 14 X 3 34
101 13 X 3 55
228 12 X 100 101
211 12 X 54 55
323 11 X 228 211
46 14 X 1 31
87 13 X 1 46
261 11 X 87 46
416 10 X 323 261
497 9 X 403 416
23 15 X 3 2
51 14 X 3 23
97 13 X 3 51
221 12 X 97 3
209 12 X 51 3
315 11 X 221 209
39 14 X 1 12
83 13 X 1 39
28 15 X 7 2
69 14 X 17 28
141 13 X 64 69
217 12 X 83 141
204 12 X 39 69
311 11 X 217 204
405 10 X 315 311
252 11 X 83 39
404 10 X 315 252
498 9 X 405 404
535 8 X 497 498
591 5 X 568 535
117 13 X 49 47
208 12 X 47 117
266 11 X 94 208
374 10 X 266 306
114 13 X 47 54
120 13 X 49 55
240 12 X 114 120
324 11 X 228 240
111 13 X 36 46
262 11 X 87 111
417 10 X 324 262
483 9 X 374 417
113 13 X 47 51
118 13 X 49 51
238 12 X 113 118
269 11 X 97 238
110 13 X 36 39
131 13 X 63 69
235 12 X 110 131
312 11 X 217 235
382 10 X 269 312
116 13 X 49 3
237 12 X 113 116
316 11 X 221 237
253 11 X 83 110
406 10 X 316 253
489 9 X 382 406
529 8 X 483 489
590 5 X 568 529
604 4 X 591 590
21 15 X 2 7
68 14 X 17 21
140 13 X 64 68
180 12 X 1 140
158 12 X 1 68
295 11 X 180 158
178 12 X 1 138
155 12 X 1 63
292 11 X 178 155
393 10 X 295 292
45 14 X 1 30
86 13 X 1 45
170 12 X 1 86
289 11 X 170 1
171 12 X 1 87
152 12 X 1 39
290 11 X 171 152
391 10 X 289 290
491 9 X 393 391
181 12 X 1 141
159 12 X 1 69
296 11 X 181 159
340 10 X 3 296
167 12 X 1 83
285 11 X 167 152
339 10 X 3 285
462 9 X 340 339
534 8 X 491 462
563 7 X 534 504
585 6 X 563 425
223 12 X 97 95
318 11 X 223 209
216 12 X 83 138
310 11 X 216 204
409 10 X 318 310
227 12 X 97 101
322 11 X 227 209
215 12 X 83 87
308 11 X 215 39
414 10 X 322 308
501 9 X 409 414
538 8 X 501 498
566 7 X 538 454
588 6 X 566 454
603 5 X 585 588
65 14 X 17 10
139 13 X 64 65
179 12 X 1 139
35 15 X 10 7
71 14 X 17 35
148 13 X 71 65
186 12 X 1 148
294 11 X 179 186
157 12 X 1 65
293 11 X 179 157
392 10 X 294 293
38 14 X 1 8
82 13 X 1 38
166 12 X 1 82
27 15 X 4 10
59 14 X 4 27
43 14 X 1 19
129 13 X 59 43
233 12 X 104 129
284 11 X 166 233
390 10 X 289 284
490 9 X 392 390
24 15 X 3 9
52 14 X 3 24
98 13 X 3 52
195 12 X 3 98
122 13 X 55 52
200 12 X 3 122
303 11 X 195 200
29 15 X 7 10
70 14 X 17 29
142 13 X 64 70
182 12 X 1 142
144 13 X 65 70
184 12 X 1 144
297 11 X 182 184
402 10 X 303 297
121 13 X 55 3
199 12 X 3 121
248 11 X 3 199
42 14 X 1 18
85 13 X 1 42
169 12 X 1 85
57 14 X 4 10
125 13 X 57 43
232 12 X 104 125
288 11 X 169 232
366 10 X 248 288
496 9 X 402 366
533 8 X 490 496
428 9 X 156 326
458 9 X 330 337
505 8 X 428 458
562 7 X 533 505
584 6 X 562 540
11 16 X 3 2
22 15 X 2 11
50 14 X 3 22
96 13 X 3 50
224 12 X 97 96
25 15 X 3 11
53 14 X 3 25
99 13 X 3 53
210 12 X 51 99
319 11 X 224 210
410 10 X 319 310
26 15 X 4 2
58 14 X 4 26
127 13 X 58 39
309 11 X 215 127
415 10 X 322 309
502 9 X 410 415
225 12 X 97 99
119 13 X 49 53
239 12 X 113 119
320 11 X 225 239
411 10 X 320 312
56 14 X 4 2
123 13 X 56 39
254 11 X 83 123
407 10 X 316 254
503 9 X 411 407
539 8 X 502 503
567 7 X 539 458
589 6 X 567 547
602 5 X 584 589
609 4 X 603 602
612 3 X 604 609
614 2 X 610 612
196 12 X 3 99
365 10 X 196 168
453 9 X 329 365
424 9 X 3 365
546 7 X 453 424
461 9 X 330 365
576 6 X 546 461
599 5 X 581 576
477 9 X 356 282
91 13 X 3 23
191 12 X 3 91
360 10 X 191 161
450 9 X 329 360
525 8 X 477 450
471 9 X 354 161
421 9 X 3 360
519 8 X 471 421
557 7 X 525 519
426 9 X 156 161
582 6 X 557 426
93 13 X 3 25
193 12 X 3 93
363 10 X 193 162
452 9 X 329 363
423 9 X 3 363
545 7 X 452 423
459 9 X 330 363
575 6 X 545 459
600 5 X 582 575
272 11 X 160 163
385 10 X 272 273
478 9 X 356 385
92 13 X 3 24
192 12 X 3 92
362 10 X 192 280
451 9 X 329 362
526 8 X 478 451
136 13 X 64 19
176 12 X 1 136
277 11 X 163 176
358 10 X 163 277
473 9 X 354 358
361 10 X 192 277
422 9 X 3 361
521 8 X 473 422
558 7 X 526 521
103 13 X 4 18
230 12 X 104 103
279 11 X 163 230
359 10 X 163 279
431 9 X 156 359
133 13 X 64 12
173 12 X 1 133
275 11 X 161 173
357 10 X 161 275
430 9 X 156 357
541 7 X 431 430
583 6 X 558 541
134 13 X 64 15
174 12 X 1 134
276 11 X 162 174
364 10 X 193 276
460 9 X 330 364
548 7 X 456 460
574 6 X 544 548
601 5 X 583 574
608 4 X 600 601
611 3 X 599 608
265 11 X 94 47
373 10 X 265 306
270 11 X 100 54
383 10 X 270 261
481 9 X 373 383
267 11 X 97 51
378 10 X 267 311
375 10 X 267 252
484 9 X 378 375
527 8 X 481 484
344 10 X 47 202
348 10 X 54 46
464 9 X 344 348
346 10 X 51 204
345 10 X 51 39
466 9 X 346 345
514 8 X 464 466
559 7 X 527 514
569 6 X 527 559
592 5 X 568 569
271 11 X 100 114
384 10 X 271 262
482 9 X 373 384
268 11 X 97 113
381 10 X 268 312
379 10 X 268 253
487 9 X 381 379
528 8 X 482 487
353 10 X 114 111
465 9 X 344 353
352 10 X 113 235
351 10 X 113 110
469 9 X 352 351
515 8 X 465 469
560 7 X 528 515
570 6 X 528 560
593 5 X 568 570
605 4 X 592 593
437 9 X 292 290
194 12 X 3 97
190 12 X 3 51
301 11 X 194 190
399 10 X 301 296
398 10 X 301 285
494 9 X 399 398
509 8 X 437 494
436 9 X 292 285
189 12 X 3 23
299 11 X 191 189
61 14 X 12 28
137 13 X 64 61
177 12 X 1 137
154 12 X 1 61
291 11 X 177 154
395 10 X 299 291
151 12 X 1 12
274 11 X 161 151
394 10 X 299 274
492 9 X 395 394
508 8 X 436 492
550 7 X 509 508
440 9 X 306 252
442 9 X 311 252
512 8 X 440 442
433 9 X 202 39
201 12 X 12 61
432 9 X 201 12
506 8 X 433 432
552 7 X 512 506
577 6 X 550 552
222 12 X 97 94
317 11 X 222 51
408 10 X 317 310
226 12 X 97 100
321 11 X 226 51
412 10 X 321 308
499 9 X 408 412
536 8 X 499 484
263 11 X 91 23
212 12 X 76 137
304 11 X 212 201
370 10 X 263 304
250 11 X 76 12
369 10 X 263 250
479 9 X 370 369
530 8 X 484 479
564 7 X 536 530
342 10 X 23 201
341 10 X 23 12
463 9 X 342 341
516 8 X 466 463
549 7 X 484 516
586 6 X 564 549
594 5 X 577 586
153 12 X 1 42
283 11 X 166 153
388 10 X 283 284
438 9 X 293 388
48 14 X 3 9
115 13 X 48 52
198 12 X 3 115
302 11 X 195 198
401 10 X 302 297
400 10 X 302 288
495 9 X 401 400
510 8 X 438 495
286 11 X 169 153
67 14 X 17 19
147 13 X 70 67
185 12 X 1 147
287 11 X 169 185
389 10 X 286 287
439 9 X 293 389
108 13 X 9 24
197 12 X 3 108
300 11 X 192 197
73 14 X 19 29
143 13 X 64 73
183 12 X 1 143
32 15 X 8 10
74 14 X 32 10
150 13 X 74 73
188 12 X 1 150
298 11 X 183 188
397 10 X 300 298
149 13 X 74 19
187 12 X 1 149
278 11 X 163 187
396 10 X 300 278
493 9 X 397 396
511 8 X 439 493
551 7 X 510 511
214 12 X 82 139
203 12 X 38 65
307 11 X 214 203
257 11 X 85 42
44 14 X 1 27
130 13 X 59 44
128 13 X 59 42
242 12 X 130 128
260 11 X 85 242
367 10 X 257 260
441 9 X 307 367
218 12 X 85 142
112 13 X 38 42
236 12 X 112 144
313 11 X 218 236
258 11 X 85 112
126 13 X 57 44
124 13 X 57 42
241 12 X 126 124
259 11 X 85 241
368 10 X 258 259
443 9 X 313 368
513 8 X 441 443
145 13 X 69 39
205 12 X 39 145
249 11 X 39 205
343 10 X 39 249
434 9 X 202 343
88 13 X 2 12
90 13 X 2 61
219 12 X 88 90
435 9 X 219 88
507 8 X 434 435
553 7 X 513 507
578 6 X 551 553
413 10 X 321 309
500 9 X 408 413
380 10 X 268 254
488 9 X 381 380
537 8 X 500 488
66 14 X 17 12
146 13 X 69 66
206 12 X 39 146
256 11 X 83 206
377 10 X 267 256
486 9 X 378 377
89 13 X 2 23
264 11 X 91 89
305 11 X 212 219
372 10 X 264 305
251 11 X 76 88
371 10 X 264 251
480 9 X 372 371
532 8 X 486 480
565 7 X 537 532
255 11 X 83 127
376 10 X 267 255
485 9 X 378 376
531 8 X 485 488
347 10 X 51 249
467 9 X 346 347
350 10 X 89 219
349 10 X 89 88
468 9 X 350 349
517 8 X 467 468
561 7 X 531 517
587 6 X 565 561
595 5 X 578 587
606 4 X 594 595
613 3 X 605 606
615 2 X 611 613
616 1 X 614 615
