1317
heluup tldntl yizdeg jkokva ykgjvz udqthl pfxmdz iidlwo lsaajj tjhuol qaidnp mfasbp wqobsa qfhaur ztznkf rbzzni bloulh hkpkej elbgbk fjbnlg
17 11 20 14 19 4 10 18 15 1 2 7 6 12 8 16 13 3 5 9
4 21 2 -1 -1
1 21 -1 -1 -1
8 20 X 4 1
106 17 X 8 4
206 16 X 106 8
461 13 X 8 206
160 16 X 4 8
647 12 X 461 160
794 11 X 647 1
2 21 0 -1 -1
99 17 X 2 8
98 17 X 2 4
201 16 X 98 99
479 13 X 99 201
659 12 X 479 160
30 18 X 1 2
808 11 X 659 30
964 10 X 808 794
1042 9 X 794 964
10 19 X 1 2
33 18 X 1 10
86 17 X 1 33
158 16 X 1 86
84 17 X 1 30
157 16 X 1 84
599 12 X 158 157
795 11 X 647 599
955 10 X 795 794
1041 9 X 794 955
1149 8 X 1042 1041
6 20 X 1 4
44 18 X 6 1
90 17 X 1 44
194 16 X 90 1
38 18 X 4 1
88 17 X 1 38
192 16 X 88 1
298 15 X 194 192
573 12 X 1 298
754 11 X 573 1
47 18 X 8 1
91 17 X 1 47
195 16 X 91 1
267 15 X 1 195
402 14 X 267 298
581 12 X 1 402
755 11 X 573 581
929 10 X 754 755
25 19 X 6 4
12 19 X 1 4
73 18 X 25 12
95 17 X 1 73
199 16 X 95 1
42 18 X 4 12
89 17 X 1 42
193 16 X 89 1
302 15 X 199 193
577 12 X 1 302
761 11 X 577 1
14 19 X 1 8
83 17 X 1 14
189 16 X 83 1
52 18 X 8 14
92 17 X 1 52
196 16 X 92 1
297 15 X 189 196
424 14 X 297 302
585 12 X 1 424
762 11 X 577 585
932 10 X 761 762
1076 9 X 929 932
1222 7 X 1149 1076
309 15 X 206 8
462 13 X 8 309
289 15 X 160 8
648 12 X 462 289
796 11 X 648 1
304 15 X 201 99
481 13 X 99 304
661 12 X 481 289
810 11 X 661 2
968 10 X 810 796
1045 9 X 796 968
81 17 X 1 10
156 16 X 1 81
79 17 X 1 2
155 16 X 1 79
598 12 X 156 155
797 11 X 648 598
957 10 X 797 796
1043 9 X 796 957
1150 8 X 1045 1043
299 15 X 194 195
574 12 X 1 299
756 11 X 574 1
403 14 X 267 299
582 12 X 1 403
757 11 X 574 582
930 10 X 756 757
303 15 X 199 196
578 12 X 1 303
763 11 X 578 1
425 14 X 297 303
586 12 X 1 425
764 11 X 578 586
933 10 X 763 764
1077 9 X 930 933
1223 7 X 1150 1077
1270 6 X 1222 1223
97 17 X 2 1
597 12 X 97 1
771 11 X 597 30
5 20 X 1 2
32 18 X 1 5
131 17 X 32 1
118 17 X 30 1
226 16 X 131 118
374 14 X 131 226
182 16 X 32 30
358 14 X 32 182
534 13 X 374 358
181 16 X 32 1
387 14 X 181 182
458 13 X 1 387
692 12 X 534 458
180 16 X 30 1
385 14 X 180 30
594 12 X 30 385
837 11 X 692 594
938 10 X 771 837
1032 9 X 1 938
596 12 X 86 84
736 11 X 1 596
13 19 X 1 5
34 18 X 1 13
87 17 X 1 34
191 16 X 87 86
366 14 X 87 191
456 13 X 1 366
85 17 X 1 32
190 16 X 85 84
365 14 X 85 190
455 13 X 1 365
646 12 X 456 455
793 11 X 646 596
904 10 X 736 793
1030 9 X 1 904
1142 8 X 1032 1030
893 10 X 1 755
896 10 X 1 762
1057 9 X 893 896
1214 7 X 1142 1057
770 11 X 597 2
104 17 X 5 1
205 16 X 104 97
370 14 X 104 205
166 16 X 5 2
352 14 X 5 166
529 13 X 370 352
165 16 X 5 1
379 14 X 165 166
457 13 X 1 379
688 12 X 529 457
159 16 X 2 1
377 14 X 159 2
591 12 X 2 377
833 11 X 688 591
937 10 X 770 833
1031 9 X 1 937
595 12 X 81 79
735 11 X 1 595
82 17 X 1 13
188 16 X 82 81
364 14 X 82 188
454 13 X 1 364
80 17 X 1 5
187 16 X 80 79
363 14 X 80 187
453 13 X 1 363
645 12 X 454 453
792 11 X 645 595
903 10 X 735 792
1029 9 X 1 903
1141 8 X 1031 1029
894 10 X 1 757
897 10 X 1 764
1058 9 X 894 897
1213 7 X 1141 1058
1263 6 X 1214 1213
1294 5 X 1270 1263
460 13 X 8 1
747 11 X 460 1
15 19 X 2 1
59 18 X 15 2
150 17 X 59 1
285 15 X 150 118
480 13 X 99 285
660 12 X 480 460
809 11 X 660 30
966 10 X 809 747
1040 9 X 747 966
744 11 X 8 1
746 11 X 8 599
921 10 X 746 744
1037 9 X 744 921
1148 8 X 1040 1037
570 12 X 1 267
748 11 X 570 1
923 10 X 748 570
572 12 X 1 297
751 11 X 572 1
927 10 X 751 572
1073 9 X 923 927
1221 7 X 1148 1073
478 13 X 99 97
658 12 X 478 460
807 11 X 658 2
962 10 X 807 747
1038 9 X 747 962
745 11 X 8 598
919 10 X 745 744
1035 9 X 744 919
1146 8 X 1038 1035
1219 7 X 1146 1073
1269 6 X 1221 1219
477 13 X 97 285
657 12 X 477 1
806 11 X 657 30
961 10 X 806 837
1034 9 X 1 961
1145 8 X 1034 1030
881 10 X 1 570
883 10 X 1 572
1047 9 X 881 883
1217 7 X 1145 1047
1212 7 X 1141 1047
1266 6 X 1217 1212
1293 5 X 1269 1266
1306 4 X 1294 1293
270 15 X 8 2
274 15 X 8 99
406 14 X 270 274
307 15 X 206 2
314 15 X 206 201
427 14 X 307 314
551 13 X 406 427
347 14 X 2 160
727 12 X 551 347
255 15 X 1 30
600 12 X 255 30
873 11 X 727 600
1023 10 X 873 794
9 20 X 4 2
51 18 X 8 9
148 17 X 51 8
48 18 X 8 2
147 17 X 48 8
245 16 X 148 147
375 14 X 148 245
41 18 X 4 9
149 17 X 51 41
247 16 X 149 51
246 16 X 149 48
393 14 X 247 246
536 13 X 375 393
184 16 X 41 8
185 16 X 41 48
389 14 X 184 185
484 13 X 160 389
694 12 X 536 484
839 11 X 694 594
965 10 X 808 839
1126 9 X 1023 965
407 14 X 274 8
433 14 X 314 206
555 13 X 407 433
391 14 X 201 160
731 12 X 555 391
263 15 X 1 118
612 12 X 263 118
877 11 X 731 612
1027 10 X 877 794
29 19 X 8 9
55 18 X 8 29
113 17 X 8 55
210 16 X 106 113
27 19 X 8 2
54 18 X 8 27
112 17 X 8 54
209 16 X 106 112
392 14 X 210 209
472 13 X 8 392
111 17 X 8 51
164 16 X 4 111
110 17 X 8 48
163 16 X 4 110
378 14 X 164 163
483 13 X 160 378
653 12 X 472 483
802 11 X 653 599
956 10 X 795 802
1130 9 X 1027 956
1198 8 X 1126 1130
251 15 X 1 2
262 15 X 1 97
394 14 X 251 262
350 14 X 2 298
631 12 X 394 350
780 11 X 631 600
947 10 X 780 755
611 12 X 262 302
773 11 X 611 600
264 15 X 1 131
269 15 X 1 226
401 14 X 264 269
257 15 X 1 32
265 15 X 1 182
396 14 X 257 265
547 13 X 401 396
23 19 X 5 9
74 18 X 25 23
143 17 X 32 74
241 16 X 143 1
43 18 X 4 23
134 17 X 32 43
230 16 X 134 1
332 15 X 241 230
501 13 X 302 332
723 12 X 547 501
57 18 X 14 2
125 17 X 30 57
221 16 X 125 1
124 17 X 30 48
219 16 X 124 1
323 15 X 221 219
72 18 X 25 2
129 17 X 30 72
224 16 X 129 1
39 18 X 4 2
120 17 X 30 39
214 16 X 120 1
325 15 X 224 214
438 14 X 323 325
607 12 X 255 438
869 11 X 723 607
940 10 X 773 869
1081 9 X 947 940
398 14 X 262 1
102 17 X 2 44
203 16 X 102 97
101 17 X 2 38
202 16 X 101 97
305 15 X 203 202
426 14 X 305 298
633 12 X 398 426
782 11 X 633 612
950 10 X 782 755
1084 9 X 950 932
1169 8 X 1081 1084
1254 7 X 1198 1169
114 17 X 9 8
211 16 X 114 99
372 14 X 114 211
175 16 X 9 2
357 14 X 9 175
532 13 X 372 357
176 16 X 9 8
384 14 X 176 175
494 13 X 289 384
691 12 X 532 494
836 11 X 691 591
969 10 X 810 836
1046 9 X 796 969
109 17 X 8 29
208 16 X 106 109
170 16 X 8 109
320 15 X 208 170
108 17 X 8 27
207 16 X 106 108
169 16 X 8 108
318 15 X 207 169
436 14 X 320 318
475 13 X 8 436
107 17 X 8 9
162 16 X 4 107
168 16 X 8 107
291 15 X 162 168
105 17 X 8 2
161 16 X 4 105
167 16 X 8 105
290 15 X 161 167
419 14 X 291 290
495 13 X 289 419
656 12 X 475 495
805 11 X 656 598
958 10 X 797 805
1044 9 X 796 958
1151 8 X 1046 1044
1224 7 X 1151 1077
1286 6 X 1254 1224
345 14 X 2 1
630 12 X 394 345
779 11 X 630 600
397 14 X 257 269
543 13 X 397 396
386 14 X 181 1
537 13 X 386 387
703 12 X 543 537
604 12 X 255 385
849 11 X 703 604
945 10 X 779 849
1079 9 X 945 938
367 14 X 97 1
632 12 X 398 367
781 11 X 632 612
400 14 X 264 1
546 13 X 400 401
373 14 X 131 1
533 13 X 373 374
715 12 X 546 533
861 11 X 715 612
948 10 X 781 861
1082 9 X 948 904
1167 8 X 1079 1082
46 18 X 6 5
136 17 X 32 46
233 16 X 136 1
40 18 X 4 5
133 17 X 32 40
229 16 X 133 1
329 15 X 233 229
441 14 X 329 298
568 13 X 441 329
707 12 X 543 568
293 15 X 180 219
45 18 X 6 2
122 17 X 30 45
217 16 X 122 1
322 15 X 217 214
420 14 X 293 322
605 12 X 255 420
853 11 X 707 605
946 10 X 779 853
610 12 X 262 1
772 11 X 610 600
939 10 X 772 869
1080 9 X 946 939
135 17 X 32 44
232 16 X 135 131
132 17 X 32 38
228 16 X 132 131
328 15 X 232 228
439 14 X 328 298
231 16 X 135 118
227 16 X 132 118
327 15 X 231 227
440 14 X 328 327
567 13 X 439 440
717 12 X 546 567
123 17 X 30 47
218 16 X 123 118
283 15 X 118 218
121 17 X 30 44
216 16 X 121 118
119 17 X 30 38
213 16 X 119 118
321 15 X 216 213
413 14 X 283 321
614 12 X 263 413
863 11 X 717 614
949 10 X 781 863
1083 9 X 949 896
1168 8 X 1080 1083
1236 7 X 1167 1168
1271 6 X 1236 1213
1302 5 X 1286 1271
395 14 X 255 263
550 13 X 406 395
346 14 X 2 8
279 15 X 59 30
410 14 X 279 1
511 13 X 346 410
726 12 X 550 511
872 11 X 726 600
1022 10 X 872 747
535 13 X 375 358
471 13 X 8 387
693 12 X 535 471
838 11 X 693 594
967 10 X 809 838
1125 9 X 1022 967
275 15 X 8 147
408 14 X 275 8
554 13 X 407 408
369 14 X 99 8
18 19 X 2 8
62 18 X 18 2
154 17 X 62 8
287 15 X 154 147
418 14 X 287 8
528 13 X 369 418
730 12 X 554 528
876 11 X 730 612
1026 10 X 876 744
174 16 X 8 113
173 16 X 8 112
383 14 X 174 173
470 13 X 8 383
172 16 X 8 111
171 16 X 8 110
382 14 X 172 171
469 13 X 8 382
652 12 X 470 469
801 11 X 652 599
922 10 X 746 801
1129 9 X 1026 922
1197 8 X 1125 1129
542 13 X 394 395
348 14 X 2 267
220 16 X 124 30
280 15 X 59 220
411 14 X 280 267
514 13 X 348 411
701 12 X 542 514
847 11 X 701 600
1008 10 X 847 570
487 13 X 262 263
670 12 X 487 297
818 11 X 670 600
58 18 X 14 23
140 17 X 32 58
238 16 X 140 1
53 18 X 8 23
139 17 X 32 53
237 16 X 139 1
330 15 X 238 237
499 13 X 297 330
721 12 X 547 499
603 12 X 255 323
867 11 X 721 603
982 10 X 818 867
1111 9 X 1008 982
399 14 X 263 1
545 13 X 398 399
103 17 X 2 47
204 16 X 103 97
282 15 X 97 204
412 14 X 282 267
286 15 X 150 218
417 14 X 286 267
560 13 X 412 417
713 12 X 545 560
859 11 X 713 612
1018 10 X 859 570
1121 9 X 1018 927
1193 8 X 1111 1121
1253 7 X 1197 1193
531 13 X 372 352
466 13 X 8 379
690 12 X 531 466
835 11 X 690 591
963 10 X 807 835
1039 9 X 747 963
381 14 X 170 169
468 13 X 8 381
380 14 X 168 167
467 13 X 8 380
651 12 X 468 467
800 11 X 651 598
920 10 X 745 800
1036 9 X 744 920
1147 8 X 1039 1036
1220 7 X 1147 1073
1285 6 X 1253 1220
509 13 X 345 410
700 12 X 542 509
846 11 X 700 600
1005 10 X 846 849
1108 9 X 1005 961
416 14 X 285 1
526 13 X 367 416
712 12 X 545 526
858 11 X 712 612
1015 10 X 858 861
1118 9 X 1015 904
1190 8 X 1108 1118
50 18 X 8 5
138 17 X 32 50
236 16 X 138 1
295 15 X 181 236
422 14 X 295 267
562 13 X 422 295
704 12 X 543 562
601 12 X 255 293
850 11 X 704 601
1006 10 X 846 850
669 12 X 487 1
817 11 X 669 600
980 10 X 817 867
1109 9 X 1006 980
137 17 X 32 47
235 16 X 137 131
284 15 X 131 235
414 14 X 284 267
234 16 X 137 118
326 15 X 226 234
415 14 X 284 326
561 13 X 414 415
716 12 X 546 561
613 12 X 263 283
862 11 X 716 613
1016 10 X 858 862
1119 9 X 1016 883
1191 8 X 1109 1119
1249 7 X 1190 1191
1280 6 X 1249 1212
1301 5 X 1285 1280
1310 4 X 1302 1301
1314 3 X 1306 1310
1202 7 X 794 1076
1203 7 X 796 1077
1259 6 X 1202 1203
1200 7 X 1 1057
1201 7 X 1 1058
1257 6 X 1200 1201
1287 5 X 1259 1257
1135 8 X 747 744
1209 7 X 1135 1073
3 21 1 -1 -1
28 19 X 8 3
37 18 X 3 28
360 14 X 37 8
592 12 X 8 360
11 19 X 1 3
36 18 X 3 11
359 14 X 36 1
579 12 X 1 359
768 11 X 592 579
915 10 X 744 768
20 19 X 3 8
65 18 X 20 8
362 14 X 65 8
524 13 X 362 8
593 12 X 8 524
19 19 X 3 1
63 18 X 19 1
361 14 X 63 1
523 13 X 361 1
589 12 X 1 523
769 11 X 593 589
916 10 X 744 769
1069 9 X 915 916
1136 8 X 747 1069
1210 7 X 1136 1073
1262 6 X 1209 1210
1199 7 X 1 1047
183 16 X 36 3
388 14 X 183 1
580 12 X 1 388
884 10 X 1 580
186 16 X 63 19
390 14 X 186 1
538 13 X 390 1
590 12 X 1 538
887 10 X 1 590
1048 9 X 884 887
1134 8 X 1 1048
1207 7 X 1134 1047
1255 6 X 1199 1207
1290 5 X 1262 1255
1303 4 X 1287 1290
549 13 X 406 206
512 13 X 347 160
725 12 X 549 512
485 13 X 255 1
476 13 X 30 1
662 12 X 485 476
871 11 X 725 662
1021 10 X 871 794
492 13 X 274 206
674 12 X 492 160
821 11 X 674 662
276 15 X 8 148
277 15 X 8 245
409 14 X 276 277
317 15 X 206 247
316 15 X 206 246
435 14 X 317 316
558 13 X 409 435
734 12 X 558 484
880 11 X 734 604
985 10 X 821 880
1124 9 X 1021 985
553 13 X 407 206
539 13 X 391 160
729 12 X 553 539
488 13 X 263 1
482 13 X 118 1
672 12 X 488 482
875 11 X 729 672
1025 10 X 875 794
1128 9 X 1025 794
1196 8 X 1124 1128
541 13 X 394 1
516 13 X 350 298
698 12 X 541 516
844 11 X 698 662
1002 10 X 844 755
486 13 X 262 1
667 12 X 486 302
815 11 X 667 662
978 10 X 815 869
1105 9 X 1002 978
544 13 X 398 1
565 13 X 426 298
711 12 X 544 565
857 11 X 711 672
1014 10 X 857 755
1117 9 X 1014 932
1186 8 X 1105 1117
1252 7 X 1196 1186
1284 6 X 1252 1203
508 13 X 345 1
695 12 X 541 508
840 11 X 695 662
993 10 X 840 849
664 12 X 486 1
811 11 X 664 662
718 12 X 547 458
864 11 X 718 604
970 10 X 811 864
1096 9 X 993 970
525 13 X 367 1
709 12 X 544 525
855 11 X 709 672
1010 10 X 855 861
1113 9 X 1010 1
1177 8 X 1096 1113
996 10 X 840 853
974 10 X 811 869
1099 9 X 996 974
1012 10 X 855 863
1115 9 X 1012 896
1180 8 X 1099 1115
1243 7 X 1177 1180
1274 6 X 1243 1201
1300 5 X 1284 1274
548 13 X 406 1
510 13 X 346 1
724 12 X 548 510
870 11 X 724 662
1020 10 X 870 747
491 13 X 274 1
673 12 X 491 460
820 11 X 673 662
557 13 X 409 396
733 12 X 557 471
879 11 X 733 604
984 10 X 820 879
1123 9 X 1020 984
552 13 X 407 8
527 13 X 369 8
728 12 X 552 527
874 11 X 728 672
1024 10 X 874 744
1127 9 X 1024 744
1195 8 X 1123 1127
26 19 X 8 1
75 18 X 26 1
96 17 X 1 75
200 16 X 96 1
268 15 X 1 200
513 13 X 348 268
696 12 X 541 513
842 11 X 696 662
489 13 X 267 268
587 12 X 1 489
1000 10 X 842 587
497 13 X 297 268
668 12 X 486 497
816 11 X 668 662
77 18 X 26 5
144 17 X 32 77
242 16 X 144 1
296 15 X 181 242
498 13 X 297 296
720 12 X 547 498
76 18 X 26 2
130 17 X 30 76
225 16 X 130 1
294 15 X 180 225
502 13 X 323 294
609 12 X 255 502
866 11 X 720 609
979 10 X 816 866
1103 9 X 1000 979
559 13 X 412 267
710 12 X 544 559
856 11 X 710 672
1013 10 X 856 570
1116 9 X 1013 927
1184 8 X 1103 1116
1251 7 X 1195 1184
766 11 X 587 1
934 10 X 766 587
588 12 X 1 497
767 11 X 588 1
935 10 X 767 588
1078 9 X 934 935
1166 8 X 1078 1073
1211 7 X 1136 1166
1283 6 X 1251 1211
563 13 X 422 296
705 12 X 543 563
496 13 X 293 294
608 12 X 255 496
851 11 X 705 608
994 10 X 840 851
972 10 X 811 866
1097 9 X 994 972
1011 10 X 855 862
1114 9 X 1011 883
1178 8 X 1097 1114
1242 7 X 1177 1178
885 10 X 1 587
886 10 X 1 588
1049 9 X 885 886
1152 8 X 1049 1047
1208 7 X 1134 1152
1273 6 X 1242 1208
1299 5 X 1283 1273
1309 4 X 1300 1299
1311 3 X 1303 1309
1316 2 X 1314 1311
960 10 X 806 1
1033 9 X 1 960
1144 8 X 1033 1041
1216 7 X 1144 1076
253 15 X 1 11
337 14 X 1 253
56 18 X 11 3
260 15 X 1 56
342 14 X 1 260
504 13 X 337 342
678 12 X 504 1
252 15 X 1 3
336 14 X 1 252
503 13 X 337 336
675 12 X 503 1
902 10 X 678 675
100 17 X 2 11
281 15 X 97 100
368 14 X 97 281
628 12 X 368 1
778 11 X 628 2
618 12 X 337 1
943 10 X 778 618
1064 9 X 902 943
272 15 X 8 28
355 14 X 8 272
78 18 X 28 3
313 15 X 206 78
432 14 X 309 313
521 13 X 355 432
686 12 X 521 289
831 11 X 686 678
308 15 X 206 3
428 14 X 309 308
519 13 X 355 428
684 12 X 519 289
828 11 X 684 675
991 10 X 831 828
310 15 X 206 28
429 14 X 309 310
520 13 X 355 429
685 12 X 520 289
115 17 X 11 10
177 16 X 11 115
288 15 X 156 177
376 14 X 156 288
629 12 X 376 155
830 11 X 685 629
829 11 X 685 618
989 10 X 830 829
1093 9 X 991 989
1159 8 X 1064 1093
679 12 X 504 299
827 11 X 679 678
676 12 X 503 299
677 12 X 503 403
824 11 X 676 677
988 10 X 827 824
619 12 X 337 303
776 11 X 619 618
620 12 X 337 425
777 11 X 619 620
942 10 X 776 777
1092 9 X 988 942
1231 7 X 1159 1092
1265 6 X 1216 1231
1218 7 X 1145 1057
35 18 X 1 19
258 15 X 1 35
340 14 X 1 258
448 13 X 1 340
639 12 X 448 1
254 15 X 1 19
338 14 X 1 254
446 13 X 1 338
634 12 X 446 1
899 10 X 639 634
1061 9 X 899 937
1060 9 X 899 903
1158 8 X 1061 1060
636 12 X 446 299
637 12 X 446 403
786 11 X 636 637
901 10 X 639 786
1063 9 X 901 897
1230 7 X 1158 1063
1268 6 X 1218 1230
1292 5 X 1265 1268
1143 8 X 1033 1037
1215 7 X 1143 1073
888 10 X 1 634
936 10 X 770 1
1051 9 X 888 936
271 15 X 8 20
354 14 X 8 271
463 13 X 8 354
649 12 X 463 8
798 11 X 649 634
917 10 X 744 798
1070 9 X 917 919
1153 8 X 1051 1070
635 12 X 446 267
924 10 X 748 635
1074 9 X 924 927
1225 7 X 1153 1074
1264 6 X 1215 1225
1052 9 X 888 937
1050 9 X 888 903
1154 8 X 1052 1050
889 10 X 1 635
1053 9 X 889 883
1226 7 X 1154 1053
1267 6 X 1217 1226
1291 5 X 1264 1267
1305 4 X 1292 1291
1004 10 X 846 1
1107 9 X 1004 961
146 17 X 48 4
244 16 X 146 147
315 15 X 206 244
434 14 X 315 206
556 13 X 407 434
16 19 X 2 4
60 18 X 16 2
153 17 X 60 4
250 16 X 153 154
145 17 X 39 4
243 16 X 145 147
335 15 X 250 243
445 14 X 335 160
540 13 X 391 445
732 12 X 556 540
878 11 X 732 612
1028 10 X 878 794
1131 9 X 1028 956
1189 8 X 1107 1131
17 19 X 2 6
61 18 X 17 2
152 17 X 59 61
249 16 X 152 59
215 16 X 120 30
334 15 X 249 215
444 14 X 334 298
517 13 X 350 444
702 12 X 542 517
848 11 X 702 600
1009 10 X 848 755
671 12 X 487 302
819 11 X 671 600
983 10 X 819 869
1112 9 X 1009 983
151 17 X 59 44
248 16 X 151 150
333 15 X 248 213
443 14 X 333 298
566 13 X 426 443
714 12 X 545 566
860 11 X 714 612
1019 10 X 860 755
1122 9 X 1019 932
1194 8 X 1112 1122
1248 7 X 1189 1194
615 12 X 336 1
825 11 X 678 615
822 11 X 675 615
986 10 X 825 822
7 20 X 3 2
22 19 X 5 7
116 17 X 22 11
212 16 X 116 100
306 15 X 205 212
371 14 X 104 306
178 16 X 22 2
292 15 X 166 178
353 14 X 5 292
530 13 X 371 353
689 12 X 530 457
834 11 X 689 591
944 10 X 778 834
1090 9 X 986 944
117 17 X 28 27
179 16 X 28 117
319 15 X 207 179
437 14 X 320 319
522 13 X 355 437
687 12 X 522 495
832 11 X 687 629
990 10 X 830 832
1094 9 X 991 990
1174 8 X 1090 1094
826 11 X 679 615
616 12 X 336 403
823 11 X 676 616
987 10 X 826 823
774 11 X 619 615
617 12 X 336 425
775 11 X 619 617
941 10 X 774 775
1091 9 X 987 941
1175 8 X 1091 1092
1240 7 X 1174 1175
1279 6 X 1248 1240
1007 10 X 846 853
981 10 X 817 869
1110 9 X 1007 981
1017 10 X 858 863
1120 9 X 1017 896
1192 8 X 1110 1120
1250 7 X 1190 1192
621 12 X 338 1
788 11 X 639 621
783 11 X 634 621
952 10 X 788 783
1086 9 X 952 937
1171 8 X 1086 1060
623 12 X 338 403
785 11 X 636 623
953 10 X 788 785
738 11 X 1 621
624 12 X 338 425
765 11 X 578 624
907 10 X 738 765
1087 9 X 953 907
1172 8 X 1087 1063
1238 7 X 1171 1172
1282 6 X 1250 1238
1298 5 X 1279 1282
1188 8 X 1107 1129
1247 7 X 1188 1193
505 13 X 338 1
680 12 X 505 1
741 11 X 1 680
911 10 X 741 783
1065 9 X 911 937
1071 9 X 917 920
1161 8 X 1065 1071
749 11 X 570 680
622 12 X 338 267
784 11 X 635 622
925 10 X 749 784
752 11 X 572 680
681 12 X 505 297
753 11 X 572 681
928 10 X 752 753
1075 9 X 925 928
1165 8 X 1075 1074
1233 7 X 1161 1165
1278 6 X 1247 1233
1160 8 X 1065 1050
912 10 X 741 784
910 10 X 741 753
1066 9 X 912 910
1162 8 X 1066 1053
1232 7 X 1160 1162
1281 6 X 1249 1232
1297 5 X 1278 1281
1308 4 X 1298 1297
1313 3 X 1305 1308
1133 8 X 1 794
1206 7 X 1133 1076
31 18 X 1 3
256 15 X 1 31
339 14 X 1 256
447 13 X 1 339
638 12 X 447 1
259 15 X 1 36
341 14 X 1 259
449 13 X 1 341
640 12 X 449 1
898 10 X 638 640
1059 9 X 898 1
49 18 X 8 3
312 15 X 206 49
431 14 X 309 312
474 13 X 8 431
655 12 X 474 289
804 11 X 655 638
311 15 X 206 37
430 14 X 309 311
473 13 X 8 430
654 12 X 473 289
803 11 X 654 640
959 10 X 804 803
1089 9 X 959 796
1157 8 X 1059 1089
1229 7 X 1157 1077
1261 6 X 1206 1229
266 15 X 1 186
344 14 X 1 266
451 13 X 1 344
643 12 X 451 1
900 10 X 639 643
1062 9 X 900 1
1204 7 X 1062 1058
1258 6 X 1200 1204
1289 5 X 1261 1258
1132 8 X 1 744
1205 7 X 1132 1073
261 15 X 1 63
343 14 X 1 261
450 13 X 1 343
641 12 X 450 1
890 10 X 1 641
1054 9 X 890 1
273 15 X 8 65
356 14 X 8 273
464 13 X 8 356
465 13 X 8 360
650 12 X 464 465
452 13 X 1 359
642 12 X 450 452
799 11 X 650 642
918 10 X 744 799
1072 9 X 918 744
1155 8 X 1054 1072
1227 7 X 1155 1073
1260 6 X 1205 1227
891 10 X 1 643
1055 9 X 891 1
459 13 X 1 388
644 12 X 451 459
892 10 X 1 644
1056 9 X 892 1
1156 8 X 1055 1056
1228 7 X 1156 1047
1256 6 X 1199 1228
1288 5 X 1260 1256
1304 4 X 1289 1288
992 10 X 840 1
1095 9 X 992 970
1176 8 X 1095 1128
24 19 X 6 1
69 18 X 24 1
94 17 X 1 69
198 16 X 94 1
21 19 X 4 1
66 18 X 21 1
93 17 X 1 66
197 16 X 93 1
300 15 X 198 197
351 14 X 2 300
518 13 X 351 300
699 12 X 541 518
845 11 X 699 662
575 12 X 1 300
404 14 X 268 300
583 12 X 1 404
758 11 X 575 583
1003 10 X 845 758
666 12 X 486 300
814 11 X 666 662
71 18 X 24 5
142 17 X 32 71
240 16 X 142 1
68 18 X 21 5
141 17 X 32 68
239 16 X 141 1
331 15 X 240 239
500 13 X 300 331
722 12 X 547 500
70 18 X 24 2
128 17 X 30 70
223 16 X 128 1
67 18 X 21 2
127 17 X 30 67
222 16 X 127 1
324 15 X 223 222
421 14 X 294 324
606 12 X 255 421
868 11 X 722 606
977 10 X 814 868
1106 9 X 1003 977
1187 8 X 1106 1117
1241 7 X 1176 1187
787 11 X 638 615
625 12 X 341 1
789 11 X 640 625
951 10 X 787 789
737 11 X 1 615
739 11 X 1 625
905 10 X 737 739
1085 9 X 951 905
1170 8 X 1085 1089
301 15 X 198 200
576 12 X 1 301
759 11 X 576 1
405 14 X 268 301
584 12 X 1 405
760 11 X 576 584
931 10 X 759 760
1140 8 X 931 1077
1237 7 X 1170 1140
1272 6 X 1241 1237
442 14 X 331 300
569 13 X 442 331
708 12 X 543 569
854 11 X 708 606
997 10 X 840 854
973 10 X 811 868
1100 9 X 997 973
1181 8 X 1100 1115
1244 7 X 1177 1181
627 12 X 344 1
791 11 X 643 627
954 10 X 788 791
740 11 X 1 627
906 10 X 738 740
1088 9 X 954 906
1173 8 X 1088 1062
895 10 X 1 760
1138 8 X 895 1058
1239 7 X 1173 1138
1275 6 X 1244 1239
1295 5 X 1272 1275
64 18 X 19 2
126 17 X 30 64
278 15 X 30 126
493 13 X 278 1
663 12 X 485 493
841 11 X 695 663
998 10 X 841 1
812 11 X 664 663
975 10 X 812 864
1101 9 X 998 975
1182 8 X 1101 1127
349 14 X 2 268
515 13 X 349 268
697 12 X 541 515
843 11 X 697 662
571 12 X 1 268
1001 10 X 843 571
665 12 X 486 268
813 11 X 665 662
490 13 X 268 296
719 12 X 547 490
602 12 X 255 294
865 11 X 719 602
976 10 X 813 865
1104 9 X 1001 976
1185 8 X 1104 1116
1245 7 X 1182 1185
626 12 X 343 1
790 11 X 641 626
913 10 X 741 790
506 13 X 343 1
682 12 X 506 1
742 11 X 1 682
908 10 X 741 742
1067 9 X 913 908
1163 8 X 1067 1072
750 11 X 571 1
926 10 X 750 571
1139 8 X 926 1073
1234 7 X 1163 1139
1276 6 X 1245 1234
999 10 X 841 849
1102 9 X 999 975
1183 8 X 1102 1113
423 14 X 296 268
564 13 X 423 296
706 12 X 543 564
852 11 X 706 602
995 10 X 840 852
971 10 X 811 865
1098 9 X 995 971
1179 8 X 1098 1114
1246 7 X 1183 1179
914 10 X 741 791
507 13 X 344 1
683 12 X 507 1
743 11 X 1 683
909 10 X 741 743
1068 9 X 914 909
1164 8 X 1068 1056
882 10 X 1 571
1137 8 X 882 1047
1235 7 X 1164 1137
1277 6 X 1246 1235
1296 5 X 1276 1277
1307 4 X 1295 1296
1312 3 X 1304 1307
1315 2 X 1313 1312
1317 1 X 1316 1315
