218
schljo ieikak zqjjwf yzcynj szbjqk hfolza zhltco ckfkuq ffkyuo wwwomu ekplny lgxhxa pqazmb dxnkkb wslxdl sdczpm hidspl kpuhxa zbdpfv wgeffe
16 9 11 15 6 10 2 14 19 7 4 3 17 8 5 1 12 18 13 20
3 21 1 -1 -1
1 21 -1 -1 -1
7 19 X 3 1
36 15 X 3 7
90 12 X 3 36
112 11 X 3 90
186 7 X 112 3
35 15 X 3 1
89 12 X 3 35
111 11 X 3 89
185 7 X 111 3
198 6 X 186 185
209 4 X 198 3
2 21 0 -1 -1
6 19 X 2 3
11 18 X 3 6
17 17 X 3 11
24 16 X 3 17
46 15 X 24 3
61 14 X 3 46
80 13 X 61 3
98 12 X 80 3
119 11 X 3 98
141 10 X 119 3
160 9 X 3 141
174 8 X 3 160
29 16 X 17 3
4 20 X 2 3
8 19 X 4 3
12 18 X 3 8
18 17 X 3 12
31 16 X 18 3
54 15 X 29 31
71 13 X 54 3
97 12 X 71 3
118 11 X 3 97
140 10 X 118 3
159 9 X 3 140
173 8 X 3 159
191 7 X 174 173
21 16 X 3 6
43 15 X 21 3
59 14 X 3 43
84 13 X 61 59
5 20 X 3 2
9 19 X 5 3
13 18 X 3 9
19 17 X 3 13
30 16 X 17 19
32 16 X 18 19
56 15 X 30 32
16 17 X 3 9
27 16 X 6 16
20 17 X 6 8
34 16 X 20 16
52 15 X 27 34
26 16 X 6 9
50 15 X 26 34
66 14 X 52 50
75 13 X 56 66
106 12 X 84 75
127 11 X 3 106
14 17 X 3 6
23 16 X 3 14
45 15 X 23 3
68 13 X 3 45
15 17 X 3 8
28 16 X 15 14
40 15 X 14 28
67 13 X 3 40
94 12 X 68 67
116 11 X 3 94
145 10 X 127 116
164 9 X 3 145
176 8 X 3 164
110 11 X 3 71
136 10 X 110 3
155 9 X 3 136
172 8 X 3 155
193 7 X 176 172
202 6 X 191 193
204 5 X 3 202
212 4 X 198 204
190 7 X 174 3
25 16 X 6 3
33 16 X 20 3
48 15 X 25 33
73 13 X 54 48
104 12 X 84 73
125 11 X 3 104
143 10 X 125 3
162 9 X 3 143
175 8 X 3 162
192 7 X 175 172
201 6 X 190 192
203 5 X 3 201
211 4 X 198 203
215 3 X 212 211
216 2 X 209 215
53 15 X 29 3
70 13 X 53 3
96 12 X 70 3
55 15 X 30 3
51 15 X 27 3
49 15 X 26 3
65 14 X 51 49
74 13 X 55 65
105 12 X 84 74
130 11 X 96 105
81 13 X 61 43
41 15 X 17 3
57 14 X 3 41
38 15 X 6 3
76 13 X 57 38
99 12 X 81 76
120 11 X 3 99
148 10 X 130 120
167 9 X 3 148
10 18 X 2 6
22 16 X 3 10
44 15 X 22 3
60 14 X 3 44
85 13 X 61 60
47 15 X 25 3
72 13 X 54 47
107 12 X 85 72
133 11 X 97 107
82 13 X 61 44
42 15 X 17 31
58 14 X 3 42
78 13 X 58 38
100 12 X 82 78
121 11 X 3 100
151 10 X 133 121
170 9 X 3 151
182 8 X 167 170
129 11 X 96 70
62 14 X 3 53
86 13 X 62 3
92 12 X 3 86
114 11 X 3 92
147 10 X 129 114
166 9 X 3 147
131 11 X 97 71
63 14 X 3 54
87 13 X 63 3
93 12 X 3 87
115 11 X 3 93
149 10 X 131 115
168 9 X 3 149
181 8 X 166 168
195 7 X 182 181
210 4 X 198 195
91 12 X 3 71
132 11 X 97 91
150 10 X 132 115
169 9 X 3 150
189 7 X 169 168
37 15 X 3 31
64 14 X 37 54
88 13 X 64 3
108 12 X 88 3
134 11 X 108 91
152 10 X 134 115
171 9 X 3 152
183 8 X 171 169
69 13 X 37 3
95 12 X 69 3
128 11 X 95 71
146 10 X 128 115
165 9 X 3 146
180 8 X 165 168
196 7 X 183 180
200 6 X 189 196
205 5 X 189 200
208 4 X 3 205
214 3 X 210 208
153 9 X 3 119
117 11 X 3 96
139 10 X 117 3
158 9 X 3 139
178 8 X 158 159
187 7 X 153 178
126 11 X 3 105
83 13 X 61 45
39 15 X 14 3
77 13 X 57 39
101 12 X 83 77
122 11 X 3 101
144 10 X 126 122
163 9 X 3 144
103 12 X 84 72
124 11 X 3 103
79 13 X 58 39
102 12 X 83 79
123 11 X 3 102
142 10 X 124 123
161 9 X 3 142
179 8 X 163 161
109 11 X 3 70
135 10 X 109 114
154 9 X 3 135
137 10 X 110 115
156 9 X 3 137
177 8 X 154 156
194 7 X 179 177
199 6 X 187 194
207 4 X 3 199
184 7 X 3 159
113 11 X 3 91
138 10 X 113 3
157 9 X 3 138
188 7 X 157 155
197 6 X 184 188
206 4 X 3 197
213 3 X 207 206
217 2 X 214 213
218 1 X 216 217
