197
anbewp mxcjco lzgdrt uprnjs mnmakh uoqabv tvoolq supkhx oyixmx vurvee bjsurm mqnprt fgxuls srigyp bjzadt kdtgoz
13 1 14 4 7 10 8 11 16 2 9 6 15 12 5 3
3 17 1 -1 -1
2 17 0 -1 -1
11 14 X 3 2
20 13 X 11 3
28 12 X 3 20
44 11 X 3 28
68 10 X 3 44
95 9 X 3 68
5 16 X 2 3
12 14 X 3 5
21 13 X 12 3
7 15 X 2 3
13 14 X 3 7
22 13 X 13 3
35 12 X 21 22
47 11 X 3 35
29 12 X 3 22
45 11 X 3 29
82 10 X 47 45
97 9 X 3 82
122 8 X 3 97
148 7 X 95 122
162 6 X 3 148
10 15 X 5 3
14 14 X 3 10
23 13 X 14 3
30 12 X 3 23
55 11 X 30 29
71 10 X 3 55
110 9 X 71 68
138 8 X 95 110
69 10 X 3 45
111 9 X 71 69
125 8 X 3 111
155 7 X 138 125
165 6 X 3 155
179 5 X 162 165
1 17 -1 -1 -1
6 16 X 3 1
4 16 X 2 1
9 15 X 4 6
18 14 X 6 9
27 13 X 18 6
32 12 X 6 27
56 11 X 32 6
77 10 X 6 56
101 9 X 6 77
129 8 X 6 101
150 7 X 101 129
169 6 X 6 150
142 8 X 101 77
128 8 X 6 77
159 7 X 142 128
174 6 X 6 159
182 5 X 169 174
189 4 X 179 182
50 11 X 23 22
70 10 X 3 50
109 9 X 70 68
137 8 X 95 109
36 12 X 22 23
33 12 X 20 22
59 11 X 36 33
72 10 X 3 59
112 9 X 72 69
126 8 X 3 112
154 7 X 137 126
164 6 X 3 154
178 5 X 162 164
15 14 X 6 2
24 13 X 15 6
31 12 X 6 24
57 11 X 32 31
78 10 X 6 57
102 9 X 6 78
130 8 X 6 102
151 7 X 102 130
170 6 X 6 151
8 15 X 2 6
17 14 X 6 8
26 13 X 17 6
54 11 X 27 26
76 10 X 6 54
113 9 X 76 78
143 8 X 102 113
16 14 X 6 4
25 13 X 16 6
38 12 X 24 25
61 11 X 38 24
79 10 X 6 61
114 9 X 79 78
133 8 X 6 114
160 7 X 143 133
175 6 X 6 160
183 5 X 170 175
188 4 X 178 183
193 3 X 189 188
19 13 X 3 1
67 10 X 3 19
144 7 X 3 67
34 12 X 21 3
46 11 X 3 34
81 10 X 46 19
108 9 X 67 81
136 8 X 67 108
146 7 X 3 136
176 6 X 144 146
186 5 X 176 144
73 10 X 6 3
74 10 X 6 19
147 7 X 73 74
192 4 X 186 147
195 2 X 193 192
58 11 X 34 20
88 10 X 58 44
98 9 X 3 88
37 12 X 23 3
60 11 X 37 35
89 10 X 60 45
99 9 X 3 89
123 8 X 3 99
149 7 X 98 123
163 6 X 3 149
49 11 X 21 20
84 10 X 49 55
116 9 X 84 88
140 8 X 95 116
51 11 X 23 35
85 10 X 51 55
117 9 X 85 89
127 8 X 3 117
157 7 X 140 127
167 6 X 3 157
181 5 X 163 167
40 12 X 25 6
62 11 X 40 6
90 10 X 62 6
103 9 X 6 90
43 12 X 27 6
65 11 X 43 6
93 10 X 65 6
105 9 X 6 93
131 8 X 6 105
152 7 X 103 131
171 6 X 6 152
53 11 X 27 6
87 10 X 53 56
119 9 X 87 93
134 8 X 6 119
168 6 X 6 134
184 5 X 171 168
191 4 X 181 184
83 10 X 49 50
115 9 X 83 88
139 8 X 95 115
107 9 X 59 89
124 8 X 3 107
156 7 X 139 124
166 6 X 3 156
180 5 X 163 166
63 11 X 40 24
48 11 X 6 31
91 10 X 63 48
104 9 X 6 91
41 12 X 25 26
66 11 X 43 41
94 10 X 66 48
106 9 X 6 94
132 8 X 6 106
153 7 X 104 132
172 6 X 6 153
75 10 X 6 48
100 9 X 6 75
52 11 X 25 24
86 10 X 52 54
118 9 X 86 91
141 8 X 100 118
42 12 X 26 27
39 12 X 24 26
64 11 X 42 39
92 10 X 64 61
120 9 X 92 94
135 8 X 6 120
158 7 X 141 135
173 6 X 6 158
185 5 X 172 173
190 4 X 180 185
194 3 X 191 190
80 10 X 46 3
96 9 X 3 80
121 8 X 3 96
145 7 X 3 121
161 6 X 3 145
177 5 X 161 3
187 4 X 177 73
196 2 X 194 187
197 1 X 195 196
