220
bntnea zznbml oshacw fojzse acaqlf kocmzz ckwraj otzwla vjupdn nehckl slcuma oyhwyt dgenhy tphhow ghvgyb xzotlh
12 11 13 3 1 6 4 7 5 2 16 15 14 10 8 9
1 17 -1 -1 -1
3 17 1 -1 -1
15 14 X 1 3
4 16 X 1 3
24 14 X 4 3
61 12 X 24 3
131 9 X 15 61
2 17 0 -1 -1
5 16 X 2 3
13 15 X 5 3
22 14 X 3 13
45 13 X 22 3
76 12 X 24 45
90 11 X 61 76
115 10 X 61 90
146 9 X 115 61
160 8 X 131 146
112 10 X 61 76
143 9 X 112 61
159 8 X 131 143
179 7 X 160 159
16 14 X 2 3
40 13 X 16 24
34 13 X 2 3
79 12 X 40 34
59 12 X 16 2
106 11 X 79 59
138 9 X 106 61
157 8 X 131 138
18 14 X 3 2
41 13 X 18 3
72 12 X 24 41
110 10 X 61 72
140 9 X 110 61
158 8 X 131 140
178 7 X 157 158
199 6 X 179 178
7 15 X 2 3
37 13 X 7 3
70 12 X 24 37
64 12 X 24 7
99 11 X 70 64
128 10 X 99 61
152 9 X 128 61
161 8 X 131 152
156 8 X 131 61
180 7 X 161 156
200 6 X 179 180
209 5 X 199 200
169 8 X 146 143
175 7 X 146 169
91 11 X 61 79
134 9 X 91 61
164 8 X 134 138
89 11 X 61 72
114 10 X 61 89
145 9 X 114 61
168 8 X 145 140
183 7 X 164 168
197 6 X 175 183
88 11 X 61 70
124 10 X 88 61
148 9 X 124 61
171 8 X 148 152
185 7 X 171 61
198 6 X 175 185
208 5 X 197 198
214 4 X 209 208
6 16 X 3 2
36 13 X 6 3
69 12 X 24 36
63 12 X 24 6
98 11 X 69 63
10 15 X 3 6
38 13 X 10 3
71 12 X 24 38
65 12 X 24 10
101 11 X 71 65
127 10 X 98 101
97 11 X 69 61
118 10 X 61 97
151 9 X 127 118
67 12 X 24 34
60 12 X 24 2
94 11 X 67 60
62 12 X 24 5
95 11 X 67 62
116 10 X 61 95
135 9 X 94 116
173 8 X 151 135
14 15 X 6 3
23 14 X 3 14
46 13 X 23 3
77 12 X 24 46
113 10 X 61 77
104 11 X 77 61
122 10 X 61 104
144 9 X 113 122
19 14 X 3 5
42 13 X 19 3
73 12 X 24 42
102 11 X 72 73
120 10 X 61 102
141 9 X 110 120
166 8 X 144 141
187 7 X 173 166
194 6 X 61 187
176 7 X 152 61
191 6 X 61 176
205 5 X 194 191
137 9 X 98 118
17 14 X 2 5
35 13 X 2 17
68 12 X 24 35
96 11 X 67 68
117 10 X 61 96
136 9 X 94 117
165 8 X 137 136
20 14 X 3 6
43 13 X 20 3
74 12 X 24 43
105 11 X 77 74
123 10 X 61 105
147 9 X 123 122
170 8 X 147 110
184 7 X 165 170
192 6 X 61 184
203 5 X 192 191
211 4 X 205 203
217 3 X 214 211
33 14 X 14 3
57 13 X 33 3
26 14 X 6 3
58 13 X 33 26
87 11 X 57 58
133 9 X 87 3
155 8 X 3 133
177 7 X 155 3
189 6 X 3 177
201 5 X 189 3
27 14 X 7 3
49 13 X 27 3
32 14 X 13 3
55 13 X 32 3
82 12 X 49 55
86 11 X 3 82
132 9 X 86 3
50 13 X 27 16
56 13 X 32 16
83 12 X 50 56
108 11 X 82 83
139 9 X 108 3
163 8 X 132 139
182 7 X 163 3
190 6 X 3 182
202 5 X 190 3
210 4 X 201 202
215 3 X 210 3
219 2 X 217 215
11 15 X 4 2
30 14 X 11 3
53 13 X 30 24
8 15 X 3 2
28 14 X 8 3
51 13 X 28 3
84 12 X 53 51
78 12 X 30 28
109 11 X 84 78
129 10 X 106 109
153 9 X 129 61
162 8 X 131 153
181 7 X 162 156
196 6 X 156 181
207 5 X 196 156
25 14 X 5 3
48 13 X 25 24
47 13 X 25 3
81 12 X 48 47
92 11 X 61 81
12 15 X 4 5
31 14 X 12 3
54 13 X 31 24
9 15 X 3 5
29 14 X 9 3
52 13 X 29 3
85 12 X 54 52
93 11 X 61 85
125 10 X 92 93
149 9 X 125 61
39 13 X 16 3
80 12 X 40 39
107 11 X 80 16
130 10 X 107 109
154 9 X 130 61
172 8 X 149 154
186 7 X 172 61
193 6 X 61 186
204 5 X 193 61
213 4 X 207 204
126 10 X 94 99
66 12 X 24 13
100 11 X 70 66
119 10 X 61 100
150 9 X 126 119
174 8 X 151 150
21 14 X 3 7
44 13 X 21 3
75 12 X 24 44
111 10 X 61 75
103 11 X 75 76
121 10 X 61 103
142 9 X 111 121
167 8 X 144 142
188 7 X 174 167
195 6 X 61 188
206 5 X 195 61
212 4 X 206 61
216 3 X 213 212
218 2 X 216 3
220 1 X 219 218
