242
lusndp enmgvw scykwt pjmwlr kniofb iephvk gxzdlm wmgmxw ehlilx vvypnf jbbxyb dbqals pkrbfd tnocje poqrrd swfvbd sdnygy oprvjf
13 1 15 18 12 4 10 7 16 14 2 8 3 17 5 6 9 11
1 19 -1 -1 -1
3 19 1 -1 -1
18 15 X 1 3
81 11 X 18 3
2 19 0 -1 -1
5 18 X 2 3
10 17 X 3 5
16 16 X 3 10
24 15 X 1 16
44 14 X 18 24
65 13 X 44 18
29 15 X 3 16
41 14 X 3 29
61 13 X 41 3
104 11 X 65 61
153 9 X 81 104
193 7 X 153 81
102 11 X 65 3
128 10 X 81 102
154 9 X 81 128
194 7 X 154 81
212 6 X 193 194
4 18 X 1 3
30 15 X 4 3
86 11 X 30 3
33 15 X 4 16
47 14 X 30 33
68 13 X 47 30
109 11 X 68 61
156 9 X 86 109
152 9 X 81 102
178 8 X 152 81
196 7 X 154 178
208 6 X 156 196
227 5 X 212 208
195 7 X 154 152
207 6 X 156 195
226 5 X 212 207
234 4 X 227 226
206 6 X 153 195
225 5 X 206 208
9 17 X 3 4
20 15 X 1 9
19 15 X 1 4
73 12 X 20 19
72 12 X 9 4
110 11 X 73 72
84 11 X 19 4
138 10 X 110 84
35 15 X 9 3
77 12 X 35 30
83 11 X 18 77
82 11 X 18 30
129 10 X 83 82
169 9 X 138 129
184 8 X 169 81
31 15 X 4 9
75 12 X 31 4
111 11 X 75 72
139 10 X 111 4
87 11 X 30 77
130 10 X 87 30
170 9 X 139 130
185 8 X 170 86
210 6 X 185 184
224 5 X 184 210
233 4 X 225 224
238 3 X 234 233
146 9 X 30 68
114 10 X 18 65
142 9 X 18 114
140 9 X 18 65
174 8 X 140 18
191 7 X 142 174
204 6 X 146 191
218 5 X 18 204
190 7 X 142 140
203 6 X 146 190
217 5 X 18 203
229 4 X 218 217
14 16 X 3 5
22 15 X 1 14
42 14 X 18 22
62 13 X 42 18
105 11 X 65 62
119 10 X 18 105
144 9 X 18 119
141 9 X 18 105
175 8 X 141 18
192 7 X 144 175
205 6 X 146 192
219 5 X 18 205
125 10 X 73 19
165 9 X 125 18
182 8 X 165 18
126 10 X 75 4
166 9 X 126 30
183 8 X 166 30
209 6 X 183 182
223 5 X 182 209
230 4 X 219 223
236 3 X 229 230
240 2 X 238 236
8 17 X 3 2
15 16 X 3 8
23 15 X 1 15
43 14 X 18 23
63 13 X 43 18
26 15 X 3 8
38 14 X 3 26
97 11 X 63 38
28 15 X 3 15
40 14 X 3 28
60 13 X 40 3
98 11 X 63 60
159 9 X 97 98
27 15 X 3 10
39 14 X 3 27
59 13 X 39 3
103 11 X 65 59
134 10 X 103 97
135 10 X 104 98
167 9 X 134 135
197 7 X 159 167
96 11 X 63 3
127 10 X 81 96
133 10 X 102 96
173 8 X 133 96
189 7 X 127 173
213 6 X 197 189
32 15 X 4 15
46 14 X 30 32
66 13 X 46 30
106 11 X 66 40
108 11 X 66 60
160 9 X 106 108
136 10 X 109 106
137 10 X 109 108
168 9 X 136 137
198 7 X 160 168
55 13 X 24 18
93 11 X 55 3
131 10 X 93 96
172 8 X 131 81
188 7 X 127 172
214 6 X 198 188
228 5 X 213 214
235 4 X 228 224
239 3 X 234 235
58 13 X 33 30
56 13 X 32 30
123 10 X 58 56
186 7 X 66 123
53 13 X 23 18
7 17 X 1 2
12 16 X 1 7
37 15 X 12 15
50 14 X 37 23
70 13 X 50 18
80 12 X 53 70
101 11 X 63 80
118 10 X 18 101
121 10 X 55 53
149 9 X 53 18
171 8 X 121 149
187 7 X 118 171
211 6 X 186 187
220 5 X 18 211
90 11 X 46 66
147 9 X 30 90
6 18 X 3 2
11 17 X 3 6
17 16 X 3 11
34 15 X 4 17
48 14 X 30 34
67 13 X 46 48
79 12 X 46 67
113 11 X 79 66
148 9 X 30 113
177 8 X 147 148
57 13 X 32 34
76 12 X 32 57
88 11 X 32 76
157 9 X 88 56
151 9 X 76 56
180 8 X 157 151
202 7 X 177 180
89 11 X 43 80
115 10 X 18 89
143 9 X 18 115
25 15 X 1 17
45 14 X 18 25
64 13 X 43 45
78 12 X 43 64
112 11 X 78 80
120 10 X 18 112
145 9 X 18 120
176 8 X 143 145
54 13 X 23 25
74 12 X 23 54
85 11 X 23 74
155 9 X 85 53
150 9 X 74 53
179 8 X 155 150
201 7 X 176 179
216 6 X 202 201
222 5 X 18 216
231 4 X 220 222
107 11 X 66 46
161 9 X 107 66
95 11 X 56 32
124 10 X 58 95
164 9 X 124 123
199 7 X 161 164
71 13 X 50 43
100 11 X 63 71
117 10 X 18 100
13 16 X 3 2
36 15 X 12 13
21 15 X 1 13
49 14 X 36 21
69 13 X 49 18
99 11 X 63 69
116 10 X 18 99
162 9 X 117 116
91 11 X 53 23
122 10 X 55 91
52 13 X 22 18
94 11 X 55 52
51 13 X 21 18
92 11 X 53 51
132 10 X 94 92
163 9 X 122 132
158 9 X 91 18
181 8 X 163 158
200 7 X 162 181
215 6 X 199 200
221 5 X 18 215
232 4 X 221 223
237 3 X 231 232
241 2 X 239 237
242 1 X 240 241
