384
jenfvy nuckpt xlmwmp cfwlie pumejl uqfbqd esbstx hduryn jzubnf gzvvte ulsmjf eqhbav yejyxc xibllf sywlhy dqmxcq ekysai qseqxf
9 8 7 12 2 10 13 14 18 1 17 6 4 16 5 15 3 11
1 19 -1 -1 -1
2 19 0 -1 -1
8 17 X 2 1
16 16 X 1 8
38 15 X 16 1
70 14 X 1 38
174 11 X 1 70
266 9 X 1 174
309 8 X 1 266
138 12 X 70 1
200 11 X 138 70
269 9 X 1 200
311 8 X 1 269
346 7 X 309 311
4 18 X 2 1
9 17 X 2 4
17 16 X 1 9
39 15 X 17 1
71 14 X 1 39
139 12 X 71 1
57 14 X 1 17
201 11 X 139 57
270 9 X 1 201
312 8 X 1 270
362 6 X 346 312
372 5 X 362 1
374 4 X 1 372
379 3 X 1 374
382 2 X 1 379
3 18 X 1 2
6 17 X 1 3
25 16 X 6 1
51 15 X 25 1
81 14 X 1 51
116 13 X 81 1
62 14 X 1 25
104 13 X 62 1
156 12 X 116 104
189 11 X 1 156
232 10 X 1 189
337 7 X 1 232
10 17 X 3 1
18 16 X 1 10
41 15 X 18 1
89 14 X 41 18
58 14 X 1 18
129 13 X 89 58
179 11 X 1 129
268 9 X 1 179
36 15 X 10 1
21 16 X 3 10
48 15 X 21 10
86 14 X 36 48
125 13 X 86 58
85 14 X 36 21
122 13 X 85 58
163 12 X 125 122
192 11 X 1 163
251 10 X 179 192
289 9 X 1 251
73 14 X 1 41
99 13 X 41 73
145 12 X 99 1
207 11 X 145 129
208 11 X 145 163
261 10 X 207 208
295 9 X 1 261
328 8 X 289 295
340 7 X 268 328
32 15 X 1 18
66 14 X 1 32
173 11 X 1 66
247 10 X 173 179
286 9 X 1 247
271 9 X 1 207
326 8 X 286 271
248 10 X 173 192
287 9 X 1 248
98 13 X 41 58
95 13 X 1 58
144 12 X 98 95
205 11 X 144 129
206 11 X 144 163
260 10 X 205 206
294 9 X 1 260
327 8 X 287 294
351 7 X 326 327
359 6 X 340 351
128 13 X 89 1
166 12 X 128 129
194 11 X 1 166
235 10 X 1 194
281 9 X 1 235
124 13 X 86 1
123 13 X 85 66
162 12 X 124 123
191 11 X 1 162
234 10 X 1 191
280 9 X 1 234
161 12 X 124 122
190 11 X 1 161
233 10 X 1 190
279 9 X 1 233
325 8 X 280 279
342 7 X 281 325
369 5 X 359 342
375 4 X 337 369
155 12 X 116 1
214 11 X 155 104
241 10 X 1 214
282 9 X 1 241
317 8 X 1 282
339 7 X 1 317
357 6 X 1 339
223 10 X 1 104
273 9 X 1 223
314 8 X 1 273
338 7 X 1 314
356 6 X 1 338
367 5 X 357 356
11 17 X 4 1
37 15 X 11 1
87 14 X 37 4
126 13 X 87 1
164 12 X 126 1
193 11 X 1 164
28 16 X 11 8
55 15 X 28 1
23 16 X 4 9
92 14 X 55 23
132 13 X 92 58
180 11 X 1 132
35 15 X 8 1
20 16 X 2 9
83 14 X 35 20
118 13 X 83 58
178 11 X 1 118
252 10 X 180 178
298 9 X 193 252
97 13 X 37 1
143 12 X 97 1
204 11 X 143 164
299 9 X 204 252
34 15 X 4 1
88 14 X 37 34
127 13 X 88 1
165 12 X 127 1
219 11 X 165 164
50 15 X 23 1
93 14 X 55 50
134 13 X 93 73
170 12 X 134 1
222 11 X 170 132
44 15 X 20 1
84 14 X 35 44
121 13 X 84 73
160 12 X 121 1
218 11 X 160 118
265 10 X 222 218
301 9 X 219 265
331 8 X 299 301
345 7 X 298 331
29 15 X 1 4
63 14 X 1 29
105 13 X 63 1
147 12 X 105 1
184 11 X 1 147
257 10 X 184 204
33 15 X 1 23
67 14 X 1 33
107 13 X 67 66
176 11 X 1 107
250 10 X 176 178
308 9 X 257 250
336 8 X 308 301
133 13 X 93 58
169 12 X 133 95
221 11 X 169 132
120 13 X 84 58
159 12 X 120 95
217 11 X 159 118
264 10 X 221 217
300 9 X 219 264
335 8 X 308 300
355 7 X 336 335
361 6 X 345 355
27 16 X 11 1
53 15 X 27 1
22 16 X 4 1
49 15 X 22 4
90 14 X 53 49
130 13 X 90 1
167 12 X 130 1
195 11 X 1 167
236 10 X 1 195
197 11 X 104 118
238 10 X 1 197
304 9 X 236 238
7 17 X 1 4
26 16 X 7 1
52 15 X 26 7
82 14 X 1 52
117 13 X 82 1
157 12 X 117 1
216 11 X 157 167
242 10 X 1 216
5 17 X 1 2
24 16 X 5 7
61 14 X 1 24
103 13 X 61 1
196 11 X 103 118
237 10 X 1 196
305 9 X 242 237
332 8 X 304 305
54 15 X 27 11
91 14 X 53 54
131 13 X 91 1
168 12 X 131 1
220 11 X 168 167
243 10 X 1 220
119 13 X 83 66
199 11 X 123 119
240 10 X 1 199
307 9 X 243 240
227 10 X 1 167
158 12 X 118 122
226 10 X 1 158
303 9 X 227 226
334 8 X 307 303
353 7 X 332 334
198 11 X 122 118
239 10 X 1 198
306 9 X 243 239
224 10 X 1 118
302 9 X 227 224
333 8 X 306 302
354 7 X 333 334
365 6 X 353 354
371 5 X 361 365
377 4 X 367 371
380 3 X 375 377
15 16 X 1 6
31 15 X 1 15
65 14 X 1 31
135 12 X 1 65
181 11 X 1 135
253 10 X 181 1
290 9 X 1 253
30 15 X 1 6
64 14 X 1 30
106 13 X 64 65
136 12 X 1 106
182 11 X 1 136
254 10 X 182 189
215 11 X 155 156
255 10 X 182 215
323 8 X 254 255
343 7 X 290 323
366 5 X 343 337
13 16 X 1 3
42 15 X 18 13
74 14 X 1 42
137 12 X 58 74
183 11 X 1 137
171 11 X 1 58
256 10 X 183 171
291 9 X 1 256
80 14 X 1 48
114 13 X 80 58
47 15 X 21 3
79 14 X 1 47
113 13 X 79 74
153 12 X 114 113
187 11 X 1 153
60 14 X 1 21
101 13 X 60 58
152 12 X 114 101
186 11 X 1 152
258 10 X 187 186
292 9 X 1 258
46 15 X 21 1
78 14 X 1 46
112 13 X 78 73
151 12 X 112 1
213 11 X 151 153
212 11 X 151 152
263 10 X 213 212
297 9 X 1 263
330 8 X 292 297
344 7 X 291 330
140 12 X 73 1
203 11 X 140 137
202 11 X 140 58
259 10 X 203 202
293 9 X 1 259
329 8 X 291 293
352 7 X 329 330
360 6 X 344 352
228 10 X 1 171
275 9 X 1 228
115 13 X 80 66
102 13 X 60 66
154 12 X 115 102
188 11 X 1 154
231 10 X 1 188
278 9 X 1 231
230 10 X 1 186
277 9 X 1 230
324 8 X 278 277
341 7 X 275 324
370 5 X 360 341
376 4 X 366 370
172 11 X 1 65
246 10 X 172 1
285 9 X 1 246
320 8 X 1 285
175 11 X 1 106
249 10 X 175 214
288 9 X 1 249
321 8 X 1 288
350 7 X 320 321
358 6 X 1 350
368 5 X 358 356
68 14 X 1 35
108 13 X 68 70
177 11 X 1 108
267 9 X 1 177
310 8 X 1 267
148 12 X 108 1
209 11 X 148 108
272 9 X 1 209
313 8 X 1 272
347 7 X 310 313
76 14 X 1 44
110 13 X 76 71
150 12 X 110 1
45 15 X 20 2
77 14 X 1 45
12 16 X 1 2
40 15 X 17 12
72 14 X 1 40
111 13 X 77 72
211 11 X 150 111
59 14 X 1 20
100 13 X 59 57
210 11 X 150 100
262 10 X 211 210
296 9 X 1 262
322 8 X 1 296
363 6 X 347 322
69 14 X 1 36
109 13 X 69 73
149 12 X 108 109
185 11 X 1 149
229 10 X 1 185
276 9 X 1 229
316 8 X 1 276
19 16 X 1 11
43 15 X 19 1
75 14 X 1 43
96 13 X 1 75
142 12 X 96 1
245 10 X 142 149
284 9 X 1 245
319 8 X 1 284
349 7 X 316 319
146 12 X 100 101
225 10 X 1 146
274 9 X 1 225
315 8 X 1 274
14 16 X 1 4
56 14 X 1 14
94 13 X 1 56
141 12 X 94 1
244 10 X 141 146
283 9 X 1 244
318 8 X 1 283
348 7 X 315 318
364 6 X 349 348
373 5 X 363 364
378 4 X 368 373
381 3 X 376 378
383 2 X 380 381
384 1 X 382 383
