188
afghwy stlmzg afuwui rcmqin obvxxt ddnatk lyxjol mqalso whjerh velfle xbdwju zqrdjc xcxmex ewhjvn yfykzk mfflej
15 2 11 8 9 1 5 13 16 7 6 3 14 4 12 10
3 17 1 -1 -1
2 17 0 -1 -1
7 15 X 2 3
13 14 X 7 3
25 13 X 13 3
33 12 X 3 25
5 16 X 2 3
8 15 X 2 5
14 14 X 8 3
27 13 X 14 3
44 12 X 27 25
71 11 X 44 25
90 10 X 71 25
97 9 X 33 90
6 16 X 3 2
9 15 X 6 3
15 14 X 9 3
29 13 X 15 3
34 12 X 3 29
98 9 X 34 29
122 8 X 97 98
50 11 X 3 25
61 11 X 33 25
84 10 X 50 61
145 7 X 122 84
60 11 X 33 3
74 10 X 3 60
121 8 X 84 74
146 7 X 122 121
162 6 X 145 146
11 14 X 3 9
24 13 X 11 3
22 13 X 9 3
41 12 X 24 22
67 11 X 34 41
57 11 X 29 22
64 11 X 34 22
88 10 X 57 64
99 9 X 67 88
21 13 X 7 3
32 12 X 3 21
58 11 X 32 21
134 7 X 99 58
173 5 X 162 134
180 4 X 173 3
10 14 X 2 3
28 13 X 14 10
45 12 X 28 3
26 13 X 13 10
42 12 X 26 3
72 11 X 45 42
91 10 X 72 3
106 9 X 91 3
12 14 X 6 3
31 13 X 15 12
47 12 X 31 3
80 10 X 47 3
102 9 X 80 3
127 8 X 106 102
55 11 X 3 42
87 10 X 55 3
105 9 X 87 3
150 7 X 127 105
126 8 X 105 3
151 7 X 127 126
164 6 X 150 151
48 12 X 31 29
23 13 X 9 6
40 12 X 23 22
73 11 X 48 40
66 11 X 34 40
92 10 X 73 66
20 13 X 7 2
39 12 X 20 21
59 11 X 32 39
133 7 X 92 59
175 5 X 164 133
18 13 X 3 10
37 12 X 18 3
77 10 X 37 3
100 9 X 77 3
19 13 X 3 12
38 12 X 19 3
78 10 X 38 3
101 9 X 78 3
123 8 X 100 101
53 11 X 3 37
85 10 X 53 3
103 9 X 85 3
147 7 X 123 103
125 8 X 103 3
148 7 X 123 125
163 6 X 147 148
17 13 X 3 6
36 12 X 17 3
70 11 X 38 36
52 11 X 3 36
89 10 X 70 52
16 13 X 3 2
35 12 X 16 3
51 11 X 3 35
132 7 X 89 51
174 5 X 163 132
181 4 X 175 174
185 3 X 180 181
1 17 -1 -1 -1
4 16 X 1 3
49 11 X 3 4
128 7 X 49 3
165 5 X 128 3
56 11 X 3 47
82 10 X 48 56
81 10 X 48 3
120 8 X 82 81
43 12 X 26 25
62 11 X 33 43
144 7 X 120 62
131 7 X 81 3
161 6 X 144 131
169 5 X 128 161
54 11 X 3 38
79 10 X 38 54
118 8 X 79 78
142 7 X 118 53
129 7 X 78 3
160 6 X 142 129
168 5 X 128 160
177 4 X 169 168
183 3 X 165 177
187 2 X 185 183
93 9 X 3 29
111 8 X 3 93
63 11 X 34 3
75 10 X 3 63
95 9 X 3 75
113 8 X 3 95
139 7 X 111 113
153 6 X 3 139
65 11 X 34 29
76 10 X 29 65
96 9 X 3 76
114 8 X 3 96
94 9 X 3 65
112 8 X 3 94
140 7 X 114 112
154 6 X 3 140
170 5 X 153 154
178 4 X 170 3
124 8 X 100 102
149 7 X 124 125
156 6 X 3 149
69 11 X 34 48
83 10 X 48 69
119 8 X 79 83
30 13 X 15 10
46 12 X 30 29
68 11 X 34 46
117 8 X 53 68
143 7 X 119 117
155 6 X 3 143
171 5 X 156 155
115 8 X 3 101
86 10 X 54 3
104 9 X 86 3
116 8 X 3 104
141 7 X 115 116
159 6 X 141 148
109 8 X 3 79
107 8 X 3 54
137 7 X 109 107
130 7 X 79 53
158 6 X 137 130
172 5 X 159 158
179 4 X 171 172
184 3 X 178 179
110 8 X 3 81
138 7 X 110 3
152 6 X 3 138
166 5 X 128 152
108 8 X 3 78
136 7 X 108 107
135 7 X 108 3
157 6 X 136 135
167 5 X 128 157
176 4 X 166 167
182 3 X 165 176
186 2 X 184 182
188 1 X 187 186
