632
abvewr nctwnv dtjlty vfwbch wpzgtv hghwms vmzfrh zmimwf bszjkv jxljsd jrmxfv djfsih wingts eogfku xrdnwp ffwmwi ztofui lohqfi utbtmz hxfptr
7 4 18 2 5 19 14 20 8 1 13 11 9 12 10 6 3 15 17 16
3 21 1 -1 -1
1 21 -1 -1 -1
5 20 X 1 3
23 18 X 3 5
120 15 X 23 1
229 13 X 120 1
106 15 X 3 1
222 13 X 106 1
360 11 X 229 222
164 14 X 1 120
248 13 X 164 1
369 11 X 248 222
441 10 X 360 369
538 8 X 360 441
582 6 X 360 538
603 5 X 582 1
40 17 X 1 5
122 15 X 23 40
113 15 X 5 40
230 13 X 122 113
121 15 X 23 5
186 14 X 122 121
180 14 X 113 5
262 13 X 186 180
307 12 X 230 262
108 15 X 3 40
223 13 X 108 113
16 19 X 5 1
49 17 X 16 5
109 15 X 3 49
177 14 X 108 109
114 15 X 5 49
181 14 X 113 114
254 13 X 177 181
298 12 X 223 254
387 11 X 307 298
107 15 X 3 5
176 14 X 108 107
253 13 X 176 180
297 12 X 223 253
386 11 X 307 297
462 10 X 387 386
87 16 X 40 1
124 15 X 23 87
231 13 X 124 113
79 16 X 5 1
123 15 X 23 79
187 14 X 124 123
263 13 X 187 180
308 12 X 231 263
111 15 X 3 87
225 13 X 111 113
96 16 X 49 1
112 15 X 3 96
179 14 X 111 112
258 13 X 179 181
303 12 X 225 258
390 11 X 308 303
110 15 X 3 79
178 14 X 111 110
256 13 X 178 180
301 12 X 225 256
389 11 X 308 301
464 10 X 390 389
531 9 X 462 464
385 11 X 307 223
461 10 X 385 386
388 11 X 308 225
463 10 X 388 389
530 9 X 461 463
568 7 X 531 530
596 6 X 568 538
102 15 X 1 87
18 18 X 1 5
50 17 X 18 5
97 16 X 50 1
104 15 X 1 97
173 14 X 102 104
249 13 X 173 102
283 12 X 102 249
19 18 X 1 16
51 17 X 19 5
98 16 X 51 1
105 15 X 1 98
174 14 X 102 105
251 13 X 174 102
284 12 X 102 251
373 11 X 283 284
454 10 X 373 283
219 13 X 1 102
523 9 X 454 219
372 11 X 283 102
451 10 X 372 283
520 9 X 451 219
564 7 X 523 520
587 6 X 564 1
614 5 X 596 587
619 4 X 603 614
581 6 X 360 441
602 5 X 581 1
595 6 X 568 441
613 5 X 595 587
618 4 X 602 613
626 3 X 619 618
305 12 X 229 120
293 12 X 222 106
381 11 X 305 293
320 12 X 248 164
404 11 X 320 293
458 10 X 381 404
539 8 X 381 458
585 6 X 381 539
606 5 X 585 1
306 12 X 230 186
296 12 X 223 177
384 11 X 306 296
295 12 X 223 176
383 11 X 306 295
460 10 X 384 383
264 13 X 187 186
309 12 X 231 264
257 13 X 179 177
302 12 X 225 257
393 11 X 309 302
255 13 X 178 176
300 12 X 225 255
392 11 X 309 300
466 10 X 393 392
529 9 X 460 466
294 12 X 223 108
382 11 X 306 294
459 10 X 382 383
224 13 X 111 108
299 12 X 225 224
391 11 X 309 299
465 10 X 391 392
528 9 X 459 465
567 7 X 529 528
592 6 X 567 539
41 17 X 1 18
88 16 X 41 1
103 15 X 1 88
221 13 X 102 103
250 13 X 173 103
292 12 X 221 250
374 11 X 283 292
456 10 X 373 374
220 13 X 1 103
356 11 X 219 220
422 10 X 219 356
525 9 X 456 422
453 10 X 372 374
522 9 X 453 422
566 7 X 525 522
589 6 X 566 1
610 5 X 592 589
622 4 X 606 610
584 6 X 381 458
605 5 X 584 1
591 6 X 567 458
80 16 X 18 1
101 15 X 1 80
175 14 X 103 101
252 13 X 175 103
285 12 X 103 252
455 10 X 373 285
421 10 X 219 220
524 9 X 455 421
452 10 X 372 285
521 9 X 452 421
565 7 X 524 521
588 6 X 565 1
609 5 X 591 588
621 4 X 605 609
628 3 X 622 621
630 2 X 626 628
2 21 0 -1 -1
22 18 X 2 5
118 15 X 22 1
185 14 X 118 120
20 18 X 2 1
115 15 X 20 1
182 14 X 115 1
261 13 X 185 182
54 17 X 22 23
129 15 X 54 1
192 14 X 129 120
52 17 X 20 1
126 15 X 52 1
189 14 X 126 1
267 13 X 192 189
327 12 X 261 267
21 18 X 2 3
116 15 X 21 1
183 14 X 116 106
259 13 X 183 182
53 17 X 21 3
127 15 X 53 1
190 14 X 127 106
265 13 X 190 189
323 12 X 259 265
407 11 X 327 323
478 10 X 407 360
227 13 X 118 115
233 13 X 129 126
304 12 X 227 233
380 11 X 304 323
457 10 X 380 360
532 9 X 478 457
370 11 X 261 259
449 10 X 370 369
358 11 X 227 259
439 10 X 358 369
518 9 X 449 439
556 8 X 532 518
6 20 X 3 2
26 18 X 6 5
82 16 X 23 26
151 15 X 82 1
208 14 X 151 120
4 20 X 1 2
24 18 X 4 1
67 16 X 1 24
137 15 X 67 1
197 14 X 137 1
274 13 X 208 197
59 17 X 26 23
84 16 X 23 59
153 15 X 84 1
211 14 X 153 120
57 17 X 24 1
71 16 X 1 57
139 15 X 71 1
199 14 X 139 1
277 13 X 211 199
338 12 X 274 277
74 16 X 3 21
143 15 X 74 1
203 14 X 143 106
66 16 X 1 20
136 15 X 66 1
196 14 X 136 1
269 13 X 203 196
76 16 X 3 53
146 15 X 76 1
205 14 X 146 106
70 16 X 1 52
138 15 X 70 1
198 14 X 138 1
271 13 X 205 198
332 12 X 269 271
413 11 X 338 332
483 10 X 413 360
242 13 X 151 137
244 13 X 153 139
315 12 X 242 244
399 11 X 315 332
472 10 X 399 360
535 9 X 483 472
371 11 X 274 269
450 10 X 371 369
366 11 X 242 269
447 10 X 366 369
519 9 X 450 447
558 8 X 535 519
577 7 X 556 558
583 6 X 360 577
420 10 X 182 1
349 11 X 115 182
431 10 X 349 1
506 9 X 420 431
125 15 X 24 1
188 14 X 125 1
353 11 X 188 182
435 10 X 353 1
350 11 X 125 182
432 10 X 350 1
513 9 X 435 432
562 7 X 506 513
579 6 X 1 562
604 5 X 583 579
500 9 X 360 478
516 9 X 441 449
550 8 X 500 516
501 9 X 360 483
517 9 X 441 450
551 8 X 501 517
574 7 X 550 551
597 6 X 568 574
615 5 X 597 587
620 4 X 604 615
130 15 X 54 52
234 13 X 130 52
128 15 X 53 52
191 14 X 128 106
166 14 X 52 1
266 13 X 191 166
362 11 X 234 266
83 16 X 23 54
152 15 X 83 70
209 14 X 152 120
169 14 X 70 1
275 13 X 209 169
154 15 X 84 71
210 14 X 152 154
170 14 X 70 71
276 13 X 210 170
340 12 X 275 276
147 15 X 76 70
206 14 X 147 106
272 13 X 206 169
415 11 X 340 272
443 10 X 362 415
497 9 X 360 443
119 15 X 22 20
228 13 X 119 20
117 15 X 21 20
184 14 X 117 106
165 14 X 20 1
260 13 X 184 165
359 11 X 228 260
81 16 X 23 22
150 15 X 81 66
207 14 X 150 120
167 14 X 66 1
273 13 X 207 167
335 12 X 273 229
144 15 X 74 66
204 14 X 144 106
270 13 X 204 167
334 12 X 270 222
410 11 X 335 334
440 10 X 359 410
496 9 X 360 440
548 8 X 497 496
243 13 X 152 70
367 11 X 243 272
339 12 X 275 243
414 11 X 339 272
448 10 X 367 414
499 9 X 360 448
241 13 X 150 66
365 11 X 241 270
446 10 X 365 410
498 9 X 360 446
549 8 X 499 498
573 7 X 548 549
163 14 X 1 106
247 13 X 163 1
368 11 X 247 222
423 10 X 222 368
232 13 X 127 126
361 11 X 232 265
442 10 X 361 368
508 9 X 423 442
226 13 X 116 115
357 11 X 226 259
438 10 X 357 368
507 9 X 423 438
554 8 X 508 507
25 18 X 6 3
58 17 X 25 3
77 16 X 3 58
148 15 X 77 1
239 13 X 148 139
364 11 X 239 271
445 10 X 364 368
510 9 X 423 445
75 16 X 3 25
145 15 X 75 1
238 13 X 145 137
363 11 X 238 269
444 10 X 363 368
509 9 X 423 444
555 8 X 510 509
576 7 X 554 555
601 6 X 573 576
347 11 X 20 165
168 14 X 66 67
288 12 X 167 168
376 11 X 288 167
427 10 X 347 376
488 9 X 1 427
286 12 X 167 1
425 10 X 347 286
486 9 X 1 425
545 8 X 488 486
287 12 X 167 66
375 11 X 287 167
426 10 X 347 375
487 9 X 1 426
544 8 X 487 486
571 7 X 545 544
492 9 X 1 431
493 9 X 1 432
560 7 X 492 493
599 6 X 571 560
617 5 X 601 599
594 6 X 568 423
612 5 X 594 587
625 4 X 617 612
627 3 X 620 625
10 19 X 2 3
31 18 X 10 5
12 19 X 2 6
34 18 X 12 5
62 17 X 31 34
133 15 X 62 1
194 14 X 133 120
9 19 X 2 1
29 18 X 9 1
11 19 X 2 4
32 18 X 11 1
60 17 X 29 32
131 15 X 60 1
193 14 X 131 1
268 13 X 194 193
328 12 X 268 120
321 12 X 259 106
408 11 X 328 321
479 10 X 408 381
236 13 X 133 131
311 12 X 236 120
395 11 X 311 321
468 10 X 395 381
533 9 X 479 468
329 12 X 268 194
322 12 X 259 183
409 11 X 329 322
480 10 X 409 404
312 12 X 236 133
396 11 X 312 322
469 10 X 396 404
534 9 X 480 469
557 8 X 533 534
17 19 X 6 3
39 18 X 17 5
65 17 X 39 26
86 16 X 23 65
156 15 X 86 1
212 14 X 156 120
15 19 X 4 1
37 18 X 15 1
63 17 X 37 24
73 16 X 1 63
141 15 X 73 1
202 14 X 141 1
278 13 X 212 202
341 12 X 278 120
330 12 X 269 106
416 11 X 341 330
484 10 X 416 381
246 13 X 156 141
317 12 X 246 120
401 11 X 317 330
474 10 X 401 381
536 9 X 484 474
342 12 X 278 212
331 12 X 269 203
417 11 X 342 331
485 10 X 417 404
318 12 X 246 156
402 11 X 318 331
475 10 X 402 404
537 9 X 485 475
559 8 X 536 537
578 7 X 557 559
586 6 X 381 578
354 11 X 193 182
436 10 X 354 1
351 11 X 131 182
433 10 X 351 1
514 9 X 436 433
135 15 X 63 1
195 14 X 135 1
355 11 X 195 182
437 10 X 355 1
352 11 X 135 182
434 10 X 352 1
515 9 X 437 434
563 7 X 514 515
580 6 X 1 563
607 5 X 586 580
325 12 X 261 120
405 11 X 325 321
476 10 X 405 381
504 9 X 381 476
326 12 X 261 185
406 11 X 326 322
477 10 X 406 404
526 9 X 458 477
552 8 X 504 526
336 12 X 274 120
411 11 X 336 330
481 10 X 411 381
505 9 X 381 481
337 12 X 274 208
412 11 X 337 331
482 10 X 412 404
527 9 X 458 482
553 8 X 505 527
575 7 X 552 553
593 6 X 567 575
611 5 X 593 589
623 4 X 607 611
134 15 X 62 60
237 13 X 134 60
313 12 X 237 134
324 12 X 260 184
397 11 X 313 324
55 17 X 23 34
99 16 X 55 62
45 17 X 1 29
92 16 X 45 29
161 15 X 99 92
217 14 X 161 120
46 17 X 1 32
93 16 X 46 60
158 15 X 93 92
214 14 X 158 1
281 13 X 217 214
345 12 X 281 120
47 17 X 3 21
94 16 X 47 21
42 17 X 1 20
89 16 X 42 20
159 15 X 94 89
215 14 X 159 106
171 14 X 89 1
279 13 X 215 171
343 12 X 279 106
418 11 X 345 343
470 10 X 397 418
502 9 X 381 470
540 8 X 381 502
85 16 X 23 62
72 16 X 1 60
155 15 X 85 72
245 13 X 155 72
316 12 X 245 155
333 12 X 270 204
400 11 X 316 333
14 19 X 3 6
36 18 X 14 5
56 17 X 23 36
100 16 X 56 62
68 16 X 1 29
162 15 X 100 68
218 14 X 162 120
8 19 X 1 4
28 18 X 8 1
44 17 X 1 28
91 16 X 44 60
157 15 X 91 68
213 14 X 157 1
282 13 X 218 213
346 12 X 282 120
13 19 X 3 2
35 18 X 13 3
48 17 X 3 35
95 16 X 48 21
7 19 X 1 2
27 18 X 7 1
43 17 X 1 27
90 16 X 43 20
160 15 X 95 90
216 14 X 160 106
172 14 X 90 1
280 13 X 216 172
344 12 X 280 106
419 11 X 346 344
473 10 X 400 419
503 9 X 381 473
541 8 X 381 503
569 7 X 540 541
319 12 X 247 163
403 11 X 319 293
424 10 X 293 403
30 18 X 10 3
33 18 X 12 3
61 17 X 30 33
132 15 X 61 1
235 13 X 132 131
310 12 X 235 132
394 11 X 310 322
467 10 X 394 403
511 9 X 424 467
542 8 X 424 511
38 18 X 17 3
64 17 X 38 25
78 16 X 3 64
149 15 X 78 1
240 13 X 149 141
314 12 X 240 149
398 11 X 314 331
471 10 X 398 403
512 9 X 424 471
543 8 X 424 512
570 7 X 542 543
598 6 X 569 570
348 11 X 60 165
140 15 X 72 68
200 14 X 140 1
69 16 X 1 37
142 15 X 73 69
201 14 X 140 142
291 12 X 200 201
379 11 X 291 167
430 10 X 348 379
491 9 X 1 430
289 12 X 200 1
377 11 X 289 286
428 10 X 348 377
489 9 X 1 428
547 8 X 491 489
290 12 X 200 140
378 11 X 290 167
429 10 X 348 378
490 9 X 1 429
546 8 X 490 489
572 7 X 547 546
494 9 X 1 433
495 9 X 1 434
561 7 X 494 495
600 6 X 572 561
616 5 X 598 600
590 6 X 567 424
608 5 X 590 588
624 4 X 616 608
629 3 X 623 624
631 2 X 627 629
632 1 X 630 631
