1198
fkwjyn jqmsat cwgotk qssrfg abulge ixkerb scsqsa dpfptq nhznzw sggdna binelh nmpoov nydwlt kcgqzk xonlrh hnzsze icxhqr snhzrn dxihqi bnlwfo nprwhy aobjgk nvssor swwuqc twzlmd pbbrbr bczxmp wqutyz ccymuv ctrrqp
28 6 12 4 23 24 18 21 17 25 9 13 15 14 10 2 29 8 5 20 19 22 11 30 3 16 26 7 1 27
1 31 -1 -1 -1
3 31 1 -1 -1
94 24 X 1 3
82 25 X 3 1
96 24 X 1 82
175 23 X 94 96
262 22 X 175 1
248 22 X 96 1
827 14 X 262 248
1003 11 X 827 1
1092 9 X 1003 1
825 14 X 175 96
1001 11 X 825 1
1091 9 X 1001 1
1134 8 X 1092 1091
174 23 X 94 1
261 22 X 174 1
826 14 X 261 1
1002 11 X 826 1
1059 10 X 1003 1002
1107 9 X 1059 1
824 14 X 174 1
1000 11 X 824 1
1058 10 X 1001 1000
1106 9 X 1058 1
1142 8 X 1107 1106
1158 7 X 1134 1142
2 31 0 -1 -1
6 30 X 2 1
12 29 X 6 1
19 27 X 1 12
33 26 X 1 19
106 24 X 33 1
190 23 X 106 1
320 21 X 1 190
506 19 X 320 1
16 28 X 1 12
20 27 X 1 16
34 26 X 1 20
85 25 X 34 1
156 24 X 85 1
238 23 X 156 1
327 21 X 1 238
507 19 X 320 327
601 18 X 506 507
655 17 X 1 601
789 16 X 655 1
654 17 X 1 507
788 16 X 654 1
809 15 X 789 788
823 14 X 1 809
923 13 X 823 1
966 12 X 923 1
1004 11 X 827 966
1061 10 X 1004 1003
1109 9 X 1061 1
1144 8 X 1109 1091
1060 10 X 1004 1002
1108 9 X 1060 1
1143 8 X 1108 1106
1162 7 X 1144 1143
1173 6 X 1158 1162
443 20 X 262 1
660 17 X 443 262
760 16 X 262 660
439 20 X 248 1
659 17 X 439 248
759 16 X 248 659
862 14 X 760 759
955 12 X 862 827
1040 11 X 955 1
1081 10 X 1040 1003
1129 9 X 1081 1
421 20 X 175 1
658 17 X 421 175
758 16 X 175 658
417 20 X 96 1
657 17 X 417 96
757 16 X 96 657
861 14 X 758 757
954 12 X 861 825
1039 11 X 954 1
1079 10 X 1039 1001
1127 9 X 1079 1
1154 8 X 1129 1127
1080 10 X 1040 1002
1128 9 X 1080 1
1078 10 X 1039 1000
1126 9 X 1078 1
1153 8 X 1128 1126
1167 7 X 1154 1153
1183 5 X 1173 1167
1178 5 X 1158 1167
1190 4 X 1183 1178
67 25 X 1 3
95 24 X 1 67
814 14 X 1 95
994 11 X 814 1
1086 9 X 1 994
993 11 X 1 966
1055 10 X 993 1
1105 9 X 1055 994
1141 8 X 1105 1086
1169 6 X 1086 1141
416 20 X 95 1
656 17 X 416 95
756 16 X 95 656
819 14 X 1 756
998 11 X 819 1
1087 9 X 1 998
1179 5 X 1169 1087
1177 5 X 1086 1087
1187 4 X 1179 1177
1193 3 X 1190 1187
166 23 X 3 82
256 22 X 166 1
503 19 X 256 262
247 22 X 82 1
499 19 X 247 248
835 14 X 503 499
97 24 X 3 1
153 24 X 82 1
177 23 X 97 153
264 22 X 177 1
5 30 X 1 3
98 24 X 3 5
83 25 X 5 1
154 24 X 82 83
180 23 X 98 154
267 22 X 180 1
451 20 X 264 267
566 19 X 451 1
253 22 X 153 1
254 22 X 154 1
440 20 X 253 254
555 19 X 440 1
837 14 X 566 555
1028 11 X 835 837
11 29 X 5 1
84 25 X 11 1
155 24 X 82 84
178 23 X 97 155
265 22 X 178 1
450 20 X 264 265
565 19 X 450 1
679 17 X 565 566
237 23 X 153 155
300 22 X 237 1
441 20 X 253 300
556 19 X 441 1
676 17 X 556 555
842 14 X 679 676
1029 11 X 835 842
1071 10 X 1028 1029
1119 9 X 1071 1
496 19 X 166 175
492 19 X 82 96
831 14 X 496 492
429 20 X 177 180
544 19 X 429 1
418 20 X 153 154
533 19 X 418 1
836 14 X 544 533
1011 11 X 831 836
428 20 X 177 178
543 19 X 428 1
672 17 X 543 544
419 20 X 153 237
534 19 X 419 1
669 17 X 534 533
841 14 X 672 669
1012 11 X 831 841
1063 10 X 1011 1012
1111 9 X 1063 1
1146 8 X 1119 1111
165 23 X 3 1
255 22 X 165 1
501 19 X 255 261
833 14 X 501 1
176 23 X 97 1
263 22 X 176 1
504 19 X 263 1
179 23 X 98 1
266 22 X 179 1
444 20 X 263 266
559 19 X 444 1
662 17 X 504 559
840 14 X 662 1
1023 11 X 833 840
1070 10 X 1028 1023
1118 9 X 1070 1
494 19 X 165 174
829 14 X 494 1
497 19 X 176 1
422 20 X 176 179
537 19 X 422 1
661 17 X 497 537
839 14 X 661 1
1006 11 X 829 839
1062 10 X 1011 1006
1110 9 X 1062 1
1145 8 X 1118 1110
1163 7 X 1146 1145
7 30 X 2 3
13 29 X 7 3
22 27 X 3 13
35 26 X 3 22
86 25 X 35 33
157 24 X 86 1
239 23 X 157 153
301 22 X 239 190
367 21 X 253 301
158 24 X 86 83
240 23 X 158 154
302 22 X 240 190
368 21 X 254 302
480 20 X 367 368
590 19 X 480 1
675 17 X 555 590
801 16 X 675 555
838 14 X 566 801
8 30 X 3 2
15 29 X 8 3
48 26 X 15 3
123 24 X 48 5
211 23 X 123 154
4 30 X 1 2
9 29 X 4 1
41 26 X 9 1
114 24 X 41 1
198 23 X 114 1
286 22 X 211 198
386 21 X 267 286
457 20 X 264 386
572 19 X 457 1
636 18 X 572 566
718 17 X 636 566
781 16 X 566 718
877 14 X 781 555
940 13 X 838 877
934 13 X 837 877
971 12 X 940 934
1037 11 X 835 971
23 27 X 3 15
49 26 X 15 23
124 24 X 49 1
212 23 X 124 155
18 27 X 1 9
42 26 X 9 18
115 24 X 42 1
199 23 X 115 1
287 22 X 212 199
380 21 X 265 287
453 20 X 264 380
568 19 X 453 1
634 18 X 568 565
715 17 X 634 566
803 16 X 679 715
889 14 X 803 676
952 13 X 842 889
1033 11 X 835 952
1076 10 X 1037 1033
1124 9 X 1076 1
360 21 X 180 211
433 20 X 177 360
548 19 X 433 1
624 18 X 548 544
704 17 X 624 544
771 16 X 544 704
867 14 X 771 533
924 13 X 836 867
1013 11 X 831 924
354 21 X 178 212
430 20 X 177 354
545 19 X 430 1
622 18 X 545 543
702 17 X 622 544
798 16 X 672 702
885 14 X 798 669
948 13 X 841 885
1017 11 X 831 948
1064 10 X 1013 1017
1112 9 X 1064 1
1151 8 X 1124 1112
55 26 X 23 3
10 29 X 4 5
24 27 X 5 10
56 26 X 24 5
129 24 X 55 56
217 23 X 129 154
51 26 X 18 1
168 23 X 51 1
291 22 X 217 168
389 21 X 267 291
459 20 X 264 389
574 19 X 459 1
639 18 X 574 566
721 17 X 639 566
784 16 X 566 721
880 14 X 784 555
941 13 X 838 880
937 13 X 837 880
972 12 X 941 937
1038 11 X 835 972
105 24 X 23 51
189 23 X 105 1
100 24 X 18 51
182 23 X 100 1
273 22 X 189 182
371 21 X 263 273
446 20 X 263 371
561 19 X 446 1
632 18 X 561 504
713 17 X 632 559
797 16 X 662 713
884 14 X 797 1
945 13 X 840 884
1024 11 X 833 945
1077 10 X 1038 1024
1125 9 X 1077 1
363 21 X 180 217
435 20 X 177 363
550 19 X 435 1
627 18 X 550 544
707 17 X 627 544
774 16 X 544 707
870 14 X 774 533
927 13 X 836 870
1016 11 X 831 927
346 21 X 176 189
424 20 X 176 346
539 19 X 424 1
621 18 X 539 497
701 17 X 621 537
793 16 X 661 701
883 14 X 793 1
942 13 X 839 883
1007 11 X 829 942
1067 10 X 1016 1007
1115 9 X 1067 1
1152 8 X 1125 1115
1166 7 X 1151 1152
1176 6 X 1163 1166
442 20 X 256 1
558 19 X 442 443
678 17 X 558 503
770 16 X 503 678
438 20 X 247 1
554 19 X 438 439
674 17 X 554 499
768 16 X 499 674
866 14 X 770 768
959 12 X 866 835
502 19 X 256 1
557 19 X 442 1
677 17 X 557 502
769 16 X 502 677
498 19 X 247 1
553 19 X 438 1
673 17 X 553 498
767 16 X 498 673
865 14 X 769 767
834 14 X 502 498
958 12 X 865 834
1042 11 X 959 958
1027 11 X 835 834
1085 10 X 1042 1027
1133 9 X 1085 1
420 20 X 166 1
536 19 X 420 421
671 17 X 536 496
766 16 X 496 671
415 20 X 82 1
532 19 X 415 417
668 17 X 532 492
764 16 X 492 668
864 14 X 766 764
957 12 X 864 831
495 19 X 166 1
535 19 X 420 1
670 17 X 535 495
765 16 X 495 670
491 19 X 82 1
531 19 X 415 1
667 17 X 531 491
763 16 X 491 667
863 14 X 765 763
830 14 X 495 491
956 12 X 863 830
1041 11 X 957 956
1010 11 X 831 830
1083 10 X 1041 1010
1131 9 X 1083 1
1156 8 X 1133 1131
500 19 X 255 1
832 14 X 500 1
1022 11 X 833 832
1084 10 X 1042 1022
1132 9 X 1084 1
493 19 X 165 1
828 14 X 493 1
1005 11 X 829 828
1082 10 X 1041 1005
1130 9 X 1082 1
1155 8 X 1132 1130
1168 7 X 1156 1155
1186 5 X 1176 1168
45 26 X 13 3
14 29 X 7 5
47 26 X 14 5
120 24 X 45 47
206 23 X 120 154
43 26 X 12 1
116 24 X 43 1
200 23 X 116 1
278 22 X 206 200
383 21 X 267 278
454 20 X 264 383
31 27 X 12 1
65 26 X 31 1
81 25 X 1 65
173 23 X 81 1
152 24 X 81 1
236 23 X 152 1
260 22 X 173 236
341 21 X 1 260
74 25 X 1 43
171 23 X 74 1
145 24 X 74 1
230 23 X 145 1
259 22 X 171 230
340 21 X 1 259
470 20 X 341 340
569 19 X 454 470
89 25 X 45 43
90 25 X 47 43
162 24 X 89 90
207 23 X 120 162
201 23 X 116 43
281 22 X 207 201
385 21 X 267 281
456 20 X 264 385
26 27 X 6 1
58 26 X 26 1
78 25 X 1 58
149 24 X 78 1
234 23 X 149 78
245 22 X 78 234
332 21 X 1 245
27 27 X 6 12
59 26 X 27 1
79 25 X 1 59
150 24 X 79 1
235 23 X 150 79
246 22 X 79 235
333 21 X 1 246
463 20 X 332 333
571 19 X 456 463
635 18 X 569 571
21 27 X 3 7
53 26 X 21 3
126 24 X 53 1
214 23 X 126 153
17 27 X 1 6
50 26 X 17 1
125 24 X 50 1
213 23 X 125 1
288 22 X 214 213
375 21 X 264 288
127 24 X 53 5
215 23 X 127 154
289 22 X 215 213
387 21 X 267 289
484 20 X 375 387
76 25 X 1 50
148 24 X 76 1
233 23 X 148 1
326 21 X 1 233
594 19 X 484 326
717 17 X 635 594
780 16 X 566 717
876 14 X 780 555
933 13 X 837 876
483 20 X 375 267
462 20 X 326 1
593 19 X 483 462
716 17 X 635 593
779 16 X 566 716
875 14 X 779 555
932 13 X 837 875
969 12 X 933 932
1035 11 X 835 969
46 26 X 13 22
122 24 X 46 43
210 23 X 122 155
44 26 X 12 19
117 24 X 44 1
202 23 X 117 1
284 22 X 210 202
379 21 X 265 284
452 20 X 264 379
75 25 X 1 44
147 24 X 75 74
232 23 X 147 1
146 24 X 75 1
231 23 X 146 1
299 22 X 232 231
343 21 X 1 299
471 20 X 341 343
567 19 X 452 471
633 18 X 567 565
102 24 X 21 1
185 23 X 102 153
99 24 X 17 1
181 23 X 99 1
269 22 X 185 181
374 21 X 264 269
103 24 X 21 5
187 23 X 103 154
271 22 X 187 181
382 21 X 267 271
482 20 X 374 382
70 25 X 1 17
141 24 X 70 1
227 23 X 141 1
324 21 X 1 227
592 19 X 482 324
650 18 X 592 566
714 17 X 633 650
802 16 X 679 714
888 14 X 802 676
951 13 X 842 888
1032 11 X 835 951
1074 10 X 1035 1032
1122 9 X 1074 1
119 24 X 45 5
204 23 X 119 154
279 22 X 206 204
365 21 X 180 279
436 20 X 177 365
551 19 X 436 470
205 23 X 119 162
282 22 X 207 205
366 21 X 180 282
437 20 X 177 366
36 26 X 6 1
72 25 X 1 36
143 24 X 72 1
229 23 X 143 72
244 22 X 72 229
331 21 X 1 244
552 19 X 437 331
628 18 X 551 552
350 21 X 177 214
361 21 X 180 215
475 20 X 350 361
585 19 X 475 326
709 17 X 628 585
776 16 X 544 709
872 14 X 776 533
929 13 X 836 872
474 20 X 350 180
584 19 X 474 462
708 17 X 628 584
775 16 X 544 708
871 14 X 775 533
928 13 X 836 871
967 12 X 929 928
1020 11 X 831 967
121 24 X 46 1
208 23 X 121 155
285 22 X 210 208
355 21 X 178 285
431 20 X 177 355
546 19 X 431 471
623 18 X 546 543
349 21 X 177 185
357 21 X 180 187
473 20 X 349 357
583 19 X 473 324
645 18 X 583 544
703 17 X 623 645
799 16 X 672 703
886 14 X 799 669
949 13 X 841 886
1018 11 X 831 949
1068 10 X 1020 1018
1116 9 X 1068 1
1149 8 X 1122 1116
54 26 X 22 3
25 27 X 5 14
57 26 X 25 5
128 24 X 54 57
216 23 X 128 154
52 26 X 19 1
169 23 X 52 1
290 22 X 216 169
388 21 X 267 290
458 20 X 264 388
77 25 X 1 52
172 23 X 77 1
316 21 X 1 172
403 20 X 1 316
573 19 X 458 403
280 22 X 207 43
384 21 X 267 280
455 20 X 264 384
307 21 X 1 78
308 21 X 1 79
460 20 X 307 308
570 19 X 455 460
637 18 X 573 570
719 17 X 637 594
782 16 X 566 719
878 14 X 782 555
935 13 X 837 878
1030 11 X 835 935
104 24 X 22 52
188 23 X 104 1
101 24 X 19 52
183 23 X 101 1
272 22 X 188 183
370 21 X 263 272
445 20 X 263 370
71 25 X 1 19
142 24 X 71 77
228 23 X 142 1
325 21 X 1 228
410 20 X 1 325
560 19 X 445 410
629 18 X 560 504
184 23 X 102 1
268 22 X 184 181
369 21 X 263 268
186 23 X 103 1
270 22 X 186 181
381 21 X 266 270
481 20 X 369 381
591 19 X 481 324
648 18 X 591 559
710 17 X 629 648
794 16 X 662 710
118 24 X 44 43
209 23 X 122 118
283 22 X 209 118
372 21 X 263 283
447 20 X 263 372
60 26 X 27 19
80 25 X 1 60
151 24 X 80 79
313 21 X 1 151
400 20 X 1 313
562 19 X 447 400
630 18 X 560 562
449 20 X 263 381
409 20 X 1 324
564 19 X 449 409
649 18 X 591 564
711 17 X 630 649
795 16 X 662 711
812 15 X 794 795
897 14 X 812 1
946 13 X 840 897
1025 11 X 833 946
1072 10 X 1030 1025
1120 9 X 1072 1
362 21 X 180 216
434 20 X 177 362
549 19 X 434 403
359 21 X 180 207
432 20 X 177 359
306 21 X 1 72
547 19 X 432 306
625 18 X 549 547
705 17 X 625 585
772 16 X 544 705
868 14 X 772 533
925 13 X 836 868
1014 11 X 831 925
345 21 X 176 188
423 20 X 176 345
538 19 X 423 410
618 18 X 538 497
344 21 X 176 184
356 21 X 179 186
472 20 X 344 356
582 19 X 472 324
643 18 X 582 537
698 17 X 618 643
790 16 X 661 698
348 21 X 176 209
426 20 X 176 348
37 26 X 6 17
73 25 X 1 37
144 24 X 73 72
312 21 X 1 144
399 20 X 1 312
541 19 X 426 399
620 18 X 538 541
427 20 X 176 356
542 19 X 427 409
644 18 X 582 542
700 17 X 620 644
792 16 X 661 700
811 15 X 790 792
896 14 X 811 1
944 13 X 839 896
1009 11 X 829 944
1065 10 X 1014 1009
1113 9 X 1065 1
1147 8 X 1120 1113
1164 7 X 1149 1147
1174 6 X 1163 1164
1184 5 X 1174 1168
1191 4 X 1186 1184
490 19 X 67 95
815 14 X 1 490
68 25 X 1 5
392 20 X 1 68
509 19 X 392 1
816 14 X 1 509
995 11 X 815 816
139 24 X 68 1
69 25 X 1 11
140 24 X 68 69
226 23 X 139 140
394 20 X 1 226
511 19 X 394 1
664 17 X 511 509
818 14 X 1 664
997 11 X 815 818
1057 10 X 995 997
1090 9 X 1 1057
393 20 X 1 139
510 19 X 393 1
663 17 X 510 509
817 14 X 1 663
996 11 X 815 817
1056 10 X 995 996
1089 9 X 1 1056
1157 7 X 1090 1089
653 17 X 1 506
787 16 X 653 1
822 14 X 1 787
321 21 X 1 198
407 20 X 1 321
523 19 X 407 1
613 18 X 523 1
691 17 X 613 1
744 16 X 1 691
849 14 X 744 1
922 13 X 822 849
905 13 X 1 849
965 12 X 922 905
992 11 X 1 965
322 21 X 1 199
408 20 X 1 322
524 19 X 408 1
614 18 X 524 1
692 17 X 614 1
745 16 X 1 692
850 14 X 745 1
906 13 X 1 850
980 11 X 1 906
1054 10 X 992 980
1104 9 X 1054 1057
979 11 X 1 905
1048 10 X 979 980
1098 9 X 1048 1057
1140 8 X 1104 1098
314 21 X 1 168
401 20 X 1 314
518 19 X 401 1
602 18 X 518 1
680 17 X 602 1
733 16 X 1 680
843 14 X 733 1
921 13 X 822 843
899 13 X 1 843
964 12 X 921 899
991 11 X 1 964
318 21 X 1 182
405 20 X 1 318
521 19 X 405 1
607 18 X 521 1
685 17 X 607 1
738 16 X 1 685
848 14 X 738 1
904 13 X 1 848
978 11 X 1 904
1053 10 X 991 978
1103 9 X 1053 1056
973 11 X 1 899
1043 10 X 973 978
1093 9 X 1043 1056
1139 8 X 1103 1093
1161 7 X 1140 1139
1172 6 X 1157 1161
414 20 X 67 1
530 19 X 414 416
666 17 X 530 490
762 16 X 490 666
821 14 X 1 762
489 19 X 67 1
529 19 X 414 1
665 17 X 529 489
761 16 X 489 665
820 14 X 1 761
999 11 X 821 820
1088 9 X 1 999
1182 5 X 1172 1088
167 23 X 43 1
257 22 X 167 200
338 21 X 1 257
412 20 X 1 338
527 19 X 412 470
242 22 X 43 201
329 21 X 1 242
411 20 X 1 329
526 19 X 411 463
616 18 X 527 526
323 21 X 1 213
508 19 X 323 326
695 17 X 616 508
748 16 X 1 695
853 14 X 748 1
909 13 X 1 853
461 20 X 323 1
575 19 X 461 462
696 17 X 616 575
749 16 X 1 696
854 14 X 749 1
910 13 X 1 854
961 12 X 909 910
988 11 X 1 961
203 23 X 118 1
277 22 X 203 202
342 21 X 1 277
413 20 X 1 342
528 19 X 413 471
617 18 X 528 1
317 21 X 1 181
505 19 X 317 324
599 18 X 505 1
697 17 X 617 599
750 16 X 1 697
855 14 X 750 1
911 13 X 1 855
981 11 X 1 911
1050 10 X 988 981
1100 9 X 1050 1057
525 19 X 411 331
615 18 X 527 525
693 17 X 615 508
746 16 X 1 693
851 14 X 746 1
907 13 X 1 851
694 17 X 615 575
747 16 X 1 694
852 14 X 747 1
908 13 X 1 852
960 12 X 907 908
987 11 X 1 960
1049 10 X 987 981
1099 9 X 1049 1057
1137 8 X 1100 1099
315 21 X 1 169
402 20 X 1 315
519 19 X 402 403
304 21 X 1 43
395 20 X 1 304
513 19 X 395 460
604 18 X 519 513
682 17 X 604 508
735 16 X 1 682
845 14 X 735 1
901 13 X 1 845
975 11 X 1 901
319 21 X 1 183
406 20 X 1 319
522 19 X 406 410
608 18 X 522 1
686 17 X 608 599
739 16 X 1 686
310 21 X 1 118
397 20 X 1 310
516 19 X 397 400
611 18 X 522 516
404 20 X 1 317
520 19 X 404 409
600 18 X 505 520
689 17 X 611 600
742 16 X 1 689
807 15 X 739 742
893 14 X 807 1
919 13 X 1 893
985 11 X 1 919
1045 10 X 975 985
1095 9 X 1045 1056
512 19 X 395 306
603 18 X 519 512
681 17 X 603 508
734 16 X 1 681
844 14 X 734 1
900 13 X 1 844
974 11 X 1 900
515 19 X 397 399
610 18 X 522 515
688 17 X 610 600
741 16 X 1 688
806 15 X 739 741
892 14 X 806 1
918 13 X 1 892
984 11 X 1 918
1044 10 X 974 984
1094 9 X 1044 1056
1135 8 X 1095 1094
1159 7 X 1137 1135
1170 6 X 1157 1159
1180 5 X 1170 1088
1188 4 X 1182 1180
1194 3 X 1191 1188
1196 2 X 1193 1194
32 27 X 13 3
66 26 X 32 3
138 24 X 66 65
225 23 X 138 153
136 24 X 65 1
223 23 X 136 1
297 22 X 225 223
378 21 X 264 297
488 20 X 378 383
598 19 X 488 470
28 27 X 7 3
61 26 X 28 3
133 24 X 61 1
91 25 X 61 58
163 24 X 91 1
220 23 X 133 163
130 24 X 58 1
218 23 X 130 58
293 22 X 220 218
377 21 X 264 293
29 27 X 7 13
62 26 X 29 3
30 27 X 7 14
64 26 X 30 5
134 24 X 62 64
92 25 X 62 59
93 25 X 64 59
164 24 X 92 93
221 23 X 134 164
131 24 X 59 1
219 23 X 131 59
295 22 X 221 219
391 21 X 267 295
486 20 X 377 391
596 19 X 486 463
652 18 X 598 596
732 17 X 652 594
786 16 X 566 732
882 14 X 786 555
939 13 X 837 882
731 17 X 652 593
785 16 X 566 731
881 14 X 785 555
938 13 X 837 881
970 12 X 939 938
1036 11 X 835 970
487 20 X 378 379
597 19 X 487 471
651 18 X 597 565
730 17 X 651 650
804 16 X 679 730
890 14 X 804 676
953 13 X 842 890
1034 11 X 835 953
1075 10 X 1036 1034
1123 9 X 1075 1
137 24 X 66 1
224 23 X 137 153
298 22 X 225 224
353 21 X 177 298
479 20 X 353 365
589 19 X 479 470
38 26 X 7 3
109 24 X 38 1
87 25 X 38 36
159 24 X 87 1
192 23 X 109 159
160 24 X 87 36
193 23 X 109 160
274 22 X 192 193
351 21 X 177 274
39 26 X 7 5
112 24 X 38 39
88 25 X 39 36
161 24 X 87 88
196 23 X 112 161
110 24 X 38 5
194 23 X 110 161
276 22 X 196 194
364 21 X 180 276
476 20 X 351 364
586 19 X 476 331
647 18 X 589 586
729 17 X 647 585
778 16 X 544 729
874 14 X 778 533
931 13 X 836 874
728 17 X 647 584
777 16 X 544 728
873 14 X 777 533
930 13 X 836 873
968 12 X 931 930
1021 11 X 831 968
478 20 X 353 355
588 19 X 478 471
646 18 X 588 543
727 17 X 646 645
800 16 X 672 727
887 14 X 800 669
950 13 X 841 887
1019 11 X 831 950
1069 10 X 1021 1019
1117 9 X 1069 1
1150 8 X 1123 1117
292 22 X 220 58
376 21 X 264 292
294 22 X 221 59
390 21 X 267 294
485 20 X 376 390
595 19 X 485 460
638 18 X 573 595
720 17 X 638 594
783 16 X 566 720
879 14 X 783 555
936 13 X 837 879
1031 11 X 835 936
63 26 X 29 22
135 24 X 63 59
132 24 X 60 59
222 23 X 135 132
296 22 X 222 132
373 21 X 263 296
448 20 X 263 373
563 19 X 448 400
631 18 X 560 563
712 17 X 631 649
796 16 X 662 712
813 15 X 794 796
898 14 X 813 1
947 13 X 840 898
1026 11 X 833 947
1073 10 X 1031 1026
1121 9 X 1073 1
111 24 X 38 36
195 23 X 111 160
275 22 X 192 195
352 21 X 177 275
358 21 X 180 196
477 20 X 352 358
587 19 X 477 306
626 18 X 549 587
706 17 X 626 585
773 16 X 544 706
869 14 X 773 533
926 13 X 836 869
1015 11 X 831 926
40 26 X 7 21
113 24 X 40 36
108 24 X 37 36
197 23 X 113 108
347 21 X 176 197
425 20 X 176 347
540 19 X 425 399
619 18 X 538 540
699 17 X 619 644
791 16 X 661 699
810 15 X 790 791
895 14 X 810 1
943 13 X 839 895
1008 11 X 829 943
1066 10 X 1015 1008
1114 9 X 1066 1
1148 8 X 1121 1114
1165 7 X 1150 1148
1175 6 X 1163 1165
1185 5 X 1175 1168
1192 4 X 1186 1185
170 23 X 65 1
258 22 X 170 223
339 21 X 1 258
468 20 X 339 338
580 19 X 468 470
252 22 X 130 218
337 21 X 1 252
243 22 X 59 219
330 21 X 1 243
467 20 X 337 330
579 19 X 467 463
641 18 X 580 579
724 17 X 641 508
753 16 X 1 724
858 14 X 753 1
914 13 X 1 858
725 17 X 641 575
754 16 X 1 725
859 14 X 754 1
915 13 X 1 859
963 12 X 914 915
990 11 X 1 963
469 20 X 339 342
581 19 X 469 471
642 18 X 581 1
726 17 X 642 599
755 16 X 1 726
860 14 X 755 1
916 13 X 1 860
982 11 X 1 916
1052 10 X 990 982
1102 9 X 1052 1057
107 24 X 36 1
191 23 X 107 36
250 22 X 107 191
335 21 X 1 250
241 22 X 36 191
328 21 X 1 241
465 20 X 335 328
577 19 X 465 331
640 18 X 580 577
722 17 X 640 508
751 16 X 1 722
856 14 X 751 1
912 13 X 1 856
723 17 X 640 575
752 16 X 1 723
857 14 X 752 1
913 13 X 1 857
962 12 X 912 913
989 11 X 1 962
1051 10 X 989 982
1101 9 X 1051 1057
1138 8 X 1102 1101
251 22 X 130 58
336 21 X 1 251
305 21 X 1 59
466 20 X 336 305
578 19 X 466 460
606 18 X 519 578
684 17 X 606 508
737 16 X 1 684
847 14 X 737 1
903 13 X 1 847
977 11 X 1 903
311 21 X 1 132
398 20 X 1 311
517 19 X 398 400
612 18 X 522 517
690 17 X 612 600
743 16 X 1 690
808 15 X 739 743
894 14 X 808 1
920 13 X 1 894
986 11 X 1 920
1047 10 X 977 986
1097 9 X 1047 1056
249 22 X 107 36
334 21 X 1 249
303 21 X 1 36
464 20 X 334 303
576 19 X 464 306
605 18 X 519 576
683 17 X 605 508
736 16 X 1 683
846 14 X 736 1
902 13 X 1 846
976 11 X 1 902
309 21 X 1 108
396 20 X 1 309
514 19 X 396 399
609 18 X 522 514
687 17 X 609 600
740 16 X 1 687
805 15 X 739 740
891 14 X 805 1
917 13 X 1 891
983 11 X 1 917
1046 10 X 976 983
1096 9 X 1046 1056
1136 8 X 1097 1096
1160 7 X 1138 1136
1171 6 X 1157 1160
1181 5 X 1171 1088
1189 4 X 1182 1181
1195 3 X 1192 1189
1197 2 X 1193 1195
1198 1 X 1196 1197
