262
jauiuy nhzpxh mdtnqu mxsiur zkuiin qbthkw tdkeme quemsp yljbgs zjxzte bkwujm dynpzl xmtrqs tjjqan ecxdby dttfdn
4 5 14 3 16 7 2 6 15 13 9 10 1 11 8 12
1 17 -1 -1 -1
3 17 1 -1 -1
16 14 X 1 3
163 8 X 1 16
107 10 X 1 3
108 10 X 16 3
168 8 X 107 108
201 7 X 168 163
222 6 X 163 201
235 5 X 222 3
248 4 X 222 235
2 17 0 -1 -1
5 16 X 2 1
21 14 X 5 1
53 13 X 21 1
77 12 X 53 1
133 9 X 1 77
171 8 X 133 1
204 7 X 171 1
184 7 X 107 1
228 6 X 204 184
6 16 X 2 3
22 14 X 6 3
54 13 X 22 3
78 12 X 54 3
118 10 X 77 78
141 9 X 107 118
188 7 X 141 1
214 6 X 1 188
241 5 X 228 214
34 13 X 1 21
73 12 X 21 34
132 9 X 1 73
170 8 X 132 1
203 7 X 170 1
8 15 X 1 5
23 14 X 8 1
35 13 X 1 23
11 15 X 3 6
26 14 X 11 3
41 13 X 3 26
109 10 X 35 41
140 9 X 107 109
187 7 X 140 1
227 6 X 203 187
55 13 X 22 26
79 12 X 55 41
135 9 X 3 79
185 7 X 135 3
218 6 X 3 185
240 5 X 227 218
252 4 X 241 240
256 3 X 248 252
9 15 X 2 1
17 14 X 1 9
46 13 X 17 1
66 12 X 1 46
100 11 X 66 1
85 11 X 16 1
167 8 X 100 85
164 8 X 1 85
200 7 X 167 164
13 15 X 5 1
18 14 X 1 13
47 13 X 18 1
67 12 X 1 47
101 11 X 67 1
14 15 X 6 3
20 14 X 3 14
50 13 X 20 3
71 12 X 3 50
104 11 X 71 3
129 10 X 101 104
160 9 X 129 107
122 10 X 85 3
183 8 X 160 122
213 7 X 183 164
226 6 X 200 213
169 8 X 107 122
202 7 X 169 164
223 6 X 164 202
239 5 X 226 223
236 5 X 223 3
251 4 X 239 236
165 8 X 46 1
199 7 X 165 1
113 10 X 47 50
146 9 X 113 107
192 7 X 146 1
225 6 X 199 192
215 6 X 1 192
238 5 X 225 215
86 11 X 17 1
138 9 X 86 17
175 8 X 138 1
208 7 X 175 1
48 13 X 18 17
91 11 X 48 1
10 15 X 2 3
19 14 X 3 10
39 13 X 3 19
88 11 X 39 3
124 10 X 91 88
155 9 X 124 107
197 7 X 155 1
232 6 X 208 197
51 13 X 20 19
92 11 X 51 3
139 9 X 92 3
186 7 X 139 3
219 6 X 3 186
245 5 X 232 219
250 4 X 238 245
258 3 X 251 250
260 2 X 256 258
62 12 X 1 34
96 11 X 62 1
134 9 X 1 96
172 8 X 134 16
205 7 X 172 163
24 14 X 9 1
36 13 X 1 24
63 12 X 1 36
97 11 X 63 1
25 14 X 10 3
40 13 X 3 25
69 12 X 3 40
102 11 X 69 3
125 10 X 97 102
156 9 X 125 107
179 8 X 156 108
211 7 X 179 163
229 6 X 205 211
242 5 X 229 222
253 4 X 242 235
56 13 X 24 1
80 12 X 56 1
119 10 X 80 1
151 9 X 119 73
178 8 X 151 1
210 7 X 178 1
110 10 X 36 40
142 9 X 110 107
189 7 X 142 1
234 6 X 210 189
29 14 X 13 1
57 13 X 29 24
4 16 X 1 2
12 15 X 4 1
27 14 X 12 1
37 13 X 1 27
81 12 X 57 37
30 14 X 14 3
58 13 X 30 25
82 12 X 58 40
120 10 X 81 82
152 9 X 120 118
194 7 X 152 1
217 6 X 1 194
247 5 X 234 217
74 12 X 24 36
136 9 X 74 73
173 8 X 136 1
206 7 X 173 1
143 9 X 110 109
190 7 X 143 1
230 6 X 206 190
7 16 X 3 2
15 15 X 7 3
31 14 X 15 3
42 13 X 3 31
83 12 X 58 42
121 10 X 83 82
153 9 X 121 79
195 7 X 153 3
220 6 X 3 195
243 5 X 230 220
255 4 X 247 243
259 3 X 253 255
43 13 X 9 17
64 12 X 1 43
98 11 X 64 1
60 12 X 1 17
94 11 X 60 1
126 10 X 98 94
59 12 X 1 9
93 11 X 59 1
157 9 X 126 93
180 8 X 157 85
44 13 X 13 9
65 12 X 1 44
99 11 X 65 1
45 13 X 14 10
70 12 X 3 45
103 11 X 70 3
128 10 X 99 103
159 9 X 128 107
182 8 X 159 122
33 13 X 1 9
61 12 X 1 33
95 11 X 61 1
127 10 X 99 95
158 9 X 127 1
181 8 X 158 85
212 7 X 182 181
224 6 X 180 212
237 5 X 224 223
249 4 X 237 236
111 10 X 43 17
144 9 X 111 9
176 8 X 144 1
114 10 X 64 60
147 9 X 114 59
177 8 X 147 1
209 7 X 176 177
112 10 X 44 45
145 9 X 112 107
115 10 X 65 61
148 9 X 115 1
191 7 X 145 148
233 6 X 209 191
28 14 X 12 9
49 13 X 18 28
75 12 X 44 49
117 10 X 75 45
150 9 X 117 107
68 12 X 1 49
116 10 X 68 65
149 9 X 116 1
193 7 X 150 149
216 6 X 1 193
246 5 X 233 216
84 11 X 9 1
137 9 X 84 9
174 8 X 137 1
166 8 X 93 1
207 7 X 174 166
89 11 X 44 1
38 13 X 3 10
87 11 X 38 3
123 10 X 89 87
154 9 X 123 107
196 7 X 154 158
231 6 X 207 196
32 14 X 15 10
52 13 X 20 32
76 12 X 45 52
106 11 X 76 3
90 11 X 45 3
131 10 X 106 90
162 9 X 131 3
72 12 X 3 52
105 11 X 72 3
130 10 X 105 103
161 9 X 130 3
198 7 X 162 161
221 6 X 3 198
244 5 X 231 221
254 4 X 246 244
257 3 X 249 254
261 2 X 259 257
262 1 X 260 261
