733
kprjin kkhhny thxjps yefqna dtpifw kgldpt jawdil nauqii jhskfh pqrfdi lkfvio fcsetd hcypqu lnohng bqhknw apjebs qjwhxd pjnnej agsqqk rvcreo
7 3 5 14 15 1 10 17 13 20 11 4 12 19 16 18 2 8 6 9
1 21 -1 -1 -1
2 21 0 -1 -1
6 19 X 2 1
12 18 X 6 1
25 17 X 12 1
37 16 X 1 25
64 15 X 1 37
169 14 X 64 1
247 13 X 169 1
336 12 X 247 1
472 10 X 336 1
572 9 X 472 1
631 8 X 572 1
4 20 X 2 1
8 19 X 4 1
14 18 X 6 8
27 17 X 14 1
38 16 X 1 27
138 14 X 37 38
228 13 X 138 1
443 10 X 228 1
545 9 X 443 1
22 17 X 8 1
35 16 X 1 22
91 15 X 35 1
119 14 X 1 91
219 13 X 119 1
103 14 X 1 35
206 13 X 103 1
310 12 X 219 206
464 10 X 310 1
564 9 X 464 1
621 8 X 545 564
664 7 X 631 621
3 20 X 1 2
7 19 X 3 1
15 18 X 7 1
29 17 X 15 1
49 16 X 29 25
72 15 X 1 49
181 14 X 72 1
256 13 X 181 1
345 12 X 256 1
394 11 X 336 345
498 10 X 394 1
581 9 X 498 1
17 18 X 8 1
31 17 X 17 1
41 16 X 1 31
68 15 X 1 41
175 14 X 68 1
250 13 X 175 1
339 12 X 250 1
474 10 X 339 1
574 9 X 474 1
639 8 X 581 574
50 16 X 29 27
154 14 X 49 50
236 13 X 154 1
323 12 X 236 1
471 10 X 323 1
570 9 X 471 1
300 12 X 206 1
461 10 X 300 1
561 9 X 461 1
629 8 X 570 561
676 7 X 639 629
700 6 X 664 676
5 19 X 1 3
11 18 X 5 1
21 17 X 1 11
86 15 X 21 11
121 14 X 11 86
221 13 X 121 11
400 10 X 1 221
43 16 X 21 1
42 16 X 11 1
93 15 X 43 42
185 14 X 93 86
144 14 X 42 11
258 13 X 185 144
203 13 X 86 11
348 12 X 258 203
411 10 X 1 348
520 9 X 400 411
605 8 X 520 1
647 7 X 1 605
53 15 X 1 11
202 13 X 53 11
295 12 X 202 1
403 10 X 1 295
588 8 X 403 1
644 7 X 1 588
686 6 X 647 644
716 5 X 700 686
39 16 X 1 29
66 15 X 1 39
172 14 X 66 1
249 13 X 172 1
338 12 X 249 1
473 10 X 338 1
573 9 X 473 1
632 8 X 573 1
16 18 X 7 8
30 17 X 16 1
40 16 X 1 30
142 14 X 39 40
230 13 X 142 1
444 10 X 230 1
48 16 X 29 1
151 14 X 48 30
233 13 X 151 1
10 18 X 1 8
24 17 X 10 1
101 14 X 1 24
205 13 X 101 1
320 12 X 233 205
46 16 X 25 1
147 14 X 46 27
232 13 X 147 1
133 14 X 31 22
226 13 X 133 1
319 12 X 232 226
387 11 X 320 319
497 10 X 387 1
547 9 X 444 497
36 16 X 1 24
92 15 X 36 1
120 14 X 1 92
220 13 X 120 1
104 14 X 1 36
207 13 X 104 1
311 12 X 220 207
465 10 X 311 1
89 15 X 24 1
117 14 X 1 89
218 13 X 117 1
309 12 X 218 205
87 15 X 22 1
115 14 X 1 87
217 13 X 115 1
99 14 X 1 22
204 13 X 99 1
308 12 X 217 204
383 11 X 309 308
493 10 X 383 1
566 9 X 465 493
623 8 X 547 566
666 7 X 632 623
60 15 X 1 29
165 14 X 60 1
245 13 X 165 1
334 12 X 245 1
396 11 X 338 334
500 10 X 396 1
583 9 X 500 1
641 8 X 583 1
51 16 X 29 30
131 14 X 29 51
225 13 X 131 1
314 12 X 225 1
467 10 X 314 1
130 14 X 29 30
224 13 X 130 1
313 12 X 224 1
125 14 X 25 27
222 13 X 125 1
312 12 X 222 1
384 11 X 313 312
494 10 X 384 1
567 9 X 467 494
301 12 X 207 1
462 10 X 301 1
299 12 X 205 1
298 12 X 204 1
379 11 X 299 298
492 10 X 379 1
563 9 X 462 492
627 8 X 567 563
678 7 X 641 627
702 6 X 666 678
98 14 X 1 10
9 18 X 1 4
19 17 X 1 9
77 15 X 19 9
109 14 X 1 77
97 14 X 1 9
211 13 X 109 97
428 10 X 98 211
28 17 X 14 10
148 14 X 46 28
23 17 X 8 10
134 14 X 31 23
282 12 X 148 134
361 11 X 98 282
70 15 X 1 46
13 18 X 6 4
26 17 X 13 9
78 15 X 19 26
178 14 X 70 78
146 14 X 46 26
253 13 X 178 146
57 15 X 1 25
161 14 X 57 78
124 14 X 25 26
241 13 X 161 124
342 12 X 253 241
365 11 X 211 342
480 10 X 361 365
525 9 X 428 480
75 15 X 10 1
107 14 X 1 75
264 12 X 107 98
76 15 X 19 1
108 14 X 1 76
74 15 X 9 1
106 14 X 1 74
209 13 X 108 106
303 12 X 209 211
449 10 X 264 303
88 15 X 23 1
116 14 X 1 88
100 14 X 1 23
266 12 X 116 100
370 11 X 264 266
18 18 X 8 4
32 17 X 18 9
90 15 X 32 1
118 14 X 1 90
210 13 X 108 118
79 15 X 19 32
110 14 X 1 79
102 14 X 1 32
212 13 X 110 102
304 12 X 210 212
380 11 X 303 304
486 10 X 370 380
553 9 X 449 486
608 8 X 525 553
648 7 X 1 608
262 12 X 98 1
20 17 X 1 10
81 15 X 20 9
112 14 X 1 81
214 13 X 112 97
306 12 X 214 1
448 10 X 262 306
126 14 X 25 28
272 12 X 126 1
369 11 X 262 272
83 15 X 20 26
162 14 X 57 83
242 13 X 162 124
331 12 X 242 1
382 11 X 306 331
485 10 X 369 382
552 9 X 448 485
263 12 X 100 1
368 11 X 262 263
85 15 X 20 32
114 14 X 1 85
216 13 X 114 102
307 12 X 216 1
381 11 X 306 307
484 10 X 368 381
551 9 X 448 484
625 8 X 552 551
651 7 X 1 625
688 6 X 648 651
718 5 X 702 688
726 4 X 716 718
170 14 X 64 66
248 13 X 170 1
337 12 X 248 1
182 14 X 72 60
257 13 X 182 1
346 12 X 257 1
395 11 X 337 346
499 10 X 395 1
582 9 X 499 1
640 8 X 582 574
153 14 X 49 29
235 13 X 153 1
322 12 X 235 1
470 10 X 322 1
569 9 X 470 1
628 8 X 569 1
677 7 X 640 628
682 6 X 1 677
33 16 X 1 11
189 13 X 1 33
347 12 X 258 189
410 10 X 1 347
503 9 X 1 410
592 8 X 503 1
34 16 X 1 21
190 13 X 1 34
297 12 X 202 190
404 10 X 1 297
589 8 X 404 1
683 6 X 592 589
710 5 X 682 683
45 16 X 24 1
69 15 X 1 45
176 14 X 69 1
145 14 X 45 1
251 13 X 176 145
136 14 X 36 1
193 13 X 1 136
340 12 X 251 193
177 14 X 70 60
149 14 X 46 29
252 13 X 177 149
139 14 X 37 39
194 13 X 1 139
341 12 X 252 194
397 11 X 340 341
425 10 X 1 397
513 9 X 1 425
95 15 X 45 1
187 14 X 95 1
200 13 X 1 187
293 12 X 200 193
52 16 X 31 1
96 15 X 52 1
188 14 X 96 1
201 13 X 1 188
143 14 X 41 1
196 13 X 1 143
294 12 X 201 196
378 11 X 293 294
418 10 X 1 378
510 9 X 1 418
598 8 X 513 510
283 12 X 149 194
352 11 X 1 283
356 11 X 1 341
477 10 X 352 356
519 9 X 1 477
604 8 X 519 1
655 7 X 598 604
56 15 X 1 24
158 14 X 56 1
123 14 X 24 1
238 13 X 158 123
326 12 X 238 1
160 14 X 57 60
127 14 X 25 29
240 13 X 160 127
329 12 X 240 1
389 11 X 326 329
420 10 X 1 389
511 9 X 1 420
61 15 X 1 31
166 14 X 61 1
132 14 X 31 1
246 13 X 166 132
335 12 X 246 1
390 11 X 326 335
421 10 X 1 390
512 9 X 1 421
597 8 X 511 512
274 12 X 127 1
350 11 X 1 274
354 11 X 1 329
475 10 X 350 354
517 9 X 1 475
602 8 X 517 1
654 7 X 597 602
692 6 X 655 654
704 5 X 1 692
722 4 X 710 704
730 3 X 726 722
67 15 X 1 40
173 14 X 67 1
442 10 X 173 1
544 9 X 442 1
63 15 X 1 36
168 14 X 63 1
260 12 X 1 168
446 10 X 260 1
549 9 X 446 1
620 8 X 544 549
438 10 X 142 1
538 9 X 438 1
269 12 X 120 104
453 10 X 269 1
556 9 X 453 1
615 8 X 538 556
662 7 X 620 615
73 15 X 1 51
183 14 X 73 1
290 12 X 183 173
364 11 X 173 290
483 10 X 364 1
576 9 X 483 1
440 10 X 168 1
542 9 X 440 1
634 8 X 576 542
435 10 X 131 1
533 9 X 435 1
432 10 X 104 1
530 9 X 432 1
611 8 X 533 530
669 7 X 634 611
697 6 X 662 669
358 11 X 1 348
415 10 X 1 358
507 9 X 1 415
596 8 X 507 1
646 7 X 1 596
349 11 X 1 202
412 10 X 1 349
504 9 X 1 412
593 8 X 504 1
645 7 X 1 593
685 6 X 646 645
713 5 X 697 685
284 12 X 151 101
280 12 X 147 133
374 11 X 284 280
490 10 X 374 1
539 9 X 438 490
267 12 X 117 101
265 12 X 115 99
371 11 X 267 265
487 10 X 371 1
557 9 X 453 487
616 8 X 539 557
663 7 X 620 616
276 12 X 130 101
271 12 X 125 133
372 11 X 276 271
488 10 X 372 1
534 9 X 435 488
362 11 X 101 99
481 10 X 362 1
531 9 X 432 481
612 8 X 534 531
670 7 X 634 612
698 6 X 663 670
429 10 X 98 214
273 12 X 126 134
360 11 X 98 273
367 11 X 214 242
479 10 X 360 367
527 9 X 429 479
359 11 X 98 100
366 11 X 214 216
478 10 X 359 366
526 9 X 429 478
609 8 X 527 526
649 7 X 1 609
687 6 X 648 649
714 5 X 698 687
724 4 X 713 714
174 14 X 67 66
198 13 X 1 174
289 12 X 174 198
184 14 X 73 60
291 12 X 184 198
375 11 X 289 291
491 10 X 375 1
578 9 X 491 1
197 13 X 1 168
288 12 X 168 197
459 10 X 288 1
560 9 X 459 1
636 8 X 578 560
191 13 X 1 39
261 12 X 29 191
447 10 X 261 1
550 9 X 447 1
624 8 X 550 1
672 7 X 636 624
680 6 X 1 672
357 11 X 1 347
414 10 X 1 357
506 9 X 1 414
595 8 X 506 1
296 12 X 202 189
353 11 X 1 296
413 10 X 1 353
505 9 X 1 413
594 8 X 505 1
684 6 X 595 594
708 5 X 680 684
47 16 X 27 1
71 15 X 1 47
180 14 X 71 60
150 14 X 47 29
255 13 X 180 150
141 14 X 38 39
195 13 X 1 141
344 12 X 255 195
398 11 X 340 344
426 10 X 1 398
514 9 X 1 426
44 16 X 22 1
94 15 X 44 1
186 14 X 94 1
199 13 X 1 186
135 14 X 35 1
192 13 X 1 135
292 12 X 199 192
377 11 X 293 292
417 10 X 1 377
509 9 X 1 417
599 8 X 514 509
656 7 X 599 604
270 12 X 123 193
401 10 X 1 270
327 12 X 238 193
58 15 X 1 27
164 14 X 58 60
129 14 X 27 29
244 13 X 164 129
333 12 X 244 195
392 11 X 327 333
423 10 X 1 392
522 9 X 401 423
54 15 X 1 22
157 14 X 54 1
122 14 X 22 1
237 13 X 157 122
325 12 X 237 192
391 11 X 327 325
422 10 X 1 391
521 9 X 401 422
606 8 X 522 521
275 12 X 127 194
351 11 X 1 275
330 12 X 240 194
355 11 X 1 330
476 10 X 351 355
518 9 X 1 476
603 8 X 518 1
658 7 X 606 603
693 6 X 656 658
705 5 X 1 693
720 4 X 708 705
728 3 X 724 720
732 2 X 730 728
137 14 X 37 1
227 13 X 137 1
315 12 X 227 1
152 14 X 49 1
234 13 X 152 1
321 12 X 234 1
385 11 X 315 321
495 10 X 385 1
579 9 X 495 1
231 13 X 143 1
317 12 X 231 1
468 10 X 317 1
568 9 X 468 1
637 8 X 579 568
673 7 X 637 629
699 6 X 664 673
715 5 X 699 1
318 12 X 232 222
469 10 X 318 1
546 9 X 443 469
463 10 X 308 1
565 9 X 464 463
622 8 X 546 565
665 7 X 631 622
466 10 X 312 1
571 9 X 471 466
460 10 X 298 1
562 9 X 461 460
630 8 X 571 562
674 7 X 637 630
701 6 X 665 674
84 15 X 20 28
128 14 X 25 84
223 13 X 128 126
434 10 X 126 223
281 12 X 148 126
179 14 X 70 84
254 13 X 179 148
163 14 X 57 84
243 13 X 163 126
343 12 X 254 243
456 10 X 281 343
532 9 X 434 456
80 15 X 20 1
111 14 X 1 80
213 13 X 111 116
82 15 X 20 23
113 14 X 1 82
215 13 X 113 100
305 12 X 213 215
451 10 X 266 305
610 8 X 532 451
650 7 X 1 610
59 15 X 1 28
159 14 X 57 59
239 13 X 159 126
328 12 X 239 1
55 15 X 1 23
105 14 X 1 55
208 13 X 105 100
302 12 X 208 1
585 8 X 328 302
643 7 X 1 585
690 6 X 650 643
717 5 X 701 690
725 4 X 715 717
229 13 X 139 1
316 12 X 229 1
386 11 X 316 322
496 10 X 386 1
580 9 X 496 1
638 8 X 580 568
675 7 X 638 628
681 6 X 1 675
709 5 X 681 1
399 11 X 344 341
427 10 X 1 399
515 9 X 1 427
376 11 X 292 294
416 10 X 1 376
508 9 X 1 416
600 8 X 515 508
457 10 X 283 341
516 9 X 1 457
601 8 X 516 1
657 7 X 600 601
406 10 X 1 329
332 12 X 244 1
393 11 X 332 329
424 10 X 1 393
523 9 X 406 424
408 10 X 1 335
324 12 X 237 1
388 11 X 324 335
419 10 X 1 388
524 9 X 408 419
607 8 X 523 524
586 8 X 329 1
659 7 X 607 586
694 6 X 657 659
706 5 X 1 694
721 4 X 709 706
729 3 X 725 721
65 15 X 1 38
171 14 X 65 1
441 10 X 171 1
543 9 X 441 1
62 15 X 1 35
167 14 X 62 1
259 12 X 1 167
445 10 X 259 1
548 9 X 445 1
619 8 X 543 548
437 10 X 138 1
536 9 X 437 1
268 12 X 119 103
452 10 X 268 1
554 9 X 452 1
613 8 X 536 554
660 7 X 619 613
140 14 X 38 1
155 14 X 50 1
286 12 X 155 140
363 11 X 140 286
482 10 X 363 1
575 9 X 482 1
436 10 X 135 1
535 9 X 436 1
633 8 X 575 535
439 10 X 154 1
540 9 X 439 1
431 10 X 103 1
528 9 X 431 1
617 8 X 540 528
667 7 X 633 617
695 6 X 660 667
711 5 X 695 1
279 12 X 147 125
455 10 X 279 1
537 9 X 437 455
450 10 X 265 1
555 9 X 452 450
614 8 X 537 555
661 7 X 619 614
433 10 X 125 1
541 9 X 439 433
430 10 X 99 1
529 9 X 431 430
618 8 X 541 529
668 7 X 633 618
696 6 X 661 668
584 8 X 239 208
642 7 X 1 584
689 6 X 650 642
712 5 X 696 689
723 4 X 711 712
278 12 X 141 195
156 14 X 50 29
287 12 X 156 195
373 11 X 278 287
489 10 X 373 1
577 9 X 489 1
277 12 X 135 192
454 10 X 277 1
558 9 X 454 1
635 8 X 577 558
285 12 X 153 194
458 10 X 285 1
559 9 X 458 1
626 8 X 559 1
671 7 X 635 626
679 6 X 1 671
707 5 X 679 1
409 10 X 1 344
502 9 X 1 409
402 10 X 1 292
501 9 X 1 402
591 8 X 502 501
653 7 X 591 601
407 10 X 1 333
405 10 X 1 325
590 8 X 407 405
587 8 X 330 1
652 7 X 590 587
691 6 X 653 652
703 5 X 1 691
719 4 X 707 703
727 3 X 723 719
731 2 X 729 727
733 1 X 732 731
