241
ywmxor htlqtz utddqm szbccc ubhoeh celgsl iysvib mbmzvf jaucvt ncjndb velzqw bkimlw okocwl pfpfoj wlecey qxrrxb uzfkti dzbylm
3 12 14 4 6 11 13 1 18 8 7 15 5 16 2 17 9 10
3 19 1 -1 -1
2 19 0 -1 -1
8 18 X 3 2
13 17 X 3 8
27 15 X 3 13
22 16 X 13 3
32 15 X 3 22
42 14 X 27 32
56 13 X 32 42
64 12 X 42 56
63 12 X 42 32
86 11 X 64 63
124 9 X 3 86
19 16 X 3 13
30 15 X 3 19
43 14 X 30 3
11 17 X 3 2
17 16 X 3 11
28 15 X 3 17
78 11 X 43 28
122 9 X 3 78
160 8 X 124 122
15 17 X 8 3
24 16 X 15 3
33 15 X 3 24
47 14 X 33 3
52 13 X 3 47
60 12 X 3 52
83 11 X 60 3
1 19 -1 -1 -1
108 10 X 83 1
92 10 X 3 1
141 9 X 108 92
170 8 X 141 92
69 12 X 47 52
91 11 X 69 3
119 10 X 91 1
149 9 X 119 92
178 8 X 149 92
187 7 X 170 178
203 6 X 160 187
7 18 X 3 1
14 17 X 7 8
23 16 X 14 7
37 15 X 23 7
53 13 X 7 37
49 14 X 37 7
54 13 X 7 49
79 11 X 53 54
106 10 X 79 7
34 15 X 7 23
57 13 X 34 23
48 14 X 34 7
40 14 X 23 7
59 13 X 48 40
82 11 X 57 59
139 9 X 106 82
168 8 X 139 7
20 16 X 8 3
31 15 X 3 20
45 14 X 31 32
51 13 X 3 45
62 12 X 32 51
46 14 X 32 3
66 12 X 46 3
84 11 X 62 66
109 10 X 84 1
142 9 X 108 109
171 8 X 142 92
65 12 X 45 51
88 11 X 65 66
114 10 X 88 1
150 9 X 119 114
179 8 X 150 92
188 7 X 171 179
208 6 X 168 188
221 5 X 203 208
95 10 X 43 3
126 9 X 3 95
6 18 X 2 3
12 17 X 3 6
18 16 X 3 12
29 15 X 3 18
73 11 X 3 29
98 10 X 73 3
105 10 X 78 3
135 9 X 98 105
162 8 X 126 135
205 6 X 162 92
195 6 X 7 92
223 5 X 205 195
232 4 X 221 223
128 9 X 92 3
68 12 X 47 3
90 11 X 68 3
118 10 X 90 1
148 9 X 118 3
177 8 X 148 128
183 7 X 128 177
202 6 X 160 183
110 10 X 84 3
143 9 X 108 110
172 8 X 143 128
115 10 X 88 3
151 9 X 119 115
180 8 X 151 128
189 7 X 172 180
209 6 X 168 189
220 5 X 202 209
61 12 X 29 3
75 11 X 3 61
101 10 X 75 3
138 9 X 101 105
163 8 X 126 138
182 7 X 3 163
213 6 X 182 128
196 6 X 7 128
227 5 X 213 196
231 4 X 220 227
237 3 X 232 231
93 10 X 32 3
130 9 X 93 64
134 9 X 98 78
165 8 X 130 134
96 10 X 62 1
76 11 X 3 62
102 10 X 76 1
131 9 X 96 102
166 8 X 131 92
87 11 X 65 62
113 10 X 87 1
145 9 X 113 102
174 8 X 145 92
185 7 X 166 174
206 6 X 165 185
107 10 X 82 7
140 9 X 107 82
169 8 X 140 7
44 14 X 31 3
50 13 X 3 44
67 12 X 46 50
85 11 X 62 67
111 10 X 85 1
155 8 X 111 92
89 11 X 65 67
116 10 X 89 1
156 8 X 116 92
184 7 X 155 156
210 6 X 169 184
224 5 X 206 210
38 14 X 19 3
94 10 X 38 3
125 9 X 3 94
72 11 X 3 18
97 10 X 72 3
77 11 X 38 17
104 10 X 77 3
133 9 X 97 104
161 8 X 125 133
204 6 X 161 92
222 5 X 204 195
233 4 X 224 222
103 10 X 76 3
132 9 X 96 103
167 8 X 132 128
146 9 X 113 103
175 8 X 146 128
186 7 X 167 175
207 6 X 165 186
112 10 X 85 3
144 9 X 111 112
173 8 X 144 128
117 10 X 89 3
147 9 X 116 117
176 8 X 147 128
190 7 X 173 176
211 6 X 169 190
225 5 X 207 211
181 7 X 3 161
212 6 X 181 128
226 5 X 212 196
234 4 X 225 226
238 3 X 233 234
240 2 X 237 238
81 11 X 56 32
123 9 X 3 81
159 8 X 123 122
5 18 X 2 1
10 17 X 1 5
16 16 X 1 10
25 15 X 1 16
70 11 X 1 25
99 10 X 73 70
129 9 X 92 99
153 8 X 92 129
201 6 X 159 153
4 18 X 1 2
9 17 X 1 4
21 16 X 9 1
26 15 X 1 21
55 13 X 26 21
41 14 X 26 1
39 14 X 21 1
58 13 X 41 39
80 11 X 55 58
120 9 X 1 80
157 8 X 120 1
199 6 X 157 92
219 5 X 201 199
121 9 X 3 43
158 8 X 121 122
200 6 X 158 153
191 6 X 1 92
218 5 X 200 191
230 4 X 219 218
194 6 X 3 128
192 6 X 1 128
215 5 X 194 192
236 3 X 230 215
193 6 X 3 92
214 5 X 193 191
36 15 X 18 3
74 11 X 3 36
127 9 X 74 3
152 8 X 3 127
35 15 X 16 1
71 11 X 1 35
100 10 X 74 71
137 9 X 100 92
154 8 X 92 137
197 6 X 152 154
216 5 X 197 191
228 4 X 214 216
136 9 X 100 3
164 8 X 128 136
198 6 X 152 164
217 5 X 198 192
229 4 X 215 217
235 3 X 228 229
239 2 X 236 235
241 1 X 240 239
