486
ndvqhw vnebmq dnhxbi pdildk obwiyx qqixel tpwrar xqqxwb cquoll dszwog mslnxy lkefpb nrabmm qrikrc dopomq oikqam hntcxo iaocym ewsnkb xlslen
15 13 7 9 4 10 3 17 11 14 8 5 20 2 12 6 19 18 16 1
3 21 1 -1 -1
2 21 0 -1 -1
8 20 X 3 2
11 19 X 8 3
21 18 X 11 3
28 17 X 3 21
102 14 X 28 3
58 15 X 3 28
103 14 X 28 58
40 16 X 3 28
76 15 X 28 40
62 15 X 3 40
135 14 X 76 62
177 13 X 103 135
227 12 X 3 177
17 18 X 8 3
27 17 X 3 17
47 16 X 27 28
65 15 X 3 47
104 14 X 28 65
178 13 X 104 135
228 12 X 3 178
297 11 X 227 228
337 9 X 102 297
48 16 X 28 3
118 14 X 48 3
66 15 X 3 48
120 14 X 48 66
90 15 X 48 3
158 14 X 90 3
194 13 X 120 158
230 12 X 3 194
339 9 X 118 230
394 8 X 337 339
134 14 X 76 3
176 13 X 102 134
226 12 X 3 176
335 9 X 102 226
430 7 X 394 335
293 11 X 177 178
336 9 X 102 293
320 10 X 3 118
322 10 X 3 194
382 9 X 320 322
393 8 X 336 382
334 9 X 102 176
429 7 X 393 334
457 6 X 430 429
124 14 X 58 3
255 12 X 102 124
175 13 X 102 3
225 12 X 3 175
360 9 X 255 225
164 13 X 28 76
224 12 X 3 164
359 9 X 255 224
411 8 X 360 359
199 13 X 124 3
271 12 X 175 199
375 9 X 271 225
361 9 X 255 226
419 8 X 375 361
443 7 X 411 419
357 9 X 255 175
325 10 X 3 255
321 10 X 3 164
384 9 X 325 321
410 8 X 357 384
374 9 X 271 175
358 9 X 255 176
418 8 X 374 358
442 7 X 410 418
463 6 X 443 442
471 5 X 457 463
98 14 X 21 3
57 15 X 3 21
99 14 X 21 57
37 16 X 3 21
71 15 X 21 37
61 15 X 3 37
126 14 X 71 61
173 13 X 99 126
42 16 X 17 21
64 15 X 3 42
100 14 X 21 64
174 13 X 100 126
292 11 X 173 174
333 9 X 98 292
338 9 X 118 194
392 8 X 333 338
125 14 X 71 3
171 13 X 98 125
332 9 X 98 171
428 7 X 392 332
9 19 X 2 3
19 18 X 9 3
35 17 X 19 21
6 20 X 2 3
10 19 X 6 3
20 18 X 10 3
36 17 X 20 3
107 14 X 35 36
257 12 X 107 98
16 18 X 6 3
34 17 X 16 3
55 16 X 34 36
108 14 X 35 55
258 12 X 108 98
310 11 X 257 258
106 14 X 35 3
256 12 X 106 98
328 10 X 310 256
82 15 X 36 35
111 14 X 35 82
41 16 X 3 35
79 15 X 35 41
84 15 X 36 41
147 14 X 79 84
182 13 X 111 147
275 12 X 182 173
13 18 X 2 3
33 17 X 13 17
54 16 X 33 35
93 15 X 55 54
112 14 X 35 93
183 13 X 112 147
276 12 X 183 174
313 11 X 275 276
59 15 X 3 35
109 14 X 35 59
63 15 X 3 41
146 14 X 79 63
180 13 X 109 146
273 12 X 180 173
67 15 X 3 54
110 14 X 35 67
181 13 X 110 146
274 12 X 181 174
312 11 X 273 274
330 10 X 313 312
386 9 X 328 330
425 8 X 386 382
145 14 X 79 3
179 13 X 106 145
272 12 X 179 171
362 9 X 256 272
450 7 X 425 362
456 6 X 428 450
123 14 X 57 3
254 12 X 98 123
169 13 X 98 3
290 11 X 169 175
355 9 X 254 290
356 9 X 255 164
408 8 X 355 356
197 13 X 123 3
269 12 X 169 197
372 9 X 269 290
170 13 X 98 102
198 13 X 123 124
270 12 X 170 198
172 13 X 98 134
291 11 X 172 176
373 9 X 270 291
417 8 X 372 373
440 7 X 408 417
409 8 X 355 384
441 7 X 409 417
462 6 X 440 441
470 5 X 456 462
478 4 X 471 470
1 21 -1 -1 -1
5 20 X 1 3
29 17 X 5 3
161 13 X 1 29
223 12 X 3 161
160 13 X 1 3
222 12 X 3 160
453 6 X 223 222
215 12 X 3 1
60 15 X 3 36
96 14 X 3 60
253 12 X 96 1
294 11 X 215 253
326 10 X 294 215
385 9 X 326 215
424 8 X 385 215
449 7 X 424 215
452 6 X 215 449
468 5 X 452 215
476 4 X 453 468
483 3 X 478 476
217 12 X 3 102
341 9 X 217 297
395 8 X 341 3
340 9 X 217 226
431 7 X 395 340
219 12 X 3 124
343 9 X 219 225
342 9 X 219 224
396 8 X 343 342
231 12 X 3 199
345 9 X 231 225
344 9 X 219 226
398 8 X 345 344
432 7 X 396 398
323 10 X 3 219
324 10 X 3 224
383 9 X 323 324
397 8 X 343 383
433 7 X 397 398
458 6 X 432 433
466 5 X 431 458
391 8 X 333 3
427 7 X 391 332
77 15 X 35 21
80 15 X 36 3
139 14 X 77 80
264 12 X 139 98
91 15 X 55 3
141 14 X 77 91
265 12 X 141 98
311 11 X 264 265
136 14 X 77 3
263 12 X 136 98
329 10 X 311 263
81 15 X 36 21
140 14 X 77 81
78 15 X 35 37
83 15 X 36 37
144 14 X 78 83
206 13 X 140 144
288 12 X 206 173
92 15 X 55 42
142 14 X 77 92
207 13 X 142 144
289 12 X 207 174
319 11 X 288 289
137 14 X 77 57
143 14 X 78 61
204 13 X 137 143
286 12 X 204 173
138 14 X 77 64
205 13 X 138 143
287 12 X 205 174
318 11 X 286 287
331 10 X 319 318
387 9 X 329 331
426 8 X 387 3
451 7 X 426 362
455 6 X 427 451
469 5 X 455 462
477 4 X 466 469
475 4 X 453 215
482 3 X 477 475
485 2 X 483 482
7 20 X 3 1
119 14 X 48 7
25 17 X 3 11
44 16 X 25 3
114 14 X 44 7
261 12 X 119 114
95 14 X 3 7
12 19 X 8 7
30 17 X 7 12
51 16 X 30 7
68 15 X 7 51
115 14 X 44 68
85 15 X 44 3
149 14 X 85 7
187 13 X 115 149
242 12 X 95 187
86 15 X 44 48
18 18 X 8 7
31 17 X 7 18
52 16 X 31 7
69 15 X 7 52
152 14 X 86 69
211 13 X 152 149
250 12 X 95 211
305 11 X 242 250
366 9 X 261 305
412 8 X 366 95
186 13 X 114 149
241 12 X 95 186
151 14 X 86 7
210 13 X 151 149
249 12 X 95 210
304 11 X 241 249
365 9 X 261 304
444 7 X 412 365
22 18 X 12 7
32 17 X 7 22
53 16 X 32 7
70 15 X 7 53
122 14 X 48 70
159 14 X 90 7
196 13 X 122 159
285 12 X 196 187
121 14 X 48 69
195 13 X 121 159
284 12 X 195 211
317 11 X 285 284
368 9 X 261 317
414 8 X 368 3
193 13 X 119 159
282 12 X 193 186
283 12 X 193 210
316 11 X 282 283
367 9 X 261 316
113 14 X 44 3
259 12 X 118 113
191 13 X 118 158
148 14 X 85 3
184 13 X 113 148
277 12 X 191 184
150 14 X 86 3
208 13 X 150 148
278 12 X 191 208
314 11 X 277 278
363 9 X 259 314
413 8 X 367 363
445 7 X 414 413
464 6 X 444 445
14 18 X 3 11
26 17 X 3 14
46 16 X 26 3
89 15 X 46 44
157 14 X 89 7
262 12 X 119 157
185 13 X 114 95
240 12 X 95 185
209 13 X 151 95
248 12 X 95 209
303 11 X 240 248
369 9 X 262 303
415 8 X 369 95
192 13 X 119 95
214 13 X 157 95
281 12 X 192 214
376 9 X 281 303
370 9 X 262 304
420 8 X 376 370
446 7 X 415 420
279 12 X 192 185
280 12 X 192 209
315 11 X 279 280
371 9 X 262 315
416 8 X 371 3
377 9 X 281 315
156 14 X 89 3
260 12 X 118 156
364 9 X 260 314
421 8 X 377 364
447 7 X 416 421
465 6 X 446 447
474 5 X 464 465
23 17 X 1 7
105 14 X 29 23
163 13 X 1 105
239 12 X 95 163
97 14 X 3 69
168 13 X 97 95
4 20 X 1 2
15 18 X 4 1
24 17 X 1 15
43 16 X 24 1
56 15 X 1 43
94 14 X 1 56
167 13 X 94 105
268 12 X 168 167
302 11 X 239 268
353 9 X 239 302
406 8 X 353 223
390 8 X 239 223
439 7 X 406 390
162 13 X 1 95
238 12 X 95 162
166 13 X 94 95
267 12 X 168 166
301 11 X 238 267
352 9 X 238 301
405 8 X 352 222
389 8 X 238 222
438 7 X 405 389
461 6 X 439 438
454 6 X 390 389
473 5 X 461 454
233 12 X 95 1
165 13 X 94 1
266 12 X 168 165
299 11 X 233 266
327 10 X 299 233
346 9 X 233 327
399 8 X 346 215
388 8 X 233 215
434 7 X 399 388
467 5 X 434 388
479 4 X 473 467
481 3 X 474 479
234 12 X 95 114
348 9 X 234 305
403 8 X 348 95
347 9 X 234 304
45 16 X 25 26
117 14 X 45 7
235 12 X 95 117
39 16 X 3 26
87 15 X 45 39
154 14 X 87 7
190 13 X 117 154
244 12 X 95 190
50 16 X 28 26
88 15 X 45 50
155 14 X 88 7
213 13 X 155 154
252 12 X 95 213
308 11 X 244 252
349 9 X 235 308
400 8 X 347 349
436 7 X 403 400
402 8 X 348 3
116 14 X 45 3
218 12 X 3 116
101 14 X 25 3
216 12 X 3 101
295 11 X 218 216
153 14 X 87 3
188 13 X 116 153
229 12 X 3 188
49 16 X 28 25
73 15 X 25 49
128 14 X 73 3
38 16 X 3 25
72 15 X 25 38
127 14 X 72 3
200 13 X 128 127
232 12 X 3 200
298 11 X 229 232
378 9 X 295 298
401 8 X 347 378
435 7 X 402 401
459 6 X 436 435
75 15 X 26 45
133 14 X 75 7
237 12 X 95 133
189 13 X 117 95
243 12 X 95 189
212 13 X 155 95
251 12 X 95 212
307 11 X 243 251
350 9 X 237 307
404 8 X 350 95
203 13 X 133 95
247 12 X 95 203
354 9 X 247 307
351 9 X 237 308
407 8 X 354 351
437 7 X 404 407
74 15 X 26 25
131 14 X 74 7
236 12 X 95 131
300 11 X 237 236
129 14 X 73 7
201 13 X 129 95
245 12 X 95 201
306 11 X 243 245
380 9 X 300 306
422 8 X 380 3
202 13 X 131 95
246 12 X 95 202
309 11 X 247 246
381 9 X 309 306
132 14 X 75 3
221 12 X 3 132
130 14 X 74 3
220 12 X 3 130
296 11 X 221 220
379 9 X 296 298
423 8 X 381 379
448 7 X 422 423
460 6 X 437 448
472 5 X 459 460
480 3 X 472 479
484 2 X 481 480
486 1 X 485 484
