253
wfcwmw pecnru hbgjrt sdmvgs chtwnx sraybl ctlfhu uvpkvj qnqevq fvahnt wvaxqz dfblcg yrkiev dmvjhl pnbcsx njgmks
10 15 13 5 4 8 7 12 3 2 16 1 14 6 9 11
1 17 -1 -1 -1
3 17 1 -1 -1
4 16 X 1 3
2 17 0 -1 -1
11 15 X 4 2
37 13 X 11 4
82 12 X 37 4
8 15 X 3 2
17 14 X 3 8
48 13 X 17 3
60 12 X 3 48
6 16 X 3 2
10 15 X 3 6
35 13 X 10 3
80 12 X 35 48
98 11 X 60 80
29 13 X 8 3
70 12 X 29 48
118 10 X 98 70
148 9 X 82 118
131 9 X 4 3
184 7 X 148 131
214 6 X 184 131
232 5 X 214 131
5 16 X 2 3
12 15 X 4 5
39 13 X 12 4
84 12 X 39 4
9 15 X 3 5
32 13 X 9 3
18 14 X 3 9
50 13 X 18 3
75 12 X 32 50
149 9 X 84 75
185 7 X 149 3
176 7 X 131 3
215 6 X 185 176
233 5 X 215 176
243 4 X 232 233
69 12 X 29 3
143 9 X 69 118
181 7 X 143 3
212 6 X 181 3
230 5 X 212 3
74 12 X 32 3
145 9 X 74 75
183 7 X 145 3
213 6 X 183 3
231 5 X 213 3
242 4 X 230 231
248 3 X 243 242
62 12 X 4 3
96 11 X 3 62
132 9 X 4 96
164 8 X 131 132
210 6 X 131 164
158 8 X 3 96
193 7 X 164 158
211 6 X 176 193
240 4 X 210 211
206 6 X 3 158
247 3 X 240 206
251 2 X 248 247
22 14 X 5 12
20 14 X 4 12
55 13 X 22 20
94 12 X 55 3
14 14 X 2 11
19 14 X 4 11
43 13 X 14 19
88 12 X 43 3
109 11 X 94 88
41 13 X 12 20
86 12 X 41 3
38 13 X 11 19
83 12 X 38 3
106 11 X 86 83
122 10 X 109 106
27 13 X 3 18
67 12 X 27 18
23 14 X 6 10
56 13 X 23 17
95 12 X 56 17
101 11 X 67 95
34 13 X 9 18
79 12 X 34 18
31 13 X 8 18
49 13 X 17 18
73 12 X 31 49
105 11 X 79 73
120 10 X 101 105
156 9 X 122 120
133 9 X 62 3
175 8 X 156 133
205 7 X 175 133
21 14 X 5 9
53 13 X 21 18
92 12 X 53 18
13 14 X 2 8
42 13 X 13 17
87 12 X 42 17
108 11 X 92 87
121 10 X 108 105
157 9 X 122 121
25 13 X 3 5
66 12 X 25 3
134 9 X 62 66
189 7 X 157 134
227 6 X 205 189
115 10 X 88 83
152 9 X 115 60
172 8 X 152 133
202 7 X 172 133
187 7 X 152 133
224 6 X 202 187
239 5 X 227 224
54 13 X 22 19
93 12 X 54 3
40 13 X 12 19
85 12 X 40 3
117 10 X 93 85
52 13 X 21 17
51 13 X 18 17
91 12 X 52 51
33 13 X 9 17
77 12 X 33 51
116 10 X 91 77
155 9 X 117 116
174 8 X 155 133
204 7 X 174 3
64 12 X 19 3
138 9 X 64 17
24 13 X 3 2
65 12 X 24 3
127 9 X 3 65
179 7 X 138 127
226 6 X 204 179
61 12 X 3 50
113 10 X 61 3
154 9 X 117 113
173 8 X 154 133
203 7 X 173 3
112 10 X 60 3
139 9 X 64 112
180 7 X 139 3
225 6 X 203 180
238 5 X 226 225
246 4 X 239 238
78 12 X 34 3
30 13 X 8 17
71 12 X 30 3
103 11 X 78 71
36 13 X 10 17
81 12 X 36 17
100 11 X 67 81
72 12 X 30 17
104 11 X 79 72
119 10 X 100 104
151 9 X 103 119
171 8 X 151 3
201 7 X 171 3
150 9 X 103 104
7 15 X 2 5
16 14 X 3 7
47 13 X 16 7
46 13 X 16 3
90 12 X 47 46
15 14 X 3 2
44 13 X 15 2
45 13 X 15 3
89 12 X 44 45
107 11 X 90 89
128 9 X 3 107
186 7 X 150 128
223 6 X 201 186
144 9 X 71 60
168 8 X 144 3
198 7 X 168 3
59 12 X 3 45
125 9 X 3 59
182 7 X 144 125
220 6 X 198 182
237 5 X 223 220
76 12 X 33 3
146 9 X 76 77
169 8 X 146 3
199 7 X 169 3
63 12 X 17 3
136 9 X 63 17
57 12 X 2 45
123 9 X 3 57
177 7 X 136 123
221 6 X 199 177
147 9 X 76 113
170 8 X 147 3
200 7 X 170 3
137 9 X 63 112
111 10 X 59 3
129 9 X 3 111
178 7 X 137 129
222 6 X 200 178
236 5 X 221 222
245 4 X 237 236
250 3 X 246 245
28 13 X 4 19
68 12 X 28 3
26 13 X 3 17
97 11 X 26 27
110 10 X 26 97
142 9 X 68 110
167 8 X 142 133
197 7 X 167 133
102 11 X 72 73
114 10 X 87 102
153 9 X 115 114
99 11 X 65 66
135 9 X 62 99
188 7 X 153 135
219 6 X 197 188
140 9 X 68 3
165 8 X 140 133
195 7 X 165 133
217 6 X 195 187
235 5 X 219 217
141 9 X 68 26
166 8 X 141 133
196 7 X 166 3
218 6 X 196 179
194 7 X 165 3
216 6 X 194 180
234 5 X 218 216
244 4 X 235 234
58 12 X 3 17
124 9 X 3 58
159 8 X 3 124
160 8 X 3 125
190 7 X 159 160
207 6 X 3 190
126 9 X 3 60
161 8 X 3 126
191 7 X 161 160
208 6 X 3 191
228 5 X 207 208
130 9 X 3 112
163 8 X 3 130
162 8 X 3 129
192 7 X 163 162
209 6 X 3 192
229 5 X 207 209
241 4 X 228 229
249 3 X 244 241
252 2 X 250 249
253 1 X 251 252
