334
ultsgn udkmhx rirdbn vlywcq vefsmq oyitjk ttktlw sjktyh lebwxo szugfd svfien noxjam xaqiln zwgpam moyqnm tktdme
5 15 3 11 4 10 1 13 2 9 7 12 14 8 6 16
2 17 0 -1 -1
3 17 1 -1 -1
1 17 -1 -1 -1
6 16 X 3 1
13 15 X 2 6
29 14 X 13 6
108 11 X 29 6
183 9 X 108 6
12 15 X 2 1
28 14 X 12 1
107 11 X 28 1
129 10 X 1 107
188 9 X 129 1
242 8 X 183 188
22 14 X 6 2
61 12 X 22 6
101 11 X 22 61
140 10 X 22 101
195 9 X 140 6
7 15 X 1 2
19 14 X 1 7
17 14 X 1 2
56 12 X 17 1
98 11 X 17 56
139 10 X 19 98
193 9 X 139 1
247 8 X 195 193
279 7 X 242 247
123 10 X 1 6
221 8 X 123 1
138 10 X 17 101
5 16 X 2 1
18 14 X 1 5
46 13 X 18 1
23 14 X 6 5
48 13 X 23 6
79 12 X 48 6
117 11 X 48 79
143 10 X 46 117
192 9 X 138 143
99 11 X 19 1
159 10 X 99 98
10 15 X 1 5
20 14 X 1 10
47 13 X 20 1
116 11 X 47 1
77 12 X 46 1
115 11 X 46 77
175 10 X 116 115
207 9 X 159 175
245 8 X 192 207
270 7 X 221 245
302 6 X 279 270
49 12 X 3 6
89 11 X 3 49
131 10 X 3 89
225 8 X 131 1
87 11 X 3 6
130 10 X 3 87
223 8 X 130 1
272 7 X 225 223
4 16 X 1 3
15 15 X 6 3
40 13 X 6 15
50 12 X 3 40
90 11 X 3 50
133 10 X 4 90
229 8 X 133 1
88 11 X 3 40
132 10 X 4 88
227 8 X 132 1
274 7 X 229 227
299 6 X 272 274
318 5 X 302 299
134 10 X 6 108
189 9 X 134 6
243 8 X 189 188
14 15 X 6 2
24 14 X 6 14
141 10 X 24 101
196 9 X 141 6
248 8 X 196 193
280 7 X 243 248
144 10 X 47 115
194 9 X 139 144
246 8 X 194 207
261 7 X 1 246
303 6 X 280 261
210 8 X 3 1
212 8 X 4 1
281 6 X 210 212
319 5 X 303 281
327 4 X 318 319
214 8 X 6 1
16 15 X 6 5
30 14 X 16 2
70 12 X 30 22
149 10 X 70 101
201 9 X 149 6
27 14 X 10 7
68 12 X 27 19
147 10 X 68 98
199 9 X 147 1
249 8 X 201 199
266 7 X 214 249
295 6 X 266 270
284 6 X 214 221
315 5 X 295 284
31 14 X 16 14
72 12 X 31 24
69 12 X 30 6
121 11 X 70 69
150 10 X 72 121
202 9 X 150 6
26 14 X 10 2
65 12 X 26 17
64 12 X 26 1
120 11 X 65 64
148 10 X 68 120
200 9 X 148 1
250 8 X 202 200
267 7 X 214 250
296 6 X 267 261
283 6 X 214 1
316 5 X 296 283
326 4 X 315 316
331 3 X 327 326
9 15 X 1 4
8 15 X 1 3
25 14 X 9 8
102 11 X 25 8
11 15 X 1 6
51 12 X 8 11
105 11 X 25 51
161 10 X 102 105
226 8 X 131 161
103 11 X 25 11
160 10 X 102 103
224 8 X 130 160
273 7 X 226 224
44 13 X 9 25
43 13 X 9 8
113 11 X 44 43
45 13 X 11 8
53 12 X 8 45
106 11 X 25 53
173 10 X 113 106
230 8 X 133 173
104 11 X 25 45
172 10 X 113 104
228 8 X 132 172
275 7 X 230 228
300 6 X 273 275
307 5 X 284 300
39 13 X 1 25
63 12 X 25 39
32 13 X 1 8
52 12 X 8 32
119 11 X 63 52
177 10 X 119 102
211 8 X 3 177
76 12 X 44 39
75 12 X 43 32
122 11 X 76 75
178 10 X 122 113
213 8 X 4 178
282 6 X 211 213
306 5 X 283 282
321 4 X 307 306
41 13 X 6 22
71 12 X 30 41
92 11 X 6 71
181 9 X 92 6
36 13 X 1 18
67 12 X 26 36
84 11 X 1 67
127 10 X 1 84
187 9 X 127 1
241 8 X 181 187
265 7 X 214 241
35 13 X 1 17
57 12 X 17 35
80 11 X 1 57
62 12 X 22 41
91 11 X 6 62
151 10 X 80 91
85 11 X 1 77
94 11 X 6 79
153 10 X 85 94
203 9 X 151 153
58 12 X 17 36
81 11 X 1 58
125 10 X 1 81
128 10 X 1 85
185 9 X 125 128
251 8 X 203 185
271 7 X 221 251
294 6 X 265 271
21 14 X 1 11
100 11 X 21 11
215 8 X 6 100
38 13 X 1 21
34 13 X 1 11
109 11 X 38 34
163 10 X 109 100
222 8 X 123 163
285 6 X 215 222
314 5 X 294 285
42 13 X 6 24
73 12 X 31 42
93 11 X 6 73
155 10 X 93 92
205 9 X 155 6
66 12 X 26 35
83 11 X 1 66
126 10 X 1 83
186 9 X 126 1
253 8 X 205 186
268 7 X 214 253
37 13 X 1 19
59 12 X 19 37
82 11 X 1 59
152 10 X 82 80
78 12 X 47 1
86 11 X 1 78
154 10 X 86 85
204 9 X 152 154
124 10 X 1 80
184 9 X 124 128
252 8 X 204 184
262 7 X 1 252
297 6 X 268 262
60 12 X 21 38
55 12 X 11 34
118 11 X 60 55
176 10 X 118 100
216 8 X 6 176
209 8 X 1 109
286 6 X 216 209
317 5 X 297 286
325 4 X 314 317
329 3 X 321 325
333 2 X 331 329
162 10 X 107 1
208 9 X 162 1
137 10 X 17 98
190 9 X 137 1
264 7 X 208 190
142 10 X 46 115
191 9 X 137 142
97 11 X 17 1
158 10 X 97 98
114 11 X 46 1
174 10 X 114 115
206 9 X 158 174
244 8 X 191 206
260 7 X 1 244
293 6 X 264 260
313 5 X 293 1
182 9 X 107 1
263 7 X 182 190
292 6 X 263 260
312 5 X 292 1
324 4 X 313 312
145 10 X 65 98
197 9 X 145 1
254 7 X 1 197
288 6 X 254 260
308 5 X 288 1
146 10 X 65 120
198 9 X 146 1
255 7 X 1 198
289 6 X 255 260
309 5 X 289 1
322 4 X 308 309
330 3 X 324 322
110 11 X 39 32
167 10 X 110 105
236 8 X 161 167
165 10 X 110 103
235 8 X 160 165
278 7 X 236 235
136 10 X 9 106
168 10 X 110 106
232 8 X 136 168
135 10 X 9 104
166 10 X 110 104
231 8 X 135 166
276 7 X 232 231
301 6 X 278 276
305 5 X 1 301
164 10 X 110 102
218 8 X 102 164
169 10 X 110 113
217 8 X 9 169
287 6 X 218 217
304 5 X 1 287
320 4 X 305 304
180 9 X 83 1
240 8 X 180 187
259 7 X 1 240
179 9 X 80 85
238 8 X 179 185
257 7 X 1 238
291 6 X 259 257
74 12 X 32 34
112 11 X 39 74
171 10 X 112 105
220 8 X 105 171
111 11 X 39 34
170 10 X 111 103
219 8 X 103 170
269 7 X 220 219
33 13 X 1 9
54 12 X 9 33
96 11 X 9 54
157 10 X 96 106
234 8 X 157 168
95 11 X 9 33
156 10 X 95 104
233 8 X 156 166
277 7 X 234 233
298 6 X 269 277
311 5 X 291 298
239 8 X 180 186
258 7 X 1 239
237 8 X 179 184
256 7 X 1 237
290 6 X 258 256
310 5 X 290 287
323 4 X 311 310
328 3 X 320 323
332 2 X 330 328
334 1 X 333 332
