391
bjtomh utugpq ylsqzx mhxrlb mkplwu awxfgm arqwoi vzyfdr vhuxgh iqhhzl okryoh tjazrp rcddag nrxnye siesxl euzrqs
11 7 10 5 6 15 9 16 1 8 14 2 12 3 4 13
3 17 1 -1 -1
2 17 0 -1 -1
7 16 X 3 2
17 15 X 7 3
9 15 X 2 3
32 14 X 9 17
50 13 X 17 32
81 12 X 3 50
166 10 X 81 3
228 9 X 166 3
200 9 X 81 3
283 8 X 228 200
6 16 X 2 3
15 15 X 6 3
38 14 X 15 3
43 13 X 3 38
80 12 X 3 43
1 17 -1 -1 -1
135 11 X 80 1
112 11 X 3 1
184 10 X 135 112
251 9 X 184 112
4 16 X 1 2
13 15 X 4 1
8 15 X 2 1
30 14 X 8 13
46 13 X 13 30
73 12 X 1 46
137 11 X 80 73
215 9 X 137 112
299 8 X 251 215
326 7 X 283 299
12 15 X 3 7
10 15 X 3 2
35 14 X 12 10
33 14 X 10 12
64 13 X 35 33
16 15 X 7 2
27 14 X 7 16
19 14 X 2 7
60 13 X 27 19
111 12 X 64 60
159 11 X 111 81
110 12 X 64 3
158 11 X 110 3
196 10 X 159 158
257 9 X 196 3
221 9 X 159 3
303 8 X 257 221
11 15 X 3 6
21 14 X 3 11
25 14 X 6 3
55 13 X 21 25
83 12 X 3 55
140 11 X 83 1
185 10 X 140 112
252 9 X 185 112
141 11 X 83 73
218 9 X 141 112
300 8 X 252 218
342 7 X 303 300
359 6 X 326 342
162 10 X 50 3
39 14 X 17 3
31 14 X 9 3
68 13 X 39 31
164 10 X 68 3
225 9 X 162 164
198 9 X 50 68
280 8 X 225 198
5 16 X 2 1
14 15 X 5 1
37 14 X 14 1
40 13 X 1 37
90 12 X 40 46
120 11 X 43 90
36 14 X 13 1
29 14 X 8 1
66 13 X 36 29
91 12 X 40 66
121 11 X 43 91
205 9 X 120 121
269 8 X 112 205
323 7 X 280 269
133 11 X 60 50
179 10 X 133 3
244 9 X 179 164
213 9 X 133 68
293 8 X 244 213
130 11 X 55 90
209 9 X 130 121
273 8 X 112 209
336 7 X 293 273
357 6 X 323 336
373 5 X 359 357
167 10 X 81 80
229 9 X 167 3
284 8 X 228 229
71 12 X 1 40
136 11 X 80 71
214 9 X 136 112
298 8 X 251 214
327 7 X 284 298
224 9 X 162 3
163 10 X 50 43
226 9 X 163 3
279 8 X 224 226
119 11 X 43 40
204 9 X 119 112
268 8 X 112 204
322 7 X 279 268
243 9 X 179 3
129 11 X 55 43
182 10 X 133 129
249 9 X 182 3
292 8 X 243 249
128 11 X 55 40
208 9 X 128 112
272 8 X 112 208
335 7 X 292 272
356 6 X 322 335
366 5 X 327 356
382 4 X 373 366
77 12 X 3 17
165 10 X 77 3
227 9 X 165 3
199 9 X 77 3
281 8 X 227 199
69 12 X 1 13
113 11 X 3 69
201 9 X 113 112
265 8 X 112 201
324 7 X 281 265
63 13 X 35 12
59 13 X 27 7
109 12 X 63 59
157 11 X 109 77
34 14 X 12 3
88 12 X 34 3
142 11 X 88 3
195 10 X 157 142
256 9 X 195 3
220 9 X 157 3
302 8 X 256 220
54 13 X 21 3
82 12 X 3 54
138 11 X 82 69
216 9 X 138 112
275 8 X 112 216
341 7 X 302 275
358 6 X 324 341
160 10 X 17 3
161 10 X 39 3
223 9 X 160 161
197 9 X 17 39
278 8 X 223 197
70 12 X 1 36
114 11 X 3 70
202 9 X 113 114
266 8 X 112 202
321 7 X 278 266
132 11 X 59 17
177 10 X 132 3
239 9 X 177 161
212 9 X 132 39
289 8 X 239 212
332 7 X 289 266
355 6 X 321 332
372 5 X 358 355
307 7 X 227 112
222 9 X 160 3
306 7 X 222 112
238 9 X 177 3
288 8 X 238 3
331 7 X 288 112
347 6 X 306 331
365 5 X 307 347
381 4 X 372 365
387 3 X 382 381
85 12 X 3 68
118 11 X 3 85
172 10 X 118 3
231 9 X 172 3
20 14 X 3 10
22 14 X 3 12
53 13 X 20 22
102 12 X 53 60
150 11 X 102 81
190 10 X 150 81
41 13 X 3 22
92 12 X 41 3
144 11 X 92 3
255 9 X 190 144
287 8 X 231 255
277 8 X 112 218
330 7 X 287 277
52 13 X 20 3
23 14 X 3 16
56 13 X 23 3
100 12 X 52 56
24 14 X 3 17
57 13 X 24 3
84 12 X 3 57
148 11 X 100 84
219 9 X 148 3
286 8 X 231 219
18 14 X 1 13
51 13 X 18 1
74 12 X 1 51
139 11 X 82 74
217 9 X 139 112
276 8 X 112 217
329 7 X 286 276
361 6 X 330 329
181 10 X 133 50
28 14 X 7 17
62 13 X 28 19
108 12 X 62 68
99 12 X 50 68
156 11 X 108 99
49 13 X 17 19
97 12 X 49 68
147 11 X 97 99
194 10 X 156 147
248 9 X 181 194
264 8 X 3 248
104 12 X 55 43
152 11 X 104 91
210 9 X 130 152
274 8 X 112 210
320 7 X 264 274
58 13 X 27 3
47 13 X 17 3
131 11 X 58 47
67 13 X 39 3
95 12 X 47 67
211 9 X 131 95
258 8 X 3 211
45 13 X 13 1
72 12 X 1 45
115 11 X 3 72
65 13 X 36 1
75 12 X 1 65
116 11 X 3 75
203 9 X 115 116
267 8 X 112 203
312 7 X 258 267
354 6 X 320 312
375 5 X 361 354
168 10 X 84 3
230 9 X 168 3
285 8 X 228 230
297 8 X 251 112
328 7 X 285 297
360 6 X 327 328
107 12 X 62 3
98 12 X 50 3
155 11 X 107 98
193 10 X 155 3
246 9 X 179 193
180 10 X 133 43
247 9 X 180 3
295 8 X 246 247
338 7 X 295 272
171 10 X 98 3
245 9 X 179 171
126 11 X 54 3
176 10 X 131 126
94 12 X 47 3
236 9 X 176 94
294 8 X 245 236
337 7 X 294 112
363 6 X 338 337
374 5 X 360 363
383 4 X 375 374
26 14 X 7 3
78 12 X 3 26
79 12 X 3 39
134 11 X 78 79
183 10 X 134 3
250 9 X 183 3
101 12 X 53 59
149 11 X 101 77
189 10 X 149 77
254 9 X 189 144
296 8 X 250 254
339 7 X 296 275
89 12 X 34 26
143 11 X 89 79
187 10 X 143 142
42 13 X 3 34
93 12 X 42 3
145 11 X 93 3
186 10 X 142 145
253 9 X 187 186
301 8 X 253 219
340 7 X 301 276
364 6 X 339 340
178 10 X 132 17
61 13 X 28 7
106 12 X 61 39
87 12 X 17 39
154 11 X 106 87
48 13 X 17 7
96 12 X 48 39
146 11 X 96 87
192 10 X 154 146
242 9 X 178 192
263 8 X 3 242
127 11 X 54 69
103 12 X 54 3
151 11 X 103 70
207 9 X 127 151
271 8 X 112 207
319 7 X 263 271
353 6 X 319 312
376 5 X 364 353
282 8 X 227 230
325 7 X 282 112
348 6 X 307 325
105 12 X 61 3
86 12 X 17 3
153 11 X 105 86
191 10 X 153 3
241 9 X 177 191
291 8 X 241 238
125 11 X 54 1
206 9 X 125 112
270 8 X 112 206
334 7 X 291 270
169 10 X 86 3
240 9 X 177 169
170 10 X 94 3
237 9 X 176 170
290 8 X 240 237
333 7 X 290 112
362 6 X 334 333
369 5 X 348 362
384 4 X 376 369
388 3 X 383 384
390 2 X 387 388
304 7 X 3 112
123 11 X 52 3
174 10 X 123 3
233 9 X 174 3
310 7 X 233 112
344 6 X 304 310
44 13 X 10 3
122 11 X 44 3
173 10 X 122 3
232 9 X 173 3
308 7 X 232 112
343 6 X 304 308
367 5 X 344 343
377 4 X 367 304
76 12 X 3 1
117 11 X 3 76
305 7 X 3 117
311 7 X 233 117
346 6 X 305 311
309 7 X 232 117
345 6 X 305 309
368 5 X 346 345
378 4 X 368 305
385 3 X 377 378
124 11 X 53 3
175 10 X 124 3
234 9 X 175 144
261 8 X 3 234
317 7 X 261 112
260 8 X 3 233
315 7 X 260 112
350 6 X 317 315
259 8 X 3 232
313 7 X 259 112
349 6 X 317 313
370 5 X 350 349
379 4 X 370 304
188 10 X 144 3
235 9 X 175 188
262 8 X 3 235
318 7 X 262 117
316 7 X 260 117
352 6 X 318 316
314 7 X 259 117
351 6 X 318 314
371 5 X 352 351
380 4 X 371 305
386 3 X 379 380
389 2 X 385 386
391 1 X 390 389
