422
tavbmd bwvvtg bxxfqk huooze npsizr wcgpyx uqcrdh ijfgyf rsovns yjhpwk nswnph knftoj dzyxej dylvkm woyqhz dehyjq dmcwxo dkjyur
12 15 4 9 5 17 3 14 7 2 1 6 11 10 18 13 8 16
3 19 1 -1 -1
1 19 -1 -1 -1
9 17 X 1 3
94 14 X 3 9
165 12 X 94 1
2 19 0 -1 -1
4 18 X 1 2
10 17 X 1 4
23 16 X 1 10
52 15 X 1 23
107 14 X 52 1
141 13 X 1 107
175 12 X 94 141
276 10 X 165 175
324 9 X 165 276
135 13 X 1 52
173 12 X 94 135
275 10 X 165 173
323 9 X 165 275
369 7 X 324 323
6 18 X 2 3
12 17 X 1 6
33 16 X 9 12
74 15 X 9 33
96 14 X 3 74
144 13 X 94 96
201 12 X 144 1
252 11 X 165 201
15 17 X 3 6
25 16 X 3 15
59 15 X 3 25
115 14 X 59 74
14 17 X 3 2
24 16 X 3 14
58 15 X 3 24
8 17 X 1 2
32 16 X 9 8
73 15 X 9 32
114 14 X 58 73
155 13 X 115 114
212 12 X 155 135
258 11 X 165 212
305 10 X 252 258
339 9 X 252 305
286 10 X 165 252
288 10 X 165 258
341 9 X 286 288
373 7 X 339 341
391 6 X 369 373
222 11 X 3 165
289 10 X 222 165
342 9 X 289 165
367 7 X 289 342
402 5 X 391 367
170 12 X 94 107
274 10 X 165 170
322 9 X 165 274
167 12 X 94 52
273 10 X 165 167
321 9 X 165 273
368 7 X 322 321
7 18 X 3 2
16 17 X 3 7
26 16 X 3 16
60 15 X 3 26
13 17 X 1 7
34 16 X 9 13
75 15 X 9 34
116 14 X 60 75
188 12 X 116 52
239 11 X 165 188
285 10 X 165 239
331 9 X 165 285
390 6 X 368 331
401 5 X 390 367
412 4 X 402 401
332 9 X 222 165
366 7 X 222 332
385 6 X 165 331
294 10 X 222 239
346 9 X 289 294
344 9 X 289 285
375 7 X 346 344
388 6 X 367 375
399 5 X 385 388
410 4 X 366 399
416 3 X 412 410
29 16 X 6 3
30 16 X 6 15
84 15 X 29 30
5 18 X 2 1
20 17 X 5 6
46 16 X 20 9
47 16 X 20 12
90 15 X 46 47
128 14 X 84 90
162 13 X 128 94
219 12 X 162 1
264 11 X 165 219
98 14 X 29 9
178 12 X 98 1
233 11 X 165 178
313 10 X 264 233
40 16 X 16 3
87 15 X 40 16
37 16 X 13 9
86 15 X 37 13
131 14 X 87 86
147 13 X 94 131
35 16 X 10 1
85 15 X 35 10
137 13 X 1 85
204 12 X 147 137
163 13 X 128 131
220 12 X 163 137
271 11 X 204 220
101 14 X 40 9
145 13 X 94 101
100 14 X 35 1
138 13 X 1 100
202 12 X 145 138
21 17 X 6 2
48 16 X 21 3
103 14 X 48 9
148 13 X 98 103
205 12 X 148 138
269 11 X 202 205
318 10 X 271 269
358 9 X 313 318
199 12 X 128 1
250 11 X 165 199
127 14 X 84 46
198 12 X 127 1
249 11 X 165 198
303 10 X 250 249
49 16 X 21 14
91 15 X 48 49
18 17 X 5 2
44 16 X 18 9
43 16 X 18 8
89 15 X 44 43
133 14 X 91 89
164 13 X 128 133
221 12 X 164 137
272 11 X 204 221
130 14 X 87 37
146 13 X 94 130
129 14 X 85 35
142 13 X 1 129
203 12 X 146 142
132 14 X 91 44
161 13 X 127 132
218 12 X 161 142
270 11 X 203 218
319 10 X 272 270
354 9 X 303 319
379 7 X 358 354
62 15 X 3 30
82 15 X 9 47
119 14 X 62 82
191 12 X 119 1
242 11 X 165 191
61 15 X 3 29
81 15 X 9 46
117 14 X 61 81
189 12 X 117 1
240 11 X 165 189
298 10 X 242 240
67 15 X 3 49
78 15 X 9 43
124 14 X 67 78
158 13 X 119 124
51 15 X 1 10
134 13 X 1 51
215 12 X 158 134
261 11 X 165 215
66 15 X 3 48
79 15 X 9 44
123 14 X 66 79
156 13 X 117 123
53 15 X 1 35
136 13 X 1 53
213 12 X 156 136
259 11 X 165 213
309 10 X 261 259
350 9 X 298 309
118 14 X 62 81
190 12 X 118 1
241 11 X 165 190
299 10 X 242 241
125 14 X 67 79
157 13 X 118 125
106 14 X 51 53
140 13 X 1 106
214 12 X 157 140
260 11 X 165 214
310 10 X 261 260
351 9 X 299 310
377 7 X 350 351
394 6 X 379 377
405 5 X 394 367
99 14 X 29 46
149 13 X 99 94
206 12 X 149 1
253 11 X 165 206
306 10 X 253 165
102 14 X 40 37
181 12 X 102 85
104 14 X 48 44
150 13 X 104 102
207 12 X 150 85
267 11 X 181 207
168 12 X 94 100
316 10 X 267 168
355 9 X 306 316
27 16 X 5 1
11 17 X 1 5
28 16 X 5 11
83 15 X 27 28
180 12 X 99 83
179 12 X 99 1
265 11 X 180 179
314 10 X 265 165
42 16 X 18 1
88 15 X 42 43
183 12 X 104 88
182 12 X 104 85
268 11 X 183 182
317 10 X 268 168
359 9 X 314 317
364 8 X 355 359
234 11 X 165 179
295 10 X 234 165
266 11 X 181 182
171 12 X 94 129
315 10 X 266 171
349 9 X 295 315
382 7 X 364 349
22 17 X 6 3
50 16 X 22 3
68 15 X 3 50
19 17 X 5 3
45 16 X 19 9
80 15 X 9 45
126 14 X 68 80
195 12 X 126 1
246 11 X 165 195
57 15 X 3 16
71 15 X 9 13
112 14 X 57 71
186 12 X 112 51
237 11 X 165 186
65 15 X 3 40
77 15 X 9 37
122 14 X 65 77
194 12 X 122 53
245 11 X 165 194
297 10 X 237 245
335 9 X 246 297
113 14 X 57 77
187 12 X 113 106
238 11 X 165 187
296 10 X 237 238
334 9 X 246 296
371 7 X 335 334
396 6 X 382 371
407 5 X 396 367
414 4 X 405 407
17 17 X 5 1
41 16 X 17 1
196 12 X 126 41
247 11 X 165 196
336 9 X 247 297
54 15 X 1 41
197 12 X 126 54
248 11 X 165 197
337 9 X 248 296
372 7 X 336 337
386 6 X 165 372
97 14 X 3 80
92 14 X 1 41
176 12 X 97 92
231 11 X 165 176
290 10 X 222 231
293 10 X 222 238
347 9 X 290 293
93 14 X 1 54
177 12 X 97 93
232 11 X 165 177
291 10 X 222 232
284 10 X 165 238
348 9 X 291 284
376 7 X 347 348
389 6 X 367 376
400 5 X 386 389
411 4 X 366 400
418 3 X 414 411
420 2 X 416 418
230 11 X 165 175
282 10 X 165 230
330 9 X 165 282
105 14 X 51 1
139 13 X 1 105
174 12 X 94 139
229 11 X 165 174
281 10 X 165 229
329 9 X 165 281
361 8 X 330 329
228 11 X 165 173
280 10 X 165 228
328 9 X 165 280
172 12 X 94 134
227 11 X 165 172
279 10 X 165 227
327 9 X 165 279
360 8 X 328 327
380 7 X 361 360
70 15 X 9 12
95 14 X 3 70
143 13 X 94 95
200 12 X 143 1
251 11 X 165 200
56 15 X 3 15
111 14 X 56 70
55 15 X 3 14
69 15 X 9 8
109 14 X 55 69
153 13 X 111 109
210 12 X 153 134
256 11 X 165 210
304 10 X 251 256
338 9 X 252 304
362 8 X 339 338
287 10 X 165 256
340 9 X 286 287
363 8 X 341 340
381 7 X 362 363
395 6 X 380 381
406 5 X 395 367
226 11 X 165 170
278 10 X 165 226
326 9 X 165 278
224 11 X 165 167
277 10 X 165 224
325 9 X 165 277
370 7 X 326 325
392 6 X 370 331
403 5 X 392 367
415 4 X 406 403
419 3 X 415 410
152 13 X 111 94
209 12 X 152 1
255 11 X 165 209
110 14 X 56 9
184 12 X 110 1
235 11 X 165 184
307 10 X 255 235
154 13 X 111 112
211 12 X 154 134
257 11 X 165 211
108 14 X 55 9
151 13 X 110 108
208 12 X 151 139
254 11 X 165 208
308 10 X 257 254
356 9 X 307 308
185 12 X 111 1
236 11 X 165 185
333 9 X 236 256
378 7 X 356 333
393 6 X 378 333
404 5 X 393 367
39 16 X 15 3
64 15 X 3 39
36 16 X 12 9
76 15 X 9 36
121 14 X 64 76
160 13 X 121 94
217 12 X 160 1
263 11 X 165 217
312 10 X 263 165
38 16 X 14 3
63 15 X 3 38
31 16 X 8 9
72 15 X 9 31
120 14 X 63 72
159 13 X 120 122
216 12 X 159 51
262 11 X 165 216
169 12 X 94 105
225 11 X 165 169
311 10 X 262 225
357 9 X 312 311
193 12 X 121 1
244 11 X 165 193
302 10 X 244 165
192 12 X 120 51
243 11 X 165 192
301 10 X 243 225
353 9 X 302 301
365 8 X 357 353
166 12 X 94 51
223 11 X 165 166
300 10 X 243 223
352 9 X 302 300
383 7 X 365 352
320 9 X 165 237
397 6 X 383 320
408 5 X 397 367
413 4 X 404 408
384 6 X 165 320
292 10 X 222 237
345 9 X 289 292
283 10 X 165 237
343 9 X 289 283
374 7 X 345 343
387 6 X 367 374
398 5 X 384 387
409 4 X 366 398
417 3 X 413 409
421 2 X 419 417
422 1 X 420 421
